0,2.1601,-7.1403,-1.6818,-0.36335,-0.95911,1.0542,-0.51164,0.63312,-4.6672,-4.4069,-2.3029,2.1176,7.1537,-2.0431,-0.2922,-0.78161,1.0266,3.3013,1.9957,3.9306,2.1601,0,-0.22843,-0.28778,-1.7427,-1.6123,-0.24365,1.1942,-3.8218,0.17576,0.91306,-0.080267,0.29411,2.8341,-0.87294,-0.63626,0.77446,-1.1076,2.6393,-0.96687,-0.95557,-7.1403,-0.22843,0,1.863,-3.7943,0.20022,0.26367,-0.0059993,0.11809,6.6225,5.241,5.3474,3.7953,-4.3846,1.8342,-3.0666,1.7084,-2.7787,-4.2232,-2.3859,-5.0807,-1.6818,-0.28778,1.863,0,-3.774,-0.20642,-0.57488,10.367,4.1271,2.811,4.8067,-0.72289,-0.28219,-1.9356,1.3193,-4.3387,5.937,-2.723,6.8028,-1.5774,1.1375,-0.36335,-1.7427,-3.7943,-3.774,0,4.966,-2.9492,-0.85377,-2.289,-4.2883,-2.971,-2.7306,-1.9575,-0.56056,-2.7542,1.7831,-3.9856,2.6673,0.43542,1.1559,2.6236,-0.95911,-1.6123,0.20022,-0.20642,4.966,0,-1.9163,1.9153,2.9025,0.60162,1.6804,-2.2573,-0.90218,-2.459,-0.77153,-0.58207,-1.5896,0.53318,1.2772,0.55447,-2.0158,1.0542,-0.24365,0.26367,-0.57488,-2.9492,-1.9163,0,-2.7966,0.94782,-1.6531,-2.6471,-0.17012,-0.43078,3.001,-3.4853,3.4729,-3.8416,-1.773,-4.0509,4.1202,-2.8052,-0.51164,1.1942,-0.0059993,10.367,-0.85377,1.9153,-2.7966,0,3.4941,1.0096,5.7514,-2.6557,-1.7898,-1.6012,-0.85077,-1.4922,6.1207,-0.53599,7.5616,-1.0012,2.2715,0.63312,-3.8218,0.11809,4.1271,-2.289,2.9025,0.94782,3.4941,0,4.5872,-0.49853,1.7953,-1.0027,-3.4461,1.3241,-0.79875,1.3127,-5.6949,0.8605,-1.0996,-1.2281,-4.6672,0.17576,6.6225,2.811,-4.2883,0.60162,-1.6531,1.0096,4.5872,0,3.8758,7.632,-0.51101,-7.1685,3.5414,-2.9565,2.5504,-8.1161,-1.9109,-4.9665,-4.4455,-4.4069,0.91306,5.241,4.8067,-2.971,1.6804,-2.6471,5.7514,-0.49853,3.8758,0,0.3232,-0.45421,-2.3717,0.71637,-2.304,7.6621,0.95447,0.76348,-1.0765,-1.7842,-2.3029,-0.080267,5.3474,-0.72289,-2.7306,-2.2573,-0.17012,-2.6557,1.7953,7.632,0.3232,0,1.4574,-4.6757,4.2198,-2.0773,-0.62207,-7.8751,-3.783,-1.9657,-6.2562,2.1176,0.29411,3.7953,-0.28219,-1.9575,-0.90218,-0.43078,-1.7898,-1.0027,-0.51101,-0.45421,1.4574,0,-0.34136,0.73409,-3.1745,-0.34392,0.11054,-2.2236,0.3696,1.6805,7.1537,2.8341,-4.3846,-1.9356,-0.56056,-2.459,3.001,-1.6012,-3.4461,-7.1685,-2.3717,-4.6757,-0.34136,0,-4.4258,0.74934,-0.011083,5.219,1.7479,4.7195,2.7358,-2.0431,-0.87294,1.8342,1.3193,-2.7542,-0.77153,-3.4853,-0.85077,1.3241,3.5414,0.71637,4.2198,0.73409,-4.4258,0,-4.736,0.6626,-3.1497,1.9807,-3.7904,-3.1142,-0.2922,-0.63626,-3.0666,-4.3387,1.7831,-0.58207,3.4729,-1.4922,-0.79875,-2.9565,-2.304,-2.0773,-3.1745,0.74934,-4.736,0,-4.0269,2.2775,-2.7145,4.0025,-1.6687,-0.78161,0.77446,1.7084,5.937,-3.9856,-1.5896,-3.8416,6.1207,1.3127,2.5504,7.6621,-0.62207,-0.34392,-0.011083,0.6626,-4.0269,0,1.2772,2.3991,0.47289,2.1761,1.0266,-1.1076,-2.7787,-2.723,2.6673,0.53318,-1.773,-0.53599,-5.6949,-8.1161,0.95447,-7.8751,0.11054,5.219,-3.1497,2.2775,1.2772,0,-0.31231,4.6352,4.7037,3.3013,2.6393,-4.2232,6.8028,0.43542,1.2772,-4.0509,7.5616,0.8605,-1.9109,0.76348,-3.783,-2.2236,1.7479,1.9807,-2.7145,2.3991,-0.31231,0,-1.8489,2.2764,1.9957,-0.96687,-2.3859,-1.5774,1.1559,0.55447,4.1202,-1.0012,-1.0996,-4.9665,-1.0765,-1.9657,0.3696,4.7195,-3.7904,4.0025,0.47289,4.6352,-1.8489,0,-0.2704,3.9306,-0.95557,-5.0807,1.1375,2.6236,-2.0158,-2.8052,2.2715,-1.2281,-4.4455,-1.7842,-6.2562,1.6805,2.7358,-3.1142,-1.6687,2.1761,4.7037,2.2764,-0.2704,0
