0,7.578,16.049,-20.56,-1.8511,14.513,-18.813,9.2758,11.431,-1.9151,-15.139,3.0102,-7.0907,14.93,-25.903,-7.0679,-17.895,7.8805,21.777,-16.197,-13.942,19.305,10.536,-13.339,-3.6138,-11.694,3.816,13.416,20.583,12.927,-0.39886,-5.9589,1.3725,-20.613,-3.3449,3.2335,12.781,3.9993,-17.527,4.5877,2.3279,-20.792,-15.372,10.45,-0.83611,-17.053,0.010896,34.783,31.491,0.10611,-12.31,8.0422,18.286,4.9944,-9.6749,7.578,0,8.516,-18.906,-28.874,25.012,6.4823,-5.3338,8.3267,-27.269,0.048371,-10.872,-14.278,0.67931,-4.5348,-2.6086,-20.935,27.989,9.1442,8.1212,-21.875,9.3056,0.11322,-21.28,-7.0148,-2.1988,29.917,24.917,-2.0718,-11.792,-25.86,-7.0076,9.3559,-22.906,-27.584,-15.563,26.382,33.7,-25.946,6.6384,25.471,5.1411,9.9125,6.1011,8.1616,-6.0017,-17.441,14.755,5.0088,19.136,9.2196,-5.455,7.2848,7.0317,-12.602,16.049,8.516,0,-9.0578,-1.0332,9.5362,-4.7381,8.1069,8.1692,-5.5648,-4.596,9.7068,-26.892,9.9221,-8.1472,5.4573,-8.1164,1.3422,22.498,-6.7105,-16.45,14.039,26.395,-5.3212,10.391,4.0447,0.91105,4.8386,3.4797,7.3937,-2.4964,-11.931,0.98915,-21.505,-11.852,-5.2253,9.7563,1.8778,-15.274,-5.8997,-1.9718,-8.7628,-6.5451,-5.541,-11.366,-6.6381,6.4284,15.018,11.493,-5.3895,1.6444,-2.768,2.687,1.4948,1.0719,-20.56,-18.906,-9.0578,0,15.968,-38.733,6.1051,-5.593,-5.4668,14.418,4.5694,3.9221,6.3444,-13.228,22.419,14.668,60.47,-21.746,-10.169,2.1937,13.534,-23.655,-0.035858,39.837,9.4511,9.4757,-14.066,-36.156,-12.893,-0.057139,7.6937,0.064505,-0.70627,24.379,8.5741,6.716,-33.019,-14.852,32.616,-15.89,-14.126,8.1323,2.91,-15.381,-11.013,8.6852,10.111,-26.44,-21.944,-13.508,3.8937,0.12672,-13.973,-2.0196,12.638,-1.8511,-28.874,-1.0332,15.968,0,-22.327,-10.438,4.8803,-0.66875,34.829,-6.3009,12.713,6.4737,-0.65253,3.2317,7.7101,18.532,-27.905,-0.14595,-15.068,9.9546,-7.8245,8.2807,22.616,9.4881,0.89702,-26.893,-23.588,3.0784,18.681,20.128,-1.1718,-4.1714,12.546,16.748,19.829,-24.01,-29.677,17.872,-13.575,-30.621,-8.5215,-14.675,-7.6216,-17.32,-0.56356,21.867,-7.5069,-2.3812,-32.67,-10.524,9.5399,-3.1384,-1.4773,9.5208,14.513,25.012,9.5362,-38.733,-22.327,0,-0.84456,4.3607,3.2873,-22.327,-0.018539,-4.1708,-9.3777,11.395,-15.92,-11.978,-43.984,23.348,8.0248,2.7172,-13.933,22.431,-0.56139,-43.342,-6.9263,-4.5017,16.552,35.876,7.2846,-4.2277,-10.66,0.19204,0.4155,-25.658,-12.821,-12.85,60.548,18.083,-40.503,15.099,16.671,-3.6581,1.6005,10.613,11.529,-4.7003,-11.207,19.99,15.741,16.327,1.4721,-5.1292,8.7067,0.3047,-9.7154,-18.813,6.4823,-4.7381,6.1051,-10.438,-0.84456,0,-11.3,-6.0263,-12.031,18.361,-6.7111,-4.774,-12.017,18.236,7.44,4.3161,2.6183,-9.6797,37.036,0.6724,-8.017,-6.7411,1.7877,3.0734,14.791,7.1093,-1.4931,-30.001,-29.537,-11.662,0.41162,3.0863,3.1811,-10.907,-17.512,0.75756,7.6798,1.6194,-2.1729,7.5768,34.139,37.366,-9.8432,3.3452,13.021,-6.9715,-11.435,-18.928,8.2354,35.79,-17.246,-14.259,-2.1734,4.5209,9.2758,-5.3338,8.1069,-5.593,4.8803,4.3607,-11.3,0,-10.239,1.2325,3.1054,23.683,-0.52424,34.384,-16.412,-9.386,-4.4836,-6.5534,0.53458,-8.5314,5.6769,18.533,5.519,-3.7366,9.3254,3.6083,-12.463,-0.013286,14.761,14.483,17.454,10.591,-24.771,-3.374,8.274,-0.77344,4.1361,-11.167,-4.4468,6.002,-11.261,-19.895,-16.069,-1.3129,-1.7934,5.3646,14.842,3.6016,16.625,-7.5972,-8.5595,-4.6644,-3.4087,-18.329,11.024,11.431,8.3267,8.1692,-5.4668,-0.66875,3.2873,-6.0263,-10.239,0,1.4586,-24.213,-9.1527,-7.8294,-6.438,-1.5066,6.9734,-4.9348,8.0565,23.694,-8.9019,-22.434,-1.6194,9.8537,-2.3378,-7.036,-12.505,10.057,6.0891,1.8937,3.0953,-11.656,-27.852,25.855,-10.852,-9.8667,7.0129,2.4465,9.1501,-6.2644,-7.4079,6.507,-2.0198,-2.6027,5.9303,-5.7336,-33.473,-6.6084,15.179,3.2264,0.59119,-3.4671,15.506,19.789,34.009,-18.769,-1.9151,-27.269,-5.5648,14.418,34.829,-22.327,-12.031,1.2325,1.4586,0,-9.7928,6.0766,11.769,-3.2806,2.9364,4.7845,16.507,-18.384,-1.0909,-15.857,10.097,-10.562,3.6302,19.393,2.5798,-4.6957,-18.358,-18.22,4.607,16.305,16.45,-0.78972,-1.0621,14.758,19.823,30.973,-25.385,-20.777,20.004,-9.9456,-18.973,-7.6385,-13.762,-1.9172,-11.044,-3.6055,12.827,-6.706,-2.7423,-19.703,-14.441,15.832,1.1531,2.1089,3.7998,-15.139,0.048371,-4.596,4.5694,-6.3009,-0.018539,18.361,3.1054,-24.213,-9.7928,0,4.1374,-0.42097,1.0733,7.0696,-1.0811,3.3346,-2.9357,-17.825,21.663,10.232,0.20727,-8.1034,0.46503,8.2985,21.074,-2.1207,-3.1458,-11.271,-12.804,1.0369,13.507,-12.43,5.504,-1.1215,-18.423,1.5076,-1.0816,1.9685,4.2262,-0.098007,11.118,12.985,-10.373,5.2428,36.914,1.4085,-14.1,-8.2645,4.0125,16.027,-31.833,-25.766,-19.45,15.579,3.0102,-10.872,9.7068,3.9221,12.713,-4.1708,-6.7111,23.683,-9.1527,6.0766,4.1374,0,-3.6027,14.561,-4.7389,2.0264,5.0721,-17.868,0.75396,-7.8956,6.8787,7.5548,12.331,6.301,23.58,11.3,-22.584,-10.085,4.9805,15.155,19.987,4.4635,-18.444,1.0488,7.5136,0.73314,-3.8856,-20.149,2.2023,-5.0557,-23.714,-12.479,-13.233,-12.51,-12.729,7.6559,33.869,-2.589,6.0133,-19.471,-3.5084,-5.539,-10.221,-15.901,21.684,-7.0907,-14.278,-26.892,6.3444,6.4737,-9.3777,-4.774,-0.52424,-7.8294,11.769,-0.42097,-3.6027,0,-2.2966,0.43135,-10.123,6.3947,-4.2241,-15.837,-2.2461,19.55,-7.7952,-17.56,4.8121,-9.8147,-8.6106,-6.2887,-5.1261,5.5252,2.0804,10.331,14.656,-5.3393,19.436,23.9,12.338,-10.44,-7.4596,14.621,7.5707,-3.1844,-1.3332,-3.3209,8.9832,9.0279,3.2646,-1.0917,-9.5855,-2.9949,0.51929,-11.586,7.9631,1.0674,-3.3073,-0.66097,14.93,0.67931,9.9221,-13.228,-0.65253,11.395,-12.017,34.384,-6.438,-3.2806,1.0733,14.561,-2.2966,0,-25.805,-13.951,-11.911,0.28569,3.5353,-7.8952,0.74341,30.295,4.2992,-10.85,4.0681,-0.23883,-5.1609,6.8974,18.85,11.528,10.094,8.9833,-17.483,-9.0969,4.0225,-2.8762,10.86,-4.1726,-11.071,10.745,-4.3167,-20.746,-14.231,3.6819,2.2932,1.6276,7.5365,9.6634,25.74,-1.837,-8.8285,-3.9053,1.4238,-13.197,4.529,-25.903,-4.5348,-8.1472,22.419,3.2317,-15.92,18.236,-16.412,-1.5066,2.9364,7.0696,-4.7389,0.43135,-25.805,0,18.502,19.862,-7.2696,-8.2956,11.865,4.5131,-26.872,-2.4034,17.08,5.0409,10.605,-1.3372,-14.316,-31.402,-11.423,-4.436,-4.493,6.9594,13.043,-2.4522,-1.3934,-14.09,-1.6768,14.968,-14.094,-1.8399,23.441,15.487,-13.929,-5.9956,7.3989,-0.14608,-19.461,-49.849,-2.7911,14.899,-3.9243,-12.371,3.1127,5.7279,-7.0679,-2.6086,5.4573,14.668,7.7101,-11.978,7.44,-9.386,6.9734,4.7845,-1.0811,2.0264,-10.123,-13.951,18.502,0,14.64,-9.3796,5.1676,1.2935,-4.3978,-13.069,12.974,16.642,12.39,10.182,-3.4001,-13.553,-17.046,-1.2006,-3.6541,-17.336,9.793,2.6012,-6.8637,0.98643,-10.873,-3.454,7.2189,-38.638,-6.4671,8.5835,4.8111,-19.665,-22.139,-0.82136,6.4673,-6.198,-14.255,-11.277,10.365,-0.36368,-6.803,7.2759,5.3482,-17.895,-20.935,-8.1164,60.47,18.532,-43.984,4.3161,-4.4836,-4.9348,16.507,3.3346,5.0721,6.3947,-11.911,19.862,14.64,0,-24.224,-8.9759,0.40687,13.479,-22.047,1.1188,47.319,10.005,8.7629,-15.869,-41.604,-11.064,1.7682,9.0796,-0.263,-1.0631,23.724,9.5993,8.1551,-36.846,-16.8,33.296,-16.743,-16.167,6.2517,1.1088,-15.198,-12.415,7.6867,11.713,-23.912,-19.193,-15.685,2.4191,1.1887,-12.96,-1.9494,12.837,7.8805,27.989,1.3422,-21.746,-27.905,23.348,2.6183,-6.5534,8.0565,-18.384,-2.9357,-17.868,-4.2241,0.28569,-7.2696,-9.3796,-24.224,0,5.5431,5.8368,-14.81,7.7027,-6.5972,-26.222,-18.01,-10.221,36.406,35.265,2.5388,-10.765,-20.876,-2.6957,9.4428,-15.311,-13.956,-8.4854,22.539,36.482,-19.347,13.496,38.642,3.3838,7.6693,16.417,16.648,-8.4478,-28.759,14.876,6.4682,29.49,2.6038,0.040307,13.378,8.6021,-21.479,21.777,9.1442,22.498,-10.169,-0.14595,8.0248,-9.6797,0.53458,23.694,-1.0909,-17.825,0.75396,-15.837,3.5353,-8.2956,5.1676,-8.9759,5.5431,0,-12.505,-25.613,7.8289,20.566,-5.3823,0.44404,-6.6008,5.4429,7.2978,6.2659,8.6707,-6.2871,-21.553,10.741,-20.377,-10.757,2.8401,7.2908,5.5051,-13.024,-6.3923,2.0163,-9.2527,-8.1925,2.2937,-9.3488,-22.152,0.27495,23.361,11.368,-3.1176,-4.0278,8.3509,14.435,13.482,-9.5573,-16.197,8.1212,-6.7105,2.1937,-15.068,2.7172,37.036,-8.5314,-8.9019,-15.857,21.663,-7.8956,-2.2461,-7.8952,11.865,1.2935,0.40687,5.8368,-12.505,0,1.9416,-4.3564,-11.635,-2.5916,-0.18302,11.644,9.0336,2.3109,-19.061,-35.751,-11.189,4.9181,0.37158,2.3385,-9.2952,-20.781,4.2248,9.7348,-0.69383,3.8129,10.734,26.342,35.223,-5.0705,9.2391,14.63,-9.92,-9.6425,-13.405,13.352,25.771,-19.265,-12.322,-4.6396,3.0982,-13.942,-21.875,-16.45,13.534,9.9546,-13.933,0.6724,5.6769,-22.434,10.097,10.232,6.8787,19.55,0.74341,4.5131,-4.3978,13.479,-14.81,-25.613,1.9416,0,-6.5881,-10.672,10.769,3.6354,5.1241,-16.799,-14.111,-0.20941,1.9313,18.645,20.964,-16.372,26.363,23.692,4.6597,-13.707,-17.164,19.097,2.6939,-12.105,0.3468,-1.8231,-3.6856,2.3883,17.017,8.6922,-21.558,-6.546,-5.9937,-3.5575,-2.9251,-12.888,-15.95,14.302,19.305,9.3056,14.039,-23.655,-7.8245,22.431,-8.017,18.533,-1.6194,-10.562,0.20727,7.5548,-7.7952,30.295,-26.872,-13.069,-22.047,7.7027,7.8289,-4.3564,-6.5881,0,4.6745,-19.937,0.94995,-1.4334,2.743,15.205,14.847,5.7264,1.3573,4.1182,-9.1578,-18.797,-3.761,-7.7603,21.707,3.8198,-22.658,12.242,2.915,-14.317,-8.1445,5.8448,4.669,-1.6676,0.98444,16.833,28.16,3.9871,-4.3438,-5.155,4.7221,-7.3282,-0.8392,10.536,0.11322,26.395,-0.035858,8.2807,-0.56139,-6.7411,5.519,9.8537,3.6302,-8.1034,12.331,-17.56,4.2992,-2.4034,12.974,1.1188,-6.5972,20.566,-11.635,-10.672,4.6745,0,4.2312,14.509,4.3214,-5.5951,-4.0154,1.4653,12.626,1.9709,-16.15,2.6294,-9.6414,-5.7258,2.3408,-0.5462,-5.077,-4.3405,-16.042,-9.5391,-8.7779,-9.7726,-10.132,-25.483,-7.6156,13.075,7.9812,5.5512,-15.444,-0.7841,2.2622,1.1821,3.7838,3.7861,-13.339,-21.28,-5.3212,39.837,22.616,-43.342,1.7877,-3.7366,-2.3378,19.393,0.46503,6.301,4.8121,-10.85,17.08,16.642,47.319,-26.222,-5.3823,-2.5916,10.769,-19.937,4.2312,0,10.922,7.4571,-17.053,-43.662,-9.0978,4.5242,9.6272,-2.7143,-0.015245,19.362,9.2486,10.347,-38.452,-18.145,28.59,-20.522,-18.54,3.7899,-1.3862,-15.243,-16.34,4.7683,13.754,-18.211,-15.735,-19.736,0.72642,3.2846,-10.388,-0.30664,11.781,-3.6138,-7.0148,10.391,9.4511,9.4881,-6.9263,3.0734,9.3254,-7.036,2.5798,8.2985,23.58,-9.8147,4.0681,5.0409,12.39,10.005,-18.01,0.44404,-0.18302,3.6354,0.94995,14.509,10.922,0,24.162,-15.227,-14.062,-6.2664,5.3172,8.8592,-1.3218,-9.2508,1.6255,-0.072164,-4.3249,-5.7488,-13.564,3.7607,-13.361,-17.711,-1.3445,-2.6244,-30.967,-18.811,10.44,23.539,-7.0438,-3.0909,-17.669,6.8434,-10.805,-18.199,-10.927,26.204,-11.694,-2.1988,4.0447,9.4757,0.89702,-4.5017,14.791,3.6083,-12.505,-4.6957,21.074,11.3,-8.6106,-0.23883,10.605,10.182,8.7629,-10.221,-6.6008,11.644,5.1241,-1.4334,4.3214,7.4571,24.162,0,-7.1354,-10.033,-15.107,-5.6264,2.3571,2.4654,-8.4281,3.2781,-3.921,-13.556,-2.7676,-5.8397,3.2316,-7.6587,-7.3904,8.3113,7.9718,-29.55,-7.7122,20.667,10.039,-12.461,-9.4549,-5.9257,18.219,-23.72,-33.046,-13.369,24.3,3.816,29.917,0.91105,-14.066,-26.893,16.552,7.1093,-12.463,10.057,-18.358,-2.1207,-22.584,-6.2887,-5.1609,-1.3372,-3.4001,-15.869,36.406,5.4429,9.0336,-16.799,2.743,-5.5951,-17.053,-15.227,-7.1354,0,22.437,-3.1154,-15.459,-33.393,-6.4334,14.742,-13.037,-19.142,-9.5039,16.658,62.67,-15.011,7.5798,45.452,8.7294,12.838,10.816,12.387,-7.9496,-32.698,10.877,1.0009,26.616,7.1779,-0.72835,10.42,11.981,-20.309,13.416,24.917,4.8386,-36.156,-23.588,35.876,-1.4931,-0.013286,6.0891,-18.22,-3.1458,-10.085,-5.1261,6.8974,-14.316,-13.553,-41.604,35.265,7.2978,2.3109,-14.111,15.205,-4.0154,-43.662,-14.062,-10.033,22.437,0,7.7192,-5.5367,-13.395,-0.50118,4.2637,-20.179,-11.307,-8.5357,32.393,23.329,-27.371,17,23.341,-2.2257,2.5147,17.244,15.582,-8.1155,-17.865,20.283,13.409,21.852,-0.54958,-0.66294,13.824,4.5432,-16.848,20.583,-2.0718,3.4797,-12.893,3.0784,7.2846,-30.001,14.761,1.8937,4.607,-11.271,4.9805,5.5252,18.85,-31.402,-17.046,-11.064,2.5388,6.2659,-19.061,-0.20941,14.847,1.4653,-9.0978,-6.2664,-15.107,-3.1154,7.7192,0,17.718,9.471,5.1034,-6.6989,-5.7879,9.3487,9.2632,5.6334,-3.3069,-6.4574,10.848,-2.3939,-30.869,-23.566,15.323,3.9802,-9.0324,2.6211,13.715,28.475,-1.3189,-27.751,10.353,14.006,-1.7054,-5.5677,12.927,-11.792,7.3937,-0.057139,18.681,-4.2277,-29.537,14.483,3.0953,16.305,-12.804,15.155,2.0804,11.528,-11.423,-1.2006,1.7682,-10.765,8.6707,-35.751,1.9313,5.7264,12.626,4.5242,5.3172,-5.6264,-15.459,-5.5367,17.718,0,17.98,-1.2738,-6.0786,-0.43407,12.107,16.476,-5.4458,-15.832,2.1875,-4.1279,-17.243,-29.874,-46.702,0.83308,-11.198,-7.5106,17.057,5.8519,12.932,-18.542,-21.687,11.801,5.7665,-1.3114,3.0467,-0.39886,-25.86,-2.4964,7.6937,20.128,-10.66,-11.662,17.454,-11.656,16.45,1.0369,19.987,10.331,10.094,-4.436,-3.6541,9.0796,-20.876,-6.2871,-11.189,18.645,1.3573,1.9709,9.6272,8.8592,2.3571,-33.393,-13.395,9.471,17.98,0,11.505,-19.613,11.2,26.798,10.473,-11.275,-33.31,11.122,-0.76854,-26.294,-13.751,-17.24,-3.8451,-5.8518,6.712,22.494,-7.1732,4.0122,-17.375,-12.859,2.2297,-6.1576,-14.131,14.71,-5.9589,-7.0076,-11.931,0.064505,-1.1718,0.19204,0.41162,10.591,-27.852,-0.78972,13.507,4.4635,14.656,8.9833,-4.493,-17.336,-0.263,-2.6957,-21.553,4.9181,20.964,4.1182,-16.15,-2.7143,-1.3218,2.4654,-6.4334,-0.50118,5.1034,-1.2738,11.505,0,-22.742,9.2602,13.819,-2.932,0.29061,-6.0849,3.9395,16.507,-2.5176,-1.9525,-0.6392,3.4364,13.243,16.677,1.7571,-8.6777,1.8997,3.6525,-3.2921,-7.6612,-8.0284,-22.237,8.3487,1.3725,9.3559,0.98915,-0.70627,-4.1714,0.4155,3.0863,-24.771,25.855,-1.0621,-12.43,-18.444,-5.3393,-17.483,6.9594,9.793,-1.0631,9.4428,10.741,0.37158,-16.372,-9.1578,2.6294,-0.015245,-9.2508,-8.4281,14.742,4.2637,-6.6989,-6.0786,-19.613,-22.742,0,-5.0034,-12.432,3.221,0.13037,13.36,-2.1136,-7.7261,11.253,8.2586,6.9612,3.8811,-2.1533,-16.843,-12.83,6.1569,-5.8391,5.178,3.5599,10.101,11.797,39.46,-18.136,-20.613,-22.906,-21.505,24.379,12.546,-25.658,3.1811,-3.374,-10.852,14.758,5.504,1.0488,19.436,-9.0969,13.043,2.6012,23.724,-15.311,-20.377,2.3385,26.363,-18.797,-9.6414,19.362,1.6255,3.2781,-13.037,-20.179,-5.7879,-0.43407,11.2,9.2602,-5.0034,0,17.996,8.7971,-25.225,-14.197,38.404,-3.8336,-10.392,5.7212,1.5816,-4.9337,-0.94859,10.533,5.6867,-28.475,-15.403,-6.9266,-1.5453,1.7903,-10.286,-5.3137,9.1628,-3.3449,-27.584,-11.852,8.5741,16.748,-12.821,-10.907,8.274,-9.8667,19.823,-1.1215,7.5136,23.9,4.0225,-2.4522,-6.8637,9.5993,-13.956,-10.757,-9.2952,23.692,-3.761,-5.7258,9.2486,-0.072164,-3.921,-19.142,-11.307,9.3487,12.107,26.798,13.819,-12.432,17.996,0,15.875,-14.105,-20.716,16.064,2.5269,-14.943,-9.1782,-12.582,2.4883,0.18405,4.4266,10.334,-9.1056,0.9413,-9.7594,-16.398,7.2431,-2.0719,-8.431,6.8456,3.2335,-15.563,-5.2253,6.716,19.829,-12.85,-17.512,-0.77344,7.0129,30.973,-18.423,0.73314,12.338,-2.8762,-1.3934,0.98643,8.1551,-8.4854,2.8401,-20.781,4.6597,-7.7603,2.3408,10.347,-4.3249,-13.556,-9.5039,-8.5357,9.2632,16.476,10.473,-2.932,3.221,8.7971,15.875,0,-15.135,-11.216,12.078,-5.6611,-10.01,-10.007,-15.536,5.4048,-6.3882,-10.989,5.818,-0.22673,1.3805,-11.582,-21.522,29.218,9.4395,7.6481,-4.0111,12.781,26.382,9.7563,-33.019,-24.01,60.548,0.75756,4.1361,2.4465,-25.385,1.5076,-3.8856,-10.44,10.86,-14.09,-10.873,-36.846,22.539,7.2908,4.2248,-13.707,21.707,-0.5462,-38.452,-5.7488,-2.7676,16.658,32.393,5.6334,-5.4458,-11.275,0.29061,0.13037,-25.225,-14.105,-15.135,0,18.414,-39.934,14.364,16.762,-2.3835,2.913,8.8728,11.221,-3.3188,-11.006,17.933,14.008,16.566,3.203,-6.912,6.9329,-0.4318,-8.4053,3.9993,33.7,1.8778,-14.852,-29.677,18.083,7.6798,-11.167,9.1501,-20.777,-1.0816,-20.149,-7.4596,-4.1726,-1.6768,-3.454,-16.8,36.482,5.5051,9.7348,-17.164,3.8198,-5.077,-18.145,-13.564,-5.8397,62.67,23.329,-3.3069,-15.832,-33.31,-6.0849,13.36,-14.197,-20.716,-11.216,18.414,0,-16.523,7.8194,43.603,8.6547,13.154,9.8233,12.234,-6.9716,-29.758,11.076,1.4127,26.792,8.1151,-2.1364,9.3249,10.553,-18.266,-17.527,-25.946,-15.274,32.616,17.872,-40.503,1.6194,-4.4468,-6.2644,20.004,1.9685,2.2023,14.621,-11.071,14.968,7.2189,33.296,-19.347,-13.024,-0.69383,19.097,-22.658,-4.3405,28.59,3.7607,3.2316,-15.011,-27.371,-6.4574,2.1875,11.122,3.9395,-2.1136,38.404,16.064,12.078,-39.934,-16.523,0,-9.2962,-13.571,4.6552,-0.27116,-7.316,-6.0854,6.8303,8.2529,-24.115,-16.191,-11.506,-2.058,4.4376,-8.9207,-2.0714,8.9402,4.5877,6.6384,-5.8997,-15.89,-13.575,15.099,-2.1729,6.002,-7.4079,-9.9456,4.2262,-5.0557,7.5707,10.745,-14.094,-38.638,-16.743,13.496,-6.3923,3.8129,2.6939,12.242,-16.042,-20.522,-13.361,-7.6587,7.5798,17,10.848,-4.1279,-0.76854,16.507,-7.7261,-3.8336,2.5269,-5.6611,14.364,7.8194,-9.2962,0,11.236,-3.5063,0.5089,17.964,31.068,2.5426,-10.688,5.48,10.654,17.581,-4.7231,-3.1581,5.112,-6.85,-6.104,2.3279,25.471,-1.9718,-14.126,-30.621,16.671,7.5768,-11.261,6.507,-18.973,-0.098007,-23.714,-3.1844,-4.3167,-1.8399,-6.4671,-16.167,38.642,2.0163,10.734,-12.105,2.915,-9.5391,-18.54,-17.711,-7.3904,45.452,23.341,-2.3939,-17.243,-26.294,-2.5176,11.253,-10.392,-14.943,-10.01,16.762,43.603,-13.571,11.236,0,9.0787,13.623,12.753,17.375,-5.4246,-40.312,8.8177,0.90845,36.421,6.5368,-1.6901,9.232,8.9163,-18.86,-20.792,5.1411,-8.7628,8.1323,-8.5215,-3.6581,34.139,-19.895,-2.0198,-7.6385,11.118,-12.479,-1.3332,-20.746,23.441,8.5835,6.2517,3.3838,-9.2527,26.342,0.3468,-14.317,-8.7779,3.7899,-1.3445,8.3113,8.7294,-2.2257,-30.869,-29.874,-13.751,-1.9525,8.2586,5.7212,-9.1782,-10.007,-2.3835,8.6547,4.6552,-3.5063,9.0787,0,38.961,-6.3369,3.711,7.8508,-10.259,-11.816,-25.249,8.7724,23.405,-8.8432,-9.0287,3.1228,0.13727,-15.372,9.9125,-6.5451,2.91,-14.675,1.6005,37.366,-16.069,-2.6027,-13.762,12.985,-13.233,-3.3209,-14.231,15.487,4.8111,1.1088,7.6693,-8.1925,35.223,-1.8231,-8.1445,-9.7726,-1.3862,-2.6244,7.9718,12.838,2.5147,-23.566,-46.702,-17.24,-0.6392,6.9612,1.5816,-12.582,-15.536,2.913,13.154,-0.27116,0.5089,13.623,38.961,0,-4.0336,7.2206,8.0313,-13.562,-7.7622,-16.702,13.795,26.321,-12.054,-7.7683,1.8055,-1.2199,10.45,6.1011,-5.541,-15.381,-7.6216,10.613,-9.8432,-1.3129,5.9303,-1.9172,-10.373,-12.51,8.9832,3.6819,-13.929,-19.665,-15.198,16.417,2.2937,-5.0705,-3.6856,5.8448,-10.132,-15.243,-30.967,-29.55,10.816,17.244,15.323,0.83308,-3.8451,3.4364,3.8811,-4.9337,2.4883,5.4048,8.8728,9.8233,-7.316,17.964,12.753,-6.3369,-4.0336,0,17.531,-11.844,-14.878,12.304,11.426,13.542,-13.169,11.557,22.654,6.8613,-21.913,-0.83611,8.1616,-11.366,-11.013,-17.32,11.529,3.3452,-1.7934,-5.7336,-11.044,5.2428,-12.729,9.0279,2.2932,-5.9956,-22.139,-12.415,16.648,-9.3488,9.2391,2.3883,4.669,-25.483,-16.34,-18.811,-7.7122,12.387,15.582,3.9802,-11.198,-5.8518,13.243,-2.1533,-0.94859,0.18405,-6.3882,11.221,12.234,-6.0854,31.068,17.375,3.711,7.2206,17.531,0,2.7656,-18.72,1.9835,3.1824,26.859,-0.45658,-2.9421,4.4953,-2.6786,-8.9886,-17.053,-6.0017,-6.6381,8.6852,-0.56356,-4.7003,13.021,5.3646,-33.473,-3.6055,36.914,7.6559,3.2646,1.6276,7.3989,-0.82136,7.6867,-8.4478,-22.152,14.63,17.017,-1.6676,-7.6156,4.7683,10.44,20.667,-7.9496,-8.1155,-9.0324,-7.5106,6.712,16.677,-16.843,10.533,4.4266,-10.989,-3.3188,-6.9716,6.8303,2.5426,-5.4246,7.8508,8.0313,-11.844,2.7656,0,5.9264,-19.45,-8.7297,-0.66122,10.561,-21.988,-31.769,-24.499,21.817,0.010896,-17.441,6.4284,10.111,21.867,-11.207,-6.9715,14.842,-6.6084,12.827,1.4085,33.869,-1.0917,7.5365,-0.14608,6.4673,11.713,-28.759,0.27495,-9.92,8.6922,0.98444,13.075,13.754,23.539,10.039,-32.698,-17.865,2.6211,17.057,22.494,1.7571,-12.83,5.6867,10.334,5.818,-11.006,-29.758,8.2529,-10.688,-40.312,-10.259,-13.562,-14.878,-18.72,5.9264,0,-5.9752,1.4823,-32.538,-4.517,-1.3436,-10.119,-10.738,21.262,34.783,14.755,15.018,-26.44,-7.5069,19.99,-11.435,3.6016,15.179,-6.706,-14.1,-2.589,-9.5855,9.6634,-19.461,-6.198,-23.912,14.876,23.361,-9.6425,-21.558,16.833,7.9812,-18.211,-7.0438,-12.461,10.877,20.283,13.715,5.8519,-7.1732,-8.6777,6.1569,-28.475,-9.1056,-0.22673,17.933,11.076,-24.115,5.48,8.8177,-11.816,-7.7622,12.304,1.9835,-19.45,-5.9752,0,22.127,5.4737,-7.0611,6.6543,21.357,8.9214,-15.307,31.491,5.0088,11.493,-21.944,-2.3812,15.741,-18.928,16.625,3.2264,-2.7423,-8.2645,6.0133,-2.9949,25.74,-49.849,-14.255,-19.193,6.4682,11.368,-13.405,-6.546,28.16,5.5512,-15.735,-3.0909,-9.4549,1.0009,13.409,28.475,12.932,4.0122,1.8997,-5.8391,-15.403,0.9413,1.3805,14.008,1.4127,-16.191,10.654,0.90845,-25.249,-16.702,11.426,3.1824,-8.7297,1.4823,22.127,0,1.0886,-13.952,4.063,12.448,-2.0942,-5.3081,0.10611,19.136,-5.3895,-13.508,-32.67,16.327,8.2354,-7.5972,0.59119,-19.703,4.0125,-19.471,0.51929,-1.837,-2.7911,-11.277,-15.685,29.49,-3.1176,13.352,-5.9937,3.9871,-15.444,-19.736,-17.669,-5.9257,26.616,21.852,-1.3189,-18.542,-17.375,3.6525,5.178,-6.9266,-9.7594,-11.582,16.566,26.792,-11.506,17.581,36.421,8.7724,13.795,13.542,26.859,-0.66122,-32.538,5.4737,1.0886,0,5.9275,-4.4322,5.8898,3.2035,-13.567,-12.31,9.2196,1.6444,3.8937,-10.524,1.4721,35.79,-8.5595,-3.4671,-14.441,16.027,-3.5084,-11.586,-8.8285,14.899,10.365,2.4191,2.6038,-4.0278,25.771,-3.5575,-4.3438,-0.7841,0.72642,6.8434,18.219,7.1779,-0.54958,-27.751,-21.687,-12.859,-3.2921,3.5599,-1.5453,-16.398,-21.522,3.203,8.1151,-2.058,-4.7231,6.5368,23.405,26.321,-13.169,-0.45658,10.561,-4.517,-7.0611,-13.952,5.9275,0,-19.639,-13.732,-1.6747,5.3233,8.0422,-5.455,-2.768,0.12672,9.5399,-5.1292,-17.246,-4.6644,15.506,15.832,-31.833,-5.539,7.9631,-3.9053,-3.9243,-0.36368,1.1887,0.040307,8.3509,-19.265,-2.9251,-5.155,2.2622,3.2846,-10.805,-23.72,-0.72835,-0.66294,10.353,11.801,2.2297,-7.6612,10.101,1.7903,7.2431,29.218,-6.912,-2.1364,4.4376,-3.1581,-1.6901,-8.8432,-12.054,11.557,-2.9421,-21.988,-1.3436,6.6543,4.063,-4.4322,-19.639,0,20.069,16.187,-13.431,18.286,7.2848,2.687,-13.973,-3.1384,8.7067,-14.259,-3.4087,19.789,1.1531,-25.766,-10.221,1.0674,1.4238,-12.371,-6.803,-12.96,13.378,14.435,-12.322,-12.888,4.7221,1.1821,-10.388,-18.199,-33.046,10.42,13.824,14.006,5.7665,-6.1576,-8.0284,11.797,-10.286,-2.0719,9.4395,6.9329,9.3249,-8.9207,5.112,9.232,-9.0287,-7.7683,22.654,4.4953,-31.769,-10.119,21.357,12.448,5.8898,-13.732,20.069,0,17.338,-29.115,4.9944,7.0317,1.4948,-2.0196,-1.4773,0.3047,-2.1734,-18.329,34.009,2.1089,-19.45,-15.901,-3.3073,-13.197,3.1127,7.2759,-1.9494,8.6021,13.482,-4.6396,-15.95,-7.3282,3.7838,-0.30664,-10.927,-13.369,11.981,4.5432,-1.7054,-1.3114,-14.131,-22.237,39.46,-5.3137,-8.431,7.6481,-0.4318,10.553,-2.0714,-6.85,8.9163,3.1228,1.8055,6.8613,-2.6786,-24.499,-10.738,8.9214,-2.0942,3.2035,-1.6747,16.187,17.338,0,-21.489,-9.6749,-12.602,1.0719,12.638,9.5208,-9.7154,4.5209,11.024,-18.769,3.7998,15.579,21.684,-0.66097,4.529,5.7279,5.3482,12.837,-21.479,-9.5573,3.0982,14.302,-0.8392,3.7861,11.781,26.204,24.3,-20.309,-16.848,-5.5677,3.0467,14.71,8.3487,-18.136,9.1628,6.8456,-4.0111,-8.4053,-18.266,8.9402,-6.104,-18.86,0.13727,-1.2199,-21.913,-8.9886,21.817,21.262,-15.307,-5.3081,-13.567,5.3233,-13.431,-29.115,-21.489,0
