0,8.6169,-8.7312,-0.1769,-7.0113,-4.0722,-4.8437,2.471,0.92774,6.6422,3.7533,5.4762,1.5455,13.666,-7.5802,-6.0646,4.9912,-6.666,-0.97528,-4.1781,0.86761,8.6169,0,-2.2967,0.27042,-8.0241,-2.8156,-9.9075,6.151,1.3204,9.0449,8.2018,12.951,-2.5831,7.4875,-8.5044,-8.6809,11.132,-4.0457,1.3378,-9.8554,-2.5558,-8.7312,-2.2967,0,1.8868,0.91161,3.4907,0.40388,0.80716,-0.34847,-4.0941,0.63471,-0.98136,-4.3334,-5.7509,4.1473,1.2665,1.7408,7.6784,1.8877,-1.2765,-2.398,-0.1769,0.27042,1.8868,0,-3.6959,-6.3298,-0.30046,2.402,0.70624,-3.5967,0.33853,1.1917,-1.7904,1.7726,0.63845,3.0648,3.1785,2.3592,-1.3258,1.5738,1.9175,-7.0113,-8.0241,0.91161,-3.6959,0,5.3665,5.5129,-4.9476,-2.7089,-1.965,-2.8087,-8.7571,1.8945,-8.4774,4.1038,3.8895,-10.307,3.3475,2.5713,5.3344,1.6654,-4.0722,-2.8156,3.4907,-6.3298,5.3665,0,0.92344,-0.43821,0.19786,-0.23927,-0.21996,-3.9256,2.2183,-4.397,2.6296,-0.79936,-3.5792,0.74312,5.0812,-0.90603,-5.0178,-4.8437,-9.9075,0.40388,-0.30046,5.5129,0.92344,0,-6.9014,-6.2358,-4.7167,-5.7165,-9.5015,1.9892,-4.3341,4.4967,3.7354,-7.3015,3.4987,-0.017662,6.3007,2.2794,2.471,6.151,0.80716,2.402,-4.9476,-0.43821,-6.9014,0,2.5472,2.9245,1.6752,5.8701,-2.2599,3.3963,-1.1462,-3.6757,6.4627,-2.5048,3.2238,-4.5863,-0.98333,0.92774,1.3204,-0.34847,0.70624,-2.7089,0.19786,-6.2358,2.5472,0,-2.6176,-2.3687,1.4631,1.1817,0.52368,1.8579,2.5273,1.1825,-2.1016,-3.296,1.2017,-2.5914,6.6422,9.0449,-4.0941,-3.5967,-1.965,-0.23927,-4.7167,2.9245,-2.6176,0,8.7798,6.671,-0.65322,5.2926,-8.1523,-9.1308,5.346,-3.2629,4.6048,-9.5896,-0.75525,3.7533,8.2018,0.63471,0.33853,-2.8087,-0.21996,-5.7165,1.6752,-2.3687,8.7798,0,6.1123,-2.5533,3.1967,-7.5799,-6.5742,7.0532,0.66826,3.2249,-10.342,-1.6768,5.4762,12.951,-0.98136,1.1917,-8.7571,-3.9256,-9.5015,5.8701,1.4631,6.671,6.1123,0,-4.3414,5.6758,-5.5992,-5.4532,8.9025,-4.3667,0.22169,-7.5573,-2.7807,1.5455,-2.5831,-4.3334,-1.7904,1.8945,2.2183,1.9892,-2.2599,1.1817,-0.65322,-2.5533,-4.3414,0,-0.52672,-0.066683,1.9228,-3.988,-1.3674,-0.5675,2.7357,-1.0394,13.666,7.4875,-5.7509,1.7726,-8.4774,-4.397,-4.3341,3.3963,0.52368,5.2926,3.1967,5.6758,-0.52672,0,-6.5336,-4.8548,6.4902,-4.888,0.094573,-4.9609,0.37614,-7.5802,-8.5044,4.1473,0.63845,4.1038,2.6296,4.4967,-1.1462,1.8579,-8.1523,-7.5799,-5.5992,-0.066683,-6.5336,0,6.6878,-6.202,3.5155,-0.99955,6.4522,0.34969,-6.0646,-8.6809,1.2665,3.0648,3.8895,-0.79936,3.7354,-3.6757,2.5273,-9.1308,-6.5742,-5.4532,1.9228,-4.8548,6.6878,0,-7.2576,1.6279,-3.9014,9.2271,1.1676,4.9912,11.132,1.7408,3.1785,-10.307,-3.5792,-7.3015,6.4627,1.1825,5.346,7.0532,8.9025,-3.988,6.4902,-6.202,-7.2576,0,0.29843,1.5284,-9.7573,-1.143,-6.666,-4.0457,7.6784,2.3592,3.3475,0.74312,3.4987,-2.5048,-2.1016,-3.2629,0.66826,-4.3667,-1.3674,-4.888,3.5155,1.6279,0.29843,0,1.9378,0.1374,1.1811,-0.97528,1.3378,1.8877,-1.3258,2.5713,5.0812,-0.017662,3.2238,-3.296,4.6048,3.2249,0.22169,-0.5675,0.094573,-0.99955,-3.9014,1.5284,1.9378,0,-4.9385,-1.9054,-4.1781,-9.8554,-1.2765,1.5738,5.3344,-0.90603,6.3007,-4.5863,1.2017,-9.5896,-10.342,-7.5573,2.7357,-4.9609,6.4522,9.2271,-9.7573,0.1374,-4.9385,0,2.7401,0.86761,-2.5558,-2.398,1.9175,1.6654,-5.0178,2.2794,-0.98333,-2.5914,-0.75525,-1.6768,-2.7807,-1.0394,0.37614,0.34969,1.1676,-1.143,1.1811,-1.9054,2.7401,0
