0,1.8157,-13.063,3.2138,-8.0529,-7.6459,0.30727,1.9194,5.1672,-4.8972,-5.3786,-3.377,6.8629,14.137,0.24467,-0.50169,0.34739,-3.424,5.1634,4.114,5.1821,1.8157,0,-0.13556,4.1775,-3.6273,-4.8312,-0.80379,3.3938,-4.0187,-0.94289,0.43304,1.1254,-2.1581,3.2609,-2.6772,-4.7618,3.3605,0.018707,0.19987,3.3,3.04,-13.063,-0.13556,0,-3.2761,7.092,7.7531,2.1073,-2.4964,-7.0802,3.4572,4.1944,1.4787,-5.8145,-10.161,-1.5767,-0.62907,-2.0361,2.3848,-6.3312,-2.6066,-7.0932,3.2138,4.1775,-3.2761,0,-8.3476,-9.51,0.38881,4.9257,-3.0114,-3.8943,-2.2498,-2.6746,1.3311,4.387,2.7267,-2.4668,6.0668,3.8243,4.1549,4.849,8.6514,-8.0529,-3.6273,7.092,-8.3476,0,10.226,0.90997,-7.5261,-2.2204,2.6872,0.70918,0.0040272,-2.2632,-7.7361,2.0949,-2.3795,-3.2105,1.4842,-3.5056,-2.9275,-5.2219,-7.6459,-4.8312,7.7531,-9.51,10.226,0,2.735,-4.3364,-1.2887,4.5938,2.8341,1.5721,-1.2504,-8.7272,-0.51679,1.1678,-5.4036,-1.3118,-5.4574,-6.5693,-11.244,0.30727,-0.80379,2.1073,0.38881,0.90997,2.735,0,-3.2087,-4.2501,-6.7691,-6.3237,-7.6913,5.7979,-1.8284,3.6112,-2.4171,-1.1046,2.495,-1.9333,3.389,-0.99062,1.9194,3.3938,-2.4964,4.9257,-7.5261,-4.3364,-3.2087,0,3.1901,1.8392,4.7975,4.792,-1.9195,2.6707,-4.191,4.4853,2.0666,-3.7215,1.2686,-0.58401,0.60076,5.1672,-4.0187,-7.0802,-3.0114,-2.2204,-1.2887,-4.2501,3.1901,0,1.5055,0.77262,3.3318,1.7678,4.0203,-2.4331,8.1856,-3.439,-7.2611,1.863,-2.8593,-1.368,-4.8972,-0.94289,3.4572,-3.8943,2.6872,4.5938,-6.7691,1.8392,1.5055,0,11.551,11.643,-6.7765,-4.4145,-5.1944,3.3478,-2.5547,-4.3415,-2.4,-7.5893,-7.0656,-5.3786,0.43304,4.1944,-2.2498,0.70918,2.8341,-6.3237,4.7975,0.77262,11.551,0,12.021,-7.2373,-4.8941,-6.9293,4.1772,0.59615,-3.0953,-2.3407,-4.7027,-5.4783,-3.377,1.1254,1.4787,-2.6746,0.0040272,1.5721,-7.6913,4.792,3.3318,11.643,12.021,0,-6.8241,-2.892,-6.6826,4.928,0.28593,-4.4261,-1.52,-4.3369,-4.6238,6.8629,-2.1581,-5.8145,1.3311,-2.2632,-1.2504,5.7979,-1.9195,1.7678,-6.7765,-7.2373,-6.8241,0,3.2409,4.316,-1.3938,0.04132,0.28685,2.3454,3.5535,2.5673,14.137,3.2609,-10.161,4.387,-7.7361,-8.7272,-1.8284,2.6707,4.0203,-4.4145,-4.8941,-2.892,3.2409,0,-0.19216,-0.96589,0.74933,-3.2057,4.2511,3.4759,6.235,0.24467,-2.6772,-1.5767,2.7267,2.0949,-0.51679,3.6112,-4.191,-2.4331,-5.1944,-6.9293,-6.6826,4.316,-0.19216,0,-3.6953,3.7661,6.6123,3.1941,3.8027,4.4691,-0.50169,-4.7618,-0.62907,-2.4668,-2.3795,1.1678,-2.4171,4.4853,8.1856,3.3478,4.1772,4.928,-1.3938,-0.96589,-3.6953,0,-3.2753,-4.2334,-1.3901,-4.9065,-4.5971,0.34739,3.3605,-2.0361,6.0668,-3.2105,-5.4036,-1.1046,2.0666,-3.439,-2.5547,0.59615,0.28593,0.04132,0.74933,3.7661,-3.2753,0,6.7027,4.3565,7.5329,7.9302,-3.424,0.018707,2.3848,3.8243,1.4842,-1.3118,2.495,-3.7215,-7.2611,-4.3415,-3.0953,-4.4261,0.28685,-3.2057,6.6123,-4.2334,6.7027,0,2.848,4.1891,5.6308,5.1634,0.19987,-6.3312,4.1549,-3.5056,-5.4574,-1.9333,1.2686,1.863,-2.4,-2.3407,-1.52,2.3454,4.2511,3.1941,-1.3901,4.3565,2.848,0,2.715,6.9822,4.114,3.3,-2.6066,4.849,-2.9275,-6.5693,3.389,-0.58401,-2.8593,-7.5893,-4.7027,-4.3369,3.5535,3.4759,3.8027,-4.9065,7.5329,4.1891,2.715,0,7.1523,5.1821,3.04,-7.0932,8.6514,-5.2219,-11.244,-0.99062,0.60076,-1.368,-7.0656,-5.4783,-4.6238,2.5673,6.235,4.4691,-4.5971,7.9302,5.6308,6.9822,7.1523,0
