0,2.0298,-4.9591,-0.8165,-3.6876,-2.5889,1.1902,-1.4884,1.3539,0.29977,-2.7853,-1.4743,4.7663,8.1827,0.78839,0.84916,1.0176,-3.2962,1.3012,4.736,-0.13718,2.0298,0,-0.65052,4.1293,-2.7018,1.7429,0.9609,0.91558,-2.9664,3.0244,-2.5495,-1.8587,-0.087785,4.1268,-0.21208,-5.6285,0.093659,-10.007,0.70009,5.7123,-9.5767,-4.9591,-0.65052,0,0.35301,-2.6299,-2.6338,1.5202,1.133,-2.8556,-1.35,2.6266,2.8062,-3.0592,-2.253,-0.099091,-1.0925,5.0414,1.4181,0.12469,-2.805,-0.49069,-0.8165,4.1293,0.35301,0,-1.5372,2.5076,1.4649,7.3771,0.60084,-3.59,0.99063,-4.3288,-1.339,1.5417,2.0637,-7.3197,-0.47366,-2.8352,3.8,2.5468,-4.9157,-3.6876,-2.7018,-2.6299,-1.5372,0,7.7225,-3.2846,-4.2147,2.7916,0.36022,-1.6889,1.3428,-3.168,-4.3016,-0.83558,0.213,-6.1251,0.68231,-2.7348,-1.5163,1.43,-2.5889,1.7429,-2.6338,2.5076,7.7225,0,-3.6353,-0.19684,0.36061,1.6873,-1.4232,-1.9379,-1.7651,-1.6361,-1.8842,-4.694,-2.4992,-1.2439,-0.76175,-0.82877,-2.0723,1.1902,0.9609,1.5202,1.4649,-3.2846,-3.6353,0,1.3281,-1.4919,-1.366,-1.3604,-1.348,-1.0881,1.9416,0.24077,0.46222,-0.45921,-1.3833,0.056931,4.7581,-2.4561,-1.4884,0.91558,1.133,7.3771,-4.2147,-0.19684,1.3281,0,-0.052845,-2.6279,5.2372,-6.5832,-0.75118,0.10984,0.30339,-2.7234,2.9014,1.1815,5.6396,-0.65748,-0.35873,1.3539,-2.9664,-2.8556,0.60084,2.7916,0.36061,-1.4919,-0.052845,0,-2.5267,-0.77249,-0.6105,1.199,-2.4511,2.7531,0.14682,-2.6737,-1.4782,0.4154,0.42356,1.6418,0.29977,3.0244,-1.35,-3.59,0.36022,1.6873,-1.366,-2.6279,-2.5267,0,-1.0324,6.2161,0.64402,1.5747,-5.9915,0.61347,-0.86265,-2.6901,-3.988,0.032363,-0.18628,-2.7853,-2.5495,2.6266,0.99063,-1.6889,-1.4232,-1.3604,5.2372,-0.77249,-1.0324,0,-1.3108,-2.5473,-0.60501,-0.76223,0.99004,6.481,5.478,1.5792,-5.0378,3.9325,-1.4743,-1.8587,2.8062,-4.3288,1.3428,-1.9379,-1.348,-6.5832,-0.6105,6.2161,-1.3108,0,0.86867,-0.86865,-1.456,2.8144,-1.668,0.35875,-3.5942,-2.0896,2.0802,4.7663,-0.087785,-3.0592,-1.339,-3.168,-1.7651,-1.0881,-0.75118,1.199,0.64402,-2.5473,0.86867,0,3.1911,1.512,2.3785,0.69651,0.76726,-0.30394,0.22261,3.5419,8.1827,4.1268,-2.253,1.5417,-4.3016,-1.6361,1.9416,0.10984,-2.4511,1.5747,-0.60501,-0.86865,3.1911,0,-1.8526,0.011173,1.3512,-2.6029,-0.66744,2.6244,-0.87497,0.78839,-0.21208,-0.099091,2.0637,-0.83558,-1.8842,0.24077,0.30339,2.7531,-5.9915,-0.76223,-1.456,1.512,-1.8526,0,-0.84937,-0.13528,0.52325,5.5624,-0.0018088,-2.2501,0.84916,-5.6285,-1.0925,-7.3197,0.213,-4.694,0.46222,-2.7234,0.14682,0.61347,0.99004,2.8144,2.3785,0.011173,-0.84937,0,-1.653,5.4564,-3.6012,-0.82612,5.3302,1.0176,0.093659,5.0414,-0.47366,-6.1251,-2.4992,-0.45921,2.9014,-2.6737,-0.86265,6.481,-1.668,0.69651,1.3512,-0.13528,-1.653,0,3.0164,2.1886,-2.963,1.7115,-3.2962,-10.007,1.4181,-2.8352,0.68231,-1.2439,-1.3833,1.1815,-1.4782,-2.6901,5.478,0.35875,0.76726,-2.6029,0.52325,5.4564,3.0164,0,0.27833,-7.0055,8.0494,1.3012,0.70009,0.12469,3.8,-2.7348,-0.76175,0.056931,5.6396,0.4154,-3.988,1.5792,-3.5942,-0.30394,-0.66744,5.5624,-3.6012,2.1886,0.27833,0,-0.37828,-1.9337,4.736,5.7123,-2.805,2.5468,-1.5163,-0.82877,4.7581,-0.65748,0.42356,0.032363,-5.0378,-2.0896,0.22261,2.6244,-0.0018088,-0.82612,-2.963,-7.0055,-0.37828,0,-5.9922,-0.13718,-9.5767,-0.49069,-4.9157,1.43,-2.0723,-2.4561,-0.35873,1.6418,-0.18628,3.9325,2.0802,3.5419,-0.87497,-2.2501,5.3302,1.7115,8.0494,-1.9337,-5.9922,0
