0,23.047,1.7712,3.9967,-4.0754,6.6753,1.5449,2.1799,20.202,1.8726,1.6289,-5.317,-8.7428,7.029,7.9655,18.188,0.33997,-1.7606,-5.5481,11.38,-12.022,10.295,-15.699,-7.6196,3.8967,-10.733,-2.7712,0.095637,-3.8374,2.8375,-12.618,-14.049,6.7026,2.5324,13.867,1.7856,-16.931,-7.5004,-8.6104,-11.213,-9.6044,3.8232,-4.454,5.8604,-1.6118,-6.1423,-8.101,-4.5419,7.084,-1.4271,-3.2755,13.391,1.9136,9.9384,3.0654,23.047,0,11.268,1.6138,-2.6565,17.052,0.077361,-0.17189,46.855,-5.3952,5.1055,-2.4569,-6.6592,17.382,-0.0067389,14.115,-1.7309,-9.5687,-8.891,13.227,-12.126,20.686,-9.5017,-4.098,5.8325,-3.7379,-7.3709,-7.4859,-13.885,10.228,-10.298,-9.317,2.7037,1.718,11.47,-5.6431,-19.217,-12.718,-13.884,-10.565,-3.5516,11.958,-3.1426,5.3526,-6.8152,1.8841,-8.5344,-3.7664,1.325,-8.0119,-3.9276,6.6741,-2.0575,9.6389,4.6415,1.7712,11.268,0,3.0866,-7.4273,9.017,-6.1399,-3.7861,10.978,-1.306,1.9698,-0.20142,-8.7546,17.111,-5.0808,1.2701,5.7487,-8.6323,-16.559,1.735,-2.6662,7.7758,-0.26427,-2.3525,5.7022,15.044,-2.1959,-7.6122,-17.058,9.5036,-6.8695,4.103,2.6066,3.9303,10.393,-4.9764,-9.5143,-8.4263,-2.3238,-13.32,16.907,18.033,-10.387,11.698,-3.1377,4.336,-3.5404,5.2299,-0.89333,-23.766,-1.7477,1.6742,-16.593,-0.14343,-4.3818,3.9967,1.6138,3.0866,0,-30.072,-7.4994,-6.8084,-2.0442,1.3665,15.04,-24.649,-7.7781,-17.679,-8.1359,14.664,-7.9768,-3.0903,17.608,-21.759,-6.5632,3.1555,-11.054,-7.0052,-27.979,-6.246,-1.2579,14.018,8.2738,6.9666,-15.941,-15.776,-13.331,32.895,43.203,11.218,18.945,0.19639,15.231,16.434,-10.716,2.7755,4.1882,-24.797,14.53,21.541,-10.278,-1.1315,8.8927,15.861,-15.07,-9.4844,11.426,-0.16069,-2.9493,-2.6012,-4.0754,-2.6565,-7.4273,-30.072,0,9.4789,14.529,-3.0435,-1.4484,-20.083,16.171,1.8186,14.968,5.669,-10.366,6.131,-4.4246,-11.797,24.503,8.1358,-4.4319,9.0402,2.5041,27.13,1.014,-5.2404,-7.9095,-11.605,-6.3887,11.859,11.597,8.9294,-38.047,-29.157,-11.939,-12.215,0.8596,-7.7602,-17.269,19.465,-5.3998,-2.726,30.583,-13.592,-16.953,15.089,0.22841,-15.34,-22.193,17.826,8.4576,-7.8274,8.5053,8.2737,8.9365,6.6753,17.052,9.017,-7.4994,9.4789,0,9.6806,-8.4345,19.977,-23.477,9.5522,-4.4363,-0.33555,24.55,-7.909,9.411,-9.0068,-16.584,-0.54281,16.589,-12.579,25.446,-6.0249,8.0531,2.7095,-3.6445,-6.9954,-25.36,-28.386,19.094,-3.5733,-0.23979,-10.724,-6.5982,2.6753,-11.277,-12.423,-11.129,-25.834,3.2474,-0.13336,16.58,6.3827,0.63927,-15.179,20.121,-7.6336,-11.834,-15.21,-3.4101,1.2501,0.89479,3.7908,16.732,13.211,1.5449,0.077361,-6.1399,-6.8084,14.529,9.6806,0,-19.723,2.4924,-11.526,4.4194,-14.547,-1.389,3.5586,4.6964,3.9064,-10.729,0.61087,6.7898,6.0521,-4.9058,2.4729,-13.498,7.5281,-10.696,-15.099,7.3518,-16.211,-6.8624,2.2969,-5.4728,-0.26235,-11.33,-9.547,-0.96263,3.1411,-1.2535,1.6952,-10.581,12.108,-3.5678,3.6099,8.5013,1.1567,-2.5136,12.496,0.20704,-32.596,-15.369,8.3963,0.75216,6.6776,17.421,19.921,10.305,2.1799,-0.17189,-3.7861,-2.0442,-3.0435,-8.4345,-19.723,0,-2.9602,6.592,2.1352,19.357,9.7843,-4.4462,-6.585,3.6683,9.6241,-4.2055,5.015,-0.1646,0.75389,1.8178,13.229,-0.67332,14.677,5.1052,-15.818,18.071,9.8495,0.70592,12.924,-0.16545,3.4242,-0.011597,-4.0244,-7.6588,0.46398,-6.2804,2.5529,-4.6918,-7.0717,-12.04,2.1099,-10.977,-4.0509,-12.621,-1.473,14.502,11.242,4.4834,3.6856,-9.1023,-8.0259,-13.071,-5.2254,20.202,46.855,10.978,1.3665,-1.4484,19.977,2.4924,-2.9602,0,-7.6864,5.6464,-3.4363,-6.2848,17.222,0.693,11.555,-4.152,-8.7485,-8.9652,11.879,-10.326,20.349,-10.283,-3.9535,2.6915,-5.0351,-5.9721,-10.697,-15.224,9.4559,-11.222,-10.202,1.6763,1.2853,9.5737,-5.4426,-15.981,-11.344,-14.915,-8.4826,-3.7897,12.73,-1.9725,5.0456,-6.0354,3.9915,-6.4256,-6.4471,-0.36446,-7.8591,-5.9362,6.188,-0.28935,10.801,5.3734,1.8726,-5.3952,-1.306,15.04,-20.083,-23.477,-11.526,6.592,-7.6864,0,-13.067,-0.95125,-9.9235,-12.131,12.351,-3.1292,11.945,15.395,-8.2319,-9.8088,5.189,-16.811,-1.5297,-15.27,0.39271,3.962,9.1056,23.278,14.971,-14.919,-5.5297,-3.0473,20.902,12.857,8.716,15.937,1.8033,8.1039,21.923,-13.703,3.2188,-6.3343,-18.398,9.153,16.469,-27.201,1.2682,13.924,22.995,-4.2345,-1.8675,8.0568,-7.3799,-10.055,-13.172,1.6289,5.1055,1.9698,-24.649,16.171,9.5522,4.4194,2.1352,5.6464,-13.067,0,10.375,13.493,10.981,-8.7542,8.3905,5.5011,-16.788,10.064,3.4751,0.03916,15.041,4.8978,12.132,3.6887,1.6008,-16.1,-10.033,-8.8366,13.837,8.5792,5.8455,-16.525,-25.581,-8.3916,-20.519,-1.0082,-24.847,-18.16,1.7717,-4.3352,-3.6535,16.63,-11.361,-15.312,5.8583,5.6876,-10.077,-8.1557,9.1217,0.25301,-10.316,-4.2783,0.8101,-3.0991,-5.317,-2.4569,-0.20142,-7.7781,1.8186,-4.4363,-14.547,19.357,-3.4363,-0.95125,10.375,0,20.108,-2.3591,-10.773,-3.2041,8.1959,-7.2959,5.8759,-6.6237,9.7054,3.1996,26.635,2.6325,6.6891,9.9246,-19.35,6.2007,5.2399,2.2384,19.485,3.2221,-2.6115,-5.3793,-14.556,-16.24,8.3001,-9.4369,0.28798,-1.458,-4.1504,-12.555,8.1677,-18.351,-5.0736,-4.7866,8.7815,8.2461,4.6625,4.3139,-2.1308,-25.918,-11.055,-19.744,-9.7702,-8.7428,-6.6592,-8.7546,-17.679,14.968,-0.33555,-1.389,9.7843,-6.2848,-9.9235,13.493,20.108,0,-3.0303,-12.946,-2.3435,-0.39833,-8.2481,19.827,-2.1213,6.3251,4.1469,19.326,12.308,2.4063,1.2629,-16.156,-0.034542,3.9725,4.0985,30.026,5.2864,-13.786,-14.309,-30.212,-17.332,10.846,-6.4204,-5.4541,12.083,-8.8527,-13.81,25.871,-44.048,-9.6832,3.649,7.8706,-1.6586,-5.4738,15.465,1.9486,-28.917,0.99865,-7.7698,-0.17268,7.029,17.382,17.111,-8.1359,5.669,24.55,3.5586,-4.4462,17.222,-12.131,10.981,-2.3591,-3.0303,0,-10.097,14.068,1.6935,-22.537,-2.6934,15.978,-14.353,24.262,-4.267,8.5049,10.077,4.2941,-8.6626,-15.997,-37.918,28.437,-3.2029,5.8401,-8.9083,-7.4154,7.9658,-12.234,-19.239,-18.643,-19.675,-3.6034,6.45,17.878,1.3683,4.6937,-17.69,12.561,-10.006,-4.9318,-11.03,-6.5503,5.521,2.1752,-5.5613,11.48,5.4145,7.9655,-0.0067389,-5.0808,14.664,-10.366,-7.909,4.6964,-6.585,0.693,12.351,-8.7542,-10.773,-12.946,-10.097,0,-2.8325,-1.2063,23.845,-8.6627,-7.8534,5.2373,-11.686,-15.351,-19.215,-15.586,-11.082,18.134,4.408,8.8955,-19.7,-18.11,-15.229,15.285,9.67,7.2155,23.98,2.7659,10.638,8.7648,-7.2855,-4.678,-3.5108,-10.455,10.158,22.796,-12.229,6.1324,-4.6255,12.295,-0.88468,-12.999,15.316,5.4592,1.5071,-5.5544,18.188,14.115,1.2701,-7.9768,6.131,9.411,3.9064,3.6683,11.555,-3.1292,8.3905,-3.2041,-2.3435,14.068,-2.8325,0,4.8541,-12.328,4.5454,22.765,-22.596,16.025,-9.0019,6.4687,14.018,-5.0622,-8.6706,-2.2702,-9.0465,14.993,-2.2442,0.95958,-5.3404,-8.7731,9.9863,-5.5038,-23.831,-15.735,-16.804,-3.6462,-4.6897,4.0578,2.7495,1.6378,-14.665,0.54296,-14.41,-5.1808,-2.9259,4.5246,10.1,7.9011,0.14333,13.273,6.1197,0.33997,-1.7309,5.7487,-3.0903,-4.4246,-9.0068,-10.729,9.6241,-4.152,11.945,5.5011,8.1959,-0.39833,1.6935,-1.2063,4.8541,0,-2.8597,-0.77528,-4.629,2.7344,-1.9924,5.2971,-0.14098,9.9173,14.528,-4.1816,9.0615,1.9473,2.2142,3.32,9.4832,2.2664,-3.9929,4.1152,-2.1075,-2.1495,-9.6735,4.1819,-13.689,7.0492,-5.6115,-5.3088,2.4379,-0.84539,-11.934,2.3601,9.1593,7.7888,-0.43326,3.9895,-0.99626,-22.97,-10.29,-19.855,-1.7606,-9.5687,-8.6323,17.608,-11.797,-16.584,0.61087,-4.2055,-8.7485,15.395,-16.788,-7.2959,-8.2481,-22.537,23.845,-12.328,-2.8597,0,-6.2528,-14.549,10.771,-26.522,-5.7766,-16.796,-16.68,-6.3965,22.217,9.5863,17.593,-40.14,-8.881,-10.015,15.84,13.776,1.5578,28.762,10.73,24.211,20.594,-1.9466,-1.909,-6.7049,-10.049,6.3894,36.793,-11.917,7.842,1.5806,12.126,-0.72754,-9.8449,7.9875,5.8875,-4.5496,-5.458,-5.5481,-8.891,-16.559,-21.759,24.503,-0.54281,6.7898,5.015,-8.9652,-8.2319,10.064,5.8759,19.827,-2.6934,-8.6627,4.5454,-0.77528,-6.2528,0,4.4365,-1.8153,2.3936,6.7516,20.037,3.3858,-4.8912,-8.2434,0.016329,3.5337,5.2036,19.177,8.3793,-19.45,-20.605,-14.88,-8.4561,4.5959,-3.8276,-7.6393,18.699,-8.9785,-11.915,25.974,-19.645,-11.571,4.7857,0.73635,-6.6812,-10.216,31.024,11.084,-9.5761,7.8226,1.6541,5.5474,11.38,13.227,1.735,-6.5632,8.1358,16.589,6.0521,-0.1646,11.879,-9.8088,3.4751,-6.6237,-2.1213,15.978,-7.8534,22.765,-4.629,-14.549,4.4365,0,-40.69,18.592,-8.0869,9.9255,13.056,-6.2041,-7.5042,-6.6988,-13.345,18.714,-1.405,1.3831,-8.118,-5.5172,8.1476,-6.4819,-24.168,-8.8922,-18.923,3.3764,-2.7915,11.164,4.2261,1.2563,-18.638,9.4151,-25.131,-5.0909,-9.8184,1.4418,13.495,6.4174,5.7904,20.582,19.57,-12.022,-12.126,-2.6662,3.1555,-4.4319,-12.579,-4.9058,0.75389,-10.326,5.189,0.03916,9.7054,6.3251,-14.353,5.2373,-22.596,2.7344,10.771,-1.8153,-40.69,0,-13.471,10.562,-7.2656,-13.535,5.1258,3.9207,4.2131,11.891,-15.212,4.136,-1.6768,4.7298,2.5697,-13.03,2.4699,29.651,6.3723,13.25,-0.91566,0.18161,-12.724,0.12616,-5.4448,13.843,-6.6911,33.087,2.7841,7.289,0.76288,-14.948,-10.668,-4.531,-20.509,-17.004,10.295,20.686,7.7758,-11.054,9.0402,25.446,2.4729,1.8178,20.349,-16.811,15.041,3.1996,4.1469,24.262,-11.686,16.025,-1.9924,-26.522,2.3936,18.592,-13.471,0,-1.2292,8.594,10.678,-1.2246,-18.297,-12.246,-18.908,25.133,1.5979,0.19802,-9.9653,-9.2904,1.5971,-19.51,-14.682,-22.461,-30.251,-0.44134,-3.876,8.6688,8.2867,-4.1248,-22.948,10.23,-8.3693,-6.2904,-8.5301,-0.31101,3.2669,-2.6706,-1.1553,9.6308,8.4164,-15.699,-9.5017,-0.26427,-7.0052,2.5041,-6.0249,-13.498,13.229,-10.283,-1.5297,4.8978,26.635,19.326,-4.267,-15.351,-9.0019,5.2971,-5.7766,6.7516,-8.0869,10.562,-1.2292,0,6.0489,5.7817,14.484,-12.247,5.5796,5.2789,1.624,25.825,9.1968,-4.7035,-3.8589,-17.132,-13.071,11.844,-3.0718,4.1512,3.8312,1.8471,-9.1988,7.4047,-15.951,-4.3342,-0.24908,7.0991,11.308,0.13123,2.576,2.0612,-31.656,-9.2919,-20.321,-6.5671,-7.6196,-4.098,-2.3525,-27.979,27.13,8.0531,7.5281,-0.67332,-3.9535,-15.27,12.132,2.6325,12.308,8.5049,-19.215,6.4687,-0.14098,-16.796,20.037,9.9255,-7.2656,8.594,6.0489,0,8.08,2.4293,-9.1811,-8.5389,-8.6581,17.735,14.824,19.337,-37.302,-23.139,-7.9489,-14.084,-2.1482,-8.535,-13.117,15.909,2.0605,0.86866,18.169,-9.6397,-22.931,16.177,-4.7571,-5.9812,-24.478,10.691,17.967,-8.3239,2.4069,6.0676,8.3563,3.8967,5.8325,5.7022,-6.246,1.014,2.7095,-10.696,14.677,2.6915,0.39271,3.6887,6.6891,2.4063,10.077,-15.586,14.018,9.9173,-16.68,3.3858,13.056,-13.535,10.678,5.7817,8.08,0,9.1096,-15.662,5.2065,-5.1998,16.1,7.8129,9.0936,-3.4921,-3.7649,5.3086,-11.168,-14.058,-12.994,-5.7116,-4.113,3.1664,3.1848,0.1423,-1.6872,-16.435,-0.62222,-15.859,10.818,-0.56367,-1.1867,17.231,-2.2257,-9.843,-0.22318,2.3785,-10.733,-3.7379,15.044,-1.2579,-5.2404,-3.6445,-15.099,5.1052,-5.0351,3.962,1.6008,9.9246,1.2629,4.2941,-11.082,-5.0622,14.528,-6.3965,-4.8912,-6.2041,5.1258,-1.2246,14.484,2.4293,9.1096,0,-4.5982,2.6684,-3.431,5.1021,6.6192,15.247,0.051826,0.52124,0.10349,-6.7016,1.2134,-5.1282,6.0572,-7.1183,19.67,2.7777,-5.6213,2.0797,-2.4233,-0.47532,1.5263,15.836,0.87621,-10.121,3.9603,-8.4295,-27.302,-13.406,-11.655,-2.7712,-7.3709,-2.1959,14.018,-7.9095,-6.9954,7.3518,-15.818,-5.9721,9.1056,-16.1,-19.35,-16.156,-8.6626,18.134,-8.6706,-4.1816,22.217,-8.2434,-7.5042,3.9207,-18.297,-12.247,-9.1811,-15.662,-4.5982,0,0.62244,4.6083,-15.24,-14.957,-3.3676,8.7971,10.364,7.2078,31.281,3.9271,21.06,12.712,-0.27375,6.2949,3.1963,-12.176,15.706,19.766,-2.2892,2.3753,-2.5017,2.2971,-4.745,-4.3004,14.775,6.3627,3.5827,-0.98987,0.095637,-7.4859,-7.6122,8.2738,-11.605,-25.36,-16.211,18.071,-10.697,23.278,-10.033,6.2007,-0.034542,-15.997,4.408,-2.2702,9.0615,9.5863,0.016329,-6.6988,4.2131,-12.246,5.5796,-8.5389,5.2065,2.6684,0.62244,0,23.053,-11.625,3.9645,-2.5068,13.236,8.6847,1.0947,7.2002,4.0269,6.2896,16.639,-6.2056,-3.2034,-13.142,-7.2137,-1.3311,8.5442,-24.83,-0.18198,17.84,20.142,2.0756,1.8911,0.24105,-4.5475,-13.558,-7.9543,-3.8374,-13.885,-17.058,6.9666,-6.3887,-28.386,-6.8624,9.8495,-15.224,14.971,-8.8366,5.2399,3.9725,-37.918,8.8955,-9.0465,1.9473,17.593,3.5337,-13.345,11.891,-18.908,5.2789,-8.6581,-5.1998,-3.431,4.6083,23.053,0,-22.551,4.6459,-5.9455,9.8852,6.429,-6.685,9.7111,14.709,12.546,17.63,0.76189,-8.414,-22.357,-1.4282,-5.9187,14.197,-18.177,8.1524,7.2966,15.041,7.7367,-4.0136,-2.4546,2.8615,-13.356,-7.0778,2.8375,10.228,9.5036,-15.941,11.859,19.094,2.2969,0.70592,9.4559,-14.919,13.837,2.2384,4.0985,28.437,-19.7,14.993,2.2142,-40.14,5.2036,18.714,-15.212,25.133,1.624,17.735,16.1,5.1021,-15.24,-11.625,-22.551,0,5.2587,11.063,-16.171,-13.229,1.9976,-19.679,-14.841,-20.741,-21.926,2.0921,4.0187,10.425,7.7424,-2.3398,-35.141,14.057,-11.272,-3.1949,-14.844,-0.27052,12.458,-3.377,-4.3072,8.8845,7.6505,-12.618,-10.298,-6.8695,-15.776,11.597,-3.5733,-5.4728,12.924,-11.222,-5.5297,8.5792,19.485,30.026,-3.2029,-18.11,-2.2442,3.32,-8.881,19.177,-1.405,4.136,1.5979,25.825,14.824,7.8129,6.6192,-14.957,3.9645,4.6459,5.2587,0,11.611,-12.651,-11.828,-20.274,-15.33,8.6101,-4.9827,-1.7385,11.011,-2.9219,-11.758,16.788,-24.813,-10.61,2.6421,3.3051,4.5323,-5.1901,12.037,8.4515,-25.607,-2.4443,-9.8068,-0.56337,-14.049,-9.317,4.103,-13.331,8.9294,-0.23979,-0.26235,-0.16545,-10.202,-3.0473,5.8455,3.2221,5.2864,5.8401,-15.229,0.95958,9.4832,-10.015,8.3793,1.3831,-1.6768,0.19802,9.1968,19.337,9.0936,15.247,-3.3676,-2.5068,-5.9455,11.063,11.611,0,-14.348,-11.94,-3.041,-7.446,-0.2323,-5.2736,-1.3941,5.5453,14.905,1.6275,4.428,-1.5814,-10.569,7.8729,-2.3702,3.2556,-12.348,2.2281,17.473,-6.5484,-8.0704,-1.7979,-1.8248,6.7026,2.7037,2.6066,32.895,-38.047,-10.724,-11.33,3.4242,1.6763,20.902,-16.525,-2.6115,-13.786,-8.9083,15.285,-5.3404,2.2664,15.84,-19.45,-8.118,4.7298,-9.9653,-4.7035,-37.302,-3.4921,0.051826,8.7971,13.236,9.8852,-16.171,-12.651,-14.348,0,28.54,10.466,15.067,0.26247,9.4247,16.497,-16.882,0.19772,-0.34624,-23.463,11.103,20.449,-18.751,0.87996,11.255,27.741,-11.931,-10.788,9.219,-4.11,-6.9589,-7.6889,2.5324,1.718,3.9303,43.203,-29.157,-6.5982,-9.547,-0.011597,1.2853,12.857,-25.581,-5.3793,-14.309,-7.4154,9.67,-8.7731,-3.9929,13.776,-20.605,-5.5172,2.5697,-9.2904,-3.8589,-23.139,-3.7649,0.52124,10.364,8.6847,6.429,-13.229,-11.828,-11.94,28.54,0,9.5388,14.168,0.13974,14.476,15.937,-9.3793,3.2053,4.9561,-22.066,11.825,17.025,-8.591,-2.573,11.975,14.601,-16.759,-7.8628,8.1356,-0.87144,-4.1267,-1.1277,13.867,11.47,10.393,11.218,-11.939,2.6753,-0.96263,-4.0244,9.5737,8.716,-8.3916,-14.556,-30.212,7.9658,7.2155,9.9863,4.1152,1.5578,-14.88,8.1476,-13.03,1.5971,-17.132,-7.9489,5.3086,0.10349,7.2078,1.0947,-6.685,1.9976,-20.274,-3.041,10.466,9.5388,0,9.6686,-20.682,-0.28354,0.76311,-14.741,7.4738,14.354,-20.446,27.968,2.6121,-4.0894,-14.225,3.1896,5.0847,-13.176,2.8087,26.023,-3.7955,9.1469,1.2424,1.7856,-5.6431,-4.9764,18.945,-12.215,-11.277,3.1411,-7.6588,-5.4426,15.937,-20.519,-16.24,-17.332,-12.234,23.98,-5.5038,-2.1075,28.762,-8.4561,-6.4819,2.4699,-19.51,-13.071,-14.084,-11.168,-6.7016,31.281,7.2002,9.7111,-19.679,-15.33,-7.446,15.067,14.168,9.6686,0,2.1872,20.962,15.451,-3.5756,1.9184,-0.11964,-15.194,14.773,23.308,-9.1332,0.3407,0.82859,8.8061,-3.4942,-4.1563,18.078,6.0414,1.9541,-1.8107,-16.931,-19.217,-9.5143,0.19639,0.8596,-12.423,-1.2535,0.46398,-15.981,1.8033,-1.0082,8.3001,10.846,-19.239,2.7659,-23.831,-2.1495,10.73,4.5959,-24.168,29.651,-14.682,11.844,-2.1482,-14.058,1.2134,3.9271,4.0269,14.709,-14.841,8.6101,-0.2323,0.26247,0.13974,-20.682,2.1872,0,10.056,11.512,7.3361,-2.7036,-15.559,5.4177,-10.375,10.565,-2.9323,23.686,0.68203,2.5464,6.2501,-9.0057,-12.945,1.9995,-15.208,-8.2383,-7.5004,-12.718,-8.4263,15.231,-7.7602,-11.129,1.6952,-6.2804,-11.344,8.1039,-24.847,-9.4369,-6.4204,-18.643,10.638,-15.735,-9.6735,24.211,-3.8276,-8.8922,6.3723,-22.461,-3.0718,-8.535,-12.994,-5.1282,21.06,6.2896,12.546,-20.741,-4.9827,-5.2736,9.4247,14.476,-0.28354,20.962,10.056,0,18.125,5.4512,1.2623,-1.6149,-7.2603,5.0379,18.989,-2.8756,2.1417,2.9987,3.9154,-2.1017,-3.346,5.3868,10.096,-1.6251,2.6342,-8.6104,-13.884,-2.3238,16.434,-17.269,-25.834,-10.581,2.5529,-14.915,21.923,-18.16,0.28798,-5.4541,-19.675,8.7648,-16.804,4.1819,20.594,-7.6393,-18.923,13.25,-30.251,4.1512,-13.117,-5.7116,6.0572,12.712,16.639,17.63,-21.926,-1.7385,-1.3941,16.497,15.937,0.76311,15.451,11.512,18.125,0,-4.907,5.9776,-6.1905,-13.807,5.4405,22.739,-13.605,6.2187,14.752,14.215,-5.6163,-4.3793,1.3617,-4.3069,-14.983,-10.792,-11.213,-10.565,-13.32,-10.716,19.465,3.2474,12.108,-4.6918,-8.4826,-13.703,1.7717,-1.458,12.083,-3.6034,-7.2855,-3.6462,-13.689,-1.9466,18.699,3.3764,-0.91566,-0.44134,3.8312,15.909,-4.113,-7.1183,-0.27375,-6.2056,0.76189,2.0921,11.011,5.5453,-16.882,-9.3793,-14.741,-3.5756,7.3361,5.4512,-4.907,0,-4.555,-2.9924,18.552,-12.137,-6.3532,14.513,0.014078,-8.7758,-17.612,13.42,7.2322,-7.3535,16.962,5.6234,14.087,-9.6044,-3.5516,16.907,2.7755,-5.3998,-0.13336,-3.5678,-7.0717,-3.7897,3.2188,-4.3352,-4.1504,-8.8527,6.45,-4.678,-4.6897,7.0492,-1.909,-8.9785,-2.7915,0.18161,-3.876,1.8471,2.0605,3.1664,19.67,6.2949,-3.2034,-8.414,4.0187,-2.9219,14.905,0.19772,3.2053,7.4738,1.9184,-2.7036,1.2623,5.9776,-4.555,0,12.369,-11.003,13.397,0.70904,4.8791,-2.8722,7.7363,-4.3263,-14.931,5.5725,2.2312,-12.382,-1.8639,-4.6707,3.8232,11.958,18.033,4.1882,-2.726,16.58,3.6099,-12.04,12.73,-6.3343,-3.6535,-12.555,-13.81,17.878,-3.5108,4.0578,-5.6115,-6.7049,-11.915,11.164,-12.724,8.6688,-9.1988,0.86866,3.1848,2.7777,3.1963,-13.142,-22.357,10.425,-11.758,1.6275,-0.34624,4.9561,14.354,-0.11964,-15.559,-1.6149,-6.1905,-2.9924,12.369,0,-8.0485,15.35,-4.6956,12.82,-13.326,-1.2266,-8.2826,-17.799,3.1016,9.2137,-0.92625,13.26,9.5033,-4.454,-3.1426,-10.387,-24.797,30.583,6.3827,8.5013,2.1099,-1.9725,-18.398,16.63,8.1677,25.871,1.3683,-10.455,2.7495,-5.3088,-10.049,25.974,4.2261,0.12616,8.2867,7.4047,18.169,0.1423,-5.6213,-12.176,-7.2137,-1.4282,7.7424,16.788,4.428,-23.463,-22.066,-20.446,-15.194,5.4177,-7.2603,-13.807,18.552,-11.003,-8.0485,0,-25.504,-13.806,10.066,4.1072,-11.464,-13.303,20.552,3.7596,-14.475,8.0615,2.3906,6.5299,5.8604,5.3526,11.698,14.53,-13.592,0.63927,1.1567,-10.977,5.0456,9.153,-11.361,-18.351,-44.048,4.6937,10.158,1.6378,2.4379,6.3894,-19.645,1.2563,-5.4448,-4.1248,-15.951,-9.6397,-1.6872,2.0797,15.706,-1.3311,-5.9187,-2.3398,-24.813,-1.5814,11.103,11.825,27.968,14.773,-10.375,5.0379,5.4405,-12.137,13.397,15.35,-25.504,0,8.3045,-2.0783,-7.0066,2.1552,3.5331,-17.092,-0.76195,23.411,-3.587,6.7169,-1.403,-1.6118,-6.8152,-3.1377,21.541,-16.953,-15.179,-2.5136,-4.0509,-6.0354,16.469,-15.312,-5.0736,-9.6832,-17.69,22.796,-14.665,-0.84539,36.793,-11.571,-18.638,13.843,-22.948,-4.3342,-22.931,-16.435,-2.4233,19.766,8.5442,14.197,-35.141,-10.61,-10.569,20.449,17.025,2.6121,23.308,10.565,18.989,22.739,-6.3532,0.70904,-4.6956,-13.806,8.3045,0,-12.901,10.012,3.6822,15.1,-5.3202,-14.352,6.7438,1.1478,-7.4434,-9.3968,-6.1423,1.8841,4.336,-10.278,15.089,20.121,12.496,-12.621,3.9915,-27.201,5.8583,-4.7866,3.649,12.561,-12.229,0.54296,-11.934,-11.917,4.7857,9.4151,-6.6911,10.23,-0.24908,16.177,-0.62222,-0.47532,-2.2892,-24.83,-18.177,14.057,2.6421,7.8729,-18.751,-8.591,-4.0894,-9.1332,-2.9323,-2.8756,-13.605,14.513,4.8791,12.82,10.066,-2.0783,-12.901,0,-4.5421,-10.308,-34.682,-0.47096,5.7611,-3.8222,6.6071,12.205,14.902,-8.101,-8.5344,-3.5404,-1.1315,0.22841,-7.6336,0.20704,-1.473,-6.4256,1.2682,5.6876,8.7815,7.8706,-10.006,6.1324,-14.41,2.3601,7.842,0.73635,-25.131,33.087,-8.3693,7.0991,-4.7571,-15.859,1.5263,2.3753,-0.18198,8.1524,-11.272,3.3051,-2.3702,0.87996,-2.573,-14.225,0.3407,23.686,2.1417,6.2187,0.014078,-2.8722,-13.326,4.1072,-7.0066,10.012,-4.5421,0,-3.64,4.286,4.3586,-16.779,-9.9443,-2.5343,-13.38,-15.745,-4.5419,-3.7664,5.2299,8.8927,-15.34,-11.834,-32.596,14.502,-6.4471,13.924,-10.077,8.2461,-1.6586,-4.9318,-4.6255,-5.1808,9.1593,1.5806,-6.6812,-5.0909,2.7841,-6.2904,11.308,-5.9812,10.818,15.836,-2.5017,17.84,7.2966,-3.1949,4.5323,3.2556,11.255,11.975,3.1896,0.82859,0.68203,2.9987,14.752,-8.7758,7.7363,-1.2266,-11.464,2.1552,3.6822,-10.308,-3.64,0,12.054,-9.5813,3.57,-3.4801,-13.93,-15.71,-7.0298,7.084,1.325,-0.89333,15.861,-22.193,-15.21,-15.369,11.242,-0.36446,22.995,-8.1557,4.6625,-5.4738,-11.03,12.295,-2.9259,7.7888,12.126,-10.216,-9.8184,7.289,-8.5301,0.13123,-24.478,-0.56367,0.87621,2.2971,20.142,15.041,-14.844,-5.1901,-12.348,27.741,14.601,5.0847,8.8061,2.5464,3.9154,14.215,-17.612,-4.3263,-8.2826,-13.303,3.5331,15.1,-34.682,4.286,12.054,0,-4.5517,-10.038,3.6372,-6.9422,-12.625,-13.143,-1.4271,-8.0119,-23.766,-15.07,17.826,-3.4101,8.3963,4.4834,-7.8591,-4.2345,9.1217,4.3139,15.465,-6.5503,-0.88468,4.5246,-0.43326,-0.72754,31.024,1.4418,0.76288,-0.31101,2.576,10.691,-1.1867,-10.121,-4.745,2.0756,7.7367,-0.27052,12.037,2.2281,-11.931,-16.759,-13.176,-3.4942,6.2501,-2.1017,-5.6163,13.42,-14.931,-17.799,20.552,-17.092,-5.3202,-0.47096,4.3586,-9.5813,-4.5517,0,4.9493,-5.7038,9.9674,1.3474,2.4457,-3.2755,-3.9276,-1.7477,-9.4844,8.4576,1.2501,0.75216,3.6856,-5.9362,-1.8675,0.25301,-2.1308,1.9486,5.521,-12.999,10.1,3.9895,-9.8449,11.084,13.495,-14.948,3.2669,2.0612,17.967,17.231,3.9603,-4.3004,1.8911,-4.0136,12.458,8.4515,17.473,-10.788,-7.8628,2.8087,-4.1563,-9.0057,-3.346,-4.3793,7.2322,5.5725,3.1016,3.7596,-0.76195,-14.352,5.7611,-16.779,3.57,-10.038,4.9493,0,0.81756,0.10659,6.0446,8.6586,13.391,6.6741,1.6742,11.426,-7.8274,0.89479,6.6776,-9.1023,6.188,8.0568,-10.316,-25.918,-28.917,2.1752,15.316,7.9011,-0.99626,7.9875,-9.5761,6.4174,-10.668,-2.6706,-31.656,-8.3239,-2.2257,-8.4295,14.775,0.24105,-2.4546,-3.377,-25.607,-6.5484,9.219,8.1356,26.023,18.078,-12.945,5.3868,1.3617,-7.3535,2.2312,9.2137,-14.475,23.411,6.7438,-3.8222,-9.9443,-3.4801,3.6372,-5.7038,0.81756,0,4.7826,13.824,3.8232,1.9136,-2.0575,-16.593,-0.16069,8.5053,3.7908,17.421,-8.0259,-0.28935,-7.3799,-4.2783,-11.055,0.99865,-5.5613,5.4592,0.14333,-22.97,5.8875,7.8226,5.7904,-4.531,-1.1553,-9.2919,2.4069,-9.843,-27.302,6.3627,-4.5475,2.8615,-4.3072,-2.4443,-8.0704,-4.11,-0.87144,-3.7955,6.0414,1.9995,10.096,-4.3069,16.962,-12.382,-0.92625,8.0615,-3.587,1.1478,6.6071,-2.5343,-13.93,-6.9422,9.9674,0.10659,4.7826,0,13.437,18.245,9.9384,9.6389,-0.14343,-2.9493,8.2737,16.732,19.921,-13.071,10.801,-10.055,0.8101,-19.744,-7.7698,11.48,1.5071,13.273,-10.29,-4.5496,1.6541,20.582,-20.509,9.6308,-20.321,6.0676,-0.22318,-13.406,3.5827,-13.558,-13.356,8.8845,-9.8068,-1.7979,-6.9589,-4.1267,9.1469,1.9541,-15.208,-1.6251,-14.983,5.6234,-1.8639,13.26,2.3906,6.7169,-7.4434,12.205,-13.38,-15.71,-12.625,1.3474,6.0446,13.824,13.437,0,19.312,3.0654,4.6415,-4.3818,-2.6012,8.9365,13.211,10.305,-5.2254,5.3734,-13.172,-3.0991,-9.7702,-0.17268,5.4145,-5.5544,6.1197,-19.855,-5.458,5.5474,19.57,-17.004,8.4164,-6.5671,8.3563,2.3785,-11.655,-0.98987,-7.9543,-7.0778,7.6505,-0.56337,-1.8248,-7.6889,-1.1277,1.2424,-1.8107,-8.2383,2.6342,-10.792,14.087,-4.6707,9.5033,6.5299,-1.403,-9.3968,14.902,-15.745,-7.0298,-13.143,2.4457,8.6586,3.8232,18.245,19.312,0
