0,2.4336,-2.5511,3.831,-8.4647,-4.4613,-0.61582,4.4939,-1.1931,3.1273,-0.47726,3.6971,-0.54564,7.4862,5.7517,-1.2205,0.04145,-2.8667,3.6516,-0.53934,-3.388,2.4336,0,4.7117,6.0209,-6.7043,-8.0259,4.203,7.7621,-9.0696,-3.4802,-4.8399,-2.8872,-1.6318,5.5612,6.303,-1.5801,-3.1237,0.035605,1.7376,-4.5601,0.60998,-2.5511,4.7117,0,3.9052,-1.9832,-1.9719,5.5796,4.217,-7.2477,-9.0274,-5.7092,-5.3512,0.37175,1.7028,0.79607,-5.7088,-2.1425,3.4471,-3.6332,-5.414,4.4002,3.831,6.0209,3.9052,0,-12.235,-12.749,2.8048,12.184,-10.498,-1.7569,-1.9936,0.9502,-1.8893,7.857,2.676,-1.5905,1.5098,2.3655,4.8082,-0.8725,4.0988,-8.4647,-6.7043,-1.9832,-12.235,0,13.219,-1.0286,-12.219,8.6422,-0.49391,0.738,-3.15,2.5375,-12.441,-6.4119,1.1542,-1.9107,-1.9182,-6.0205,2.902,-0.84511,-4.4613,-8.0259,-1.9719,-12.749,13.219,0,-0.43981,-10.702,10.319,-1.2647,-0.10833,-2.9403,4.327,-7.9759,-4.8021,-0.44218,-2.9168,-2.3486,-7.254,1.6885,-3.134,-0.61582,4.203,5.5796,2.8048,-1.0286,-0.43981,0,0.13428,-5.2262,-10.608,-11.501,-7.1502,2.7291,0.44916,0.86587,-2.7409,-9.0555,-0.59178,-3.9204,-1.7951,1.6547,4.4939,7.7621,4.217,12.184,-12.219,-10.702,0.13428,0,-8.776,-1.2052,-1.2949,0.95871,-1.4135,8.8735,4.1746,-2.3399,2.217,1.8669,4.6883,-2.2854,2.4566,-1.1931,-9.0696,-7.2477,-10.498,8.6422,10.319,-5.2262,-8.776,0,4.6292,4.6179,1.767,1.7896,-6.008,-3.7597,3.957,0.18789,-5.0225,-3.3659,5.1175,-5.5436,3.1273,-3.4802,-9.0274,-1.7569,-0.49391,-1.2647,-10.608,-1.2052,4.6292,0,9.9763,11.263,-5.0484,1.3939,0.56994,6.3152,5.9919,-2.4964,3.7643,3.3089,-4.5231,-0.47726,-4.8399,-5.7092,-1.9936,0.738,-0.10833,-11.501,-1.2949,4.6179,9.9763,0,7.4174,-4.2675,0.66688,-0.25315,5.1296,8.8573,1.1997,4.1661,0.6928,-1.0966,3.6971,-2.8872,-5.3512,0.9502,-3.15,-2.9403,-7.1502,0.95871,1.767,11.263,7.4174,0,-7.2397,2.8957,0.23539,2.6056,7.956,-0.01211,5.1733,0.76239,-1.084,-0.54564,-1.6318,0.37175,-1.8893,2.5375,4.327,2.7291,-1.4135,1.7896,-5.0484,-4.2675,-7.2397,0,-4.909,-1.5886,-2.8411,-4.3455,-0.89032,-1.6146,2.2709,0.80299,7.4862,5.5612,1.7028,7.857,-12.441,-7.9759,0.44916,8.8735,-6.008,1.3939,0.66688,2.8957,-4.909,0,7.6234,0.28968,1.7053,0.45726,2.4698,-3.8918,-2.1341,5.7517,6.303,0.79607,2.676,-6.4119,-4.8021,0.86587,4.1746,-3.7597,0.56994,-0.25315,0.23539,-1.5886,7.6234,0,-0.32819,-0.34317,-0.34692,1.4934,-5.5576,-2.3436,-1.2205,-1.5801,-5.7088,-1.5905,1.1542,-0.44218,-2.7409,-2.3399,3.957,6.3152,5.1296,2.6056,-2.8411,0.28968,-0.32819,0,0.38677,-3.0318,-0.71066,6.4101,-6.2079,0.04145,-3.1237,-2.1425,1.5098,-1.9107,-2.9168,-9.0555,2.217,0.18789,5.9919,8.8573,7.956,-4.3455,1.7053,-0.34317,0.38677,0,5.0428,7.2374,-1.0172,3.9047,-2.8667,0.035605,3.4471,2.3655,-1.9182,-2.3486,-0.59178,1.8669,-5.0225,-2.4964,1.1997,-0.01211,-0.89032,0.45726,-0.34692,-3.0318,5.0428,0,4.282,-5.059,7.5292,3.6516,1.7376,-3.6332,4.8082,-6.0205,-7.254,-3.9204,4.6883,-3.3659,3.7643,4.1661,5.1733,-1.6146,2.4698,1.4934,-0.71066,7.2374,4.282,0,-1.5717,4.7542,-0.53934,-4.5601,-5.414,-0.8725,2.902,1.6885,-1.7951,-2.2854,5.1175,3.3089,0.6928,0.76239,2.2709,-3.8918,-5.5576,6.4101,-1.0172,-5.059,-1.5717,0,-3.0749,-3.388,0.60998,4.4002,4.0988,-0.84511,-3.134,1.6547,2.4566,-5.5436,-4.5231,-1.0966,-1.084,0.80299,-2.1341,-2.3436,-6.2079,3.9047,7.5292,4.7542,-3.0749,0
