0,1.9286,3.1516,-11.973,-1.972,2.5336,-7.0705,-7.1979,-4.7262,-9.3237,9.3034,13.776,2.5769,8.028,3.6827,7.3221,-20.672,-13.156,22.117,14.968,-3.7914,-0.25774,-1.5592,2.999,6.275,21.205,-2.1507,13.554,14.956,2.7296,6.7416,9.412,4.4183,-7.2501,12.303,4.7001,7.3514,-1.7553,-9.3199,-3.7048,4.1674,-15.892,-10.637,-9.4547,19.911,5.2509,19.89,-4.5104,5.245,5.7757,-8.8004,-15.512,-7.3641,-1.5909,-2.2676,1.9286,0,4.4302,-1.0215,12.069,11.853,10.232,-6.1361,-6.5108,-4.1126,-0.096676,0.13482,15.069,6.005,1.1933,4.4278,-10.744,-5.4928,-4.7851,6.569,0.80957,32.069,4.1191,-23.922,4.4953,9.8244,14.199,7.8457,8.0373,0.35525,-9.2088,4.948,9.6812,-19.348,12.313,-15.877,-3.1848,0.5437,-16.643,-25.681,19.558,1.5898,1.9769,8.2739,1.457,-6.3964,10.533,-14.898,13.162,-0.64746,7.6568,10.176,6.2325,1.4923,5.4381,3.1516,4.4302,0,15.346,-3.2949,-4.3166,5.4752,3.5816,-7.2994,7.6627,10.527,8.5126,-3.042,-0.068021,-5.7466,-7.292,-1.7453,-9.2815,5.5062,-4.105,10.939,9.714,-10.974,2.5442,4.1041,0.4153,-11.711,11.541,-8.8321,-7.8231,2.8986,-6.0313,-10.336,0.11455,-6.2232,-4.0983,-7.6989,-18.034,2.0525,1.1806,16.013,13.491,7.69,-4.6201,-4.6155,0.35438,7.348,-3.8693,-2.7598,-5.8294,12.46,1.5634,3.3,-4.5789,-8.4814,-11.973,-1.0215,15.346,0,-8.1619,-7.0885,6.3821,10.511,-2.7282,20.3,0.44509,-1.926,-9.7474,-2.5417,-3.9492,-14.939,7.7587,-2.5794,-7.9555,-14.674,12.46,4.0145,-9.6972,1.6333,-4.0609,-12.674,-11.514,0.23713,-27.824,-9.801,-0.25149,-16.28,-13.562,5.5168,-14.481,0.4036,-19.532,-13.13,13.921,7.8758,6.3625,22.469,10.362,-1.222,-12.484,-8.5932,-3.2695,-2.0221,-12.051,-7.9816,10.685,5.3175,2.8648,-5.1238,-7.5636,-1.972,12.069,-3.2949,-8.1619,0,8.149,1.4901,-13.789,-5.5701,-8.3318,2.9621,1.941,12.949,-8.0215,-6.807,7.8255,1.0219,5.4212,-2.9044,1.2601,-4.3202,8.624,6.9459,-7.3053,11.238,6.4304,13.125,-6.165,6.8307,0.76003,-3.0754,5.9138,4.3711,-3.4941,5.0759,-24.005,7.4388,5.2189,-15.42,-21.82,0.75386,2.5089,6.5757,6.6737,-6.2514,7.7718,-1.7587,0.51668,16.654,-0.76762,11.113,15.169,9.5617,12.482,15.192,2.5336,11.853,-4.3166,-7.0885,8.149,0,5.5504,0.050287,-4.562,-17.67,-11.942,-7.3583,2.7709,14.247,17.762,-5.0859,-9.5738,-1.0352,1.6508,19.391,-21.542,10.919,25.667,-7.3906,-7.3781,4.0627,15.675,4.0187,9.2915,17.235,-16.208,20.982,20.905,-23.587,21.664,-9.4925,5.6644,17.748,-22.395,-11.834,3.0888,-5.4353,6.9888,1.7868,9.8671,-6.6511,1.581,-17.203,0.71881,-12.402,-5.0148,8.4536,13.759,-8.4273,19.775,-7.0705,10.232,5.4752,6.3821,1.4901,5.5504,0,14.02,10.2,-2.9819,-10.915,-15.399,9.3716,7.3035,3.8293,-4.7058,3.7225,8.278,-4.3654,2.9374,2.4696,17.352,6.7678,-12.628,-9.7533,-8.9875,9.9255,10.432,0.24544,8.0152,-23.585,4.5358,8.3673,-8.7338,-0.73901,-11.981,0.43383,3.8359,-4.4427,-1.3911,15.239,9.6221,7.0765,20.249,-4.0413,-4.0022,-4.1561,-3.4373,2.3956,-6.8161,6.9587,14.036,14.868,-10.272,-3.388,-7.1979,-6.1361,3.5816,10.511,-13.789,0.050287,14.02,0,13.395,1.0208,-14.725,-17.135,-6.3892,8.9025,9.4752,-16.051,7.5898,7.3254,0.077704,0.65899,-0.41296,0.30337,4.3671,2.434,-25.657,-21.13,-2.3144,6.7425,-7.6983,9.4128,-12.39,1.2745,2.074,-0.21763,-6.6322,3.2405,-0.88332,3.5992,7.054,16.769,2.3699,6.4341,5.9587,5.1883,-0.70682,-5.5084,-9.6472,0.27337,-14.411,-10.57,-3.1239,2.4309,7.8166,-23.171,-7.4144,-4.7262,-6.5108,-7.2994,-2.7282,-5.5701,-4.562,10.2,13.395,0,-3.5701,-10.851,-15.394,6.328,2.1861,2.2208,2.9471,9.5703,18.334,-1.0453,0.94251,1.4582,-4.2122,4.1041,-2.1424,-10.614,-11.647,5.4623,2.6406,3.4984,9.1284,-8.5635,3.1255,6.1016,3.0504,-5.5087,2.752,8.2887,7.3779,4.4088,10.408,-1.9231,-1.3779,-5.5338,15.976,-0.76925,3.776,-10.567,11.477,1.0889,4.4889,-4.5239,-0.43228,0.96914,-5.1938,-9.6436,-9.3237,-4.1126,7.6627,20.3,-8.3318,-17.67,-2.9819,1.0208,-3.5701,0,6.9711,4.4588,-7.6791,-9.2613,-11.107,-2.9217,6.5429,-4.9584,-11.403,-25.545,21.184,-3.0853,-22.054,1.807,3.6926,-5.8293,-14.305,-5.7401,-20.247,-24.689,10.022,-46.019,-21.358,12.359,-16.138,6.9687,-24.979,-20.599,23.017,6.853,1.0319,11.693,-0.36111,-3.469,-12.313,-6.311,0.0014617,2.8668,-6.2841,4.0671,7.9976,-2.0899,-9.2785,5.2222,-10.911,9.3034,-0.096676,10.527,0.44509,2.9621,-11.942,-10.915,-14.725,-10.851,6.9711,0,36.029,0.80699,-12.107,-18.87,8.7304,-3.1789,-10.137,6.5203,-7.1873,11.502,-1.7551,-19.888,5.8366,28.41,12.232,-12.048,0.23986,-1.2064,-18.391,23.754,-8.9395,-15.432,8.1691,-4.7844,0.46268,-2.3889,-20.686,2.1909,-3.4051,2.5562,1.8467,-3.8748,-9.6103,-3.627,10.55,10.873,5.054,7.0123,9.1473,8.7121,-6.9147,-9.7117,13.75,-5.7724,13.776,0.13482,8.5126,-1.926,1.941,-7.3583,-15.399,-17.135,-15.394,4.4588,36.029,0,-1.528,-7.4358,-11.372,7.4696,-8.1697,-15.657,8.7933,-2.9365,6.3143,-2.5164,-15.287,6.6888,23.648,17.273,-11.647,0.88447,0.86159,-14.602,24.663,-5.748,-11.624,4.5939,0.046561,2.736,-2.2783,-16.021,-0.0939,-4.5465,1.3232,-2.4803,-4.9787,-15.232,1.4576,7.4695,14.968,0.8316,5.0203,7.7167,3.7411,-10.009,-11.093,11.095,-2.5878,2.5769,15.069,-3.042,-9.7474,12.949,2.7709,9.3716,-6.3892,6.328,-7.6791,0.80699,-1.528,0,-0.11327,-4.6047,18.598,-3.0451,5.3285,-2.3906,4.9798,3.2931,11.418,3.0289,-18.913,6.9047,7.5707,18.139,5.3275,16.306,2.2243,-6.4131,6.0394,10.454,-7.6228,6.1215,-12.186,7.0722,3.2069,-12.208,-14.57,9.8344,-2.5522,-6.3174,19.172,-0.24659,5.0705,4.1792,1.3946,32.557,10.204,5.4829,5.6339,1.736,7.2528,-0.88338,8.028,6.005,-0.068021,-2.5417,-8.0215,14.247,7.3035,8.9025,2.1861,-9.2613,-12.107,-7.4358,-0.11327,0,28.737,-5.7439,-15.118,-6.5341,5.145,21.458,-9.2733,7.0716,10.468,-6.1064,-14.935,2.7091,6.31,17.064,8.4331,14.818,-12.727,13.337,17.641,-22.636,16.273,3.4475,0.67212,8.5678,-8.3006,-0.41832,8.2141,-9.5695,-2.9872,0.2874,21.17,-12.586,7.8632,-17.914,-4.5188,-5.5297,-13.992,-3.8528,2.5867,-21.391,0.5293,3.6827,1.1933,-5.7466,-3.9492,-6.807,17.762,3.8293,9.4752,2.2208,-11.107,-18.87,-11.372,-4.6047,28.737,0,-9.317,-9.3508,-2.3784,3.5028,19.244,-17.811,1.8187,17.221,-2.0545,-20.889,-1.0893,6.7488,7.2472,5.951,20.127,-13.482,15.069,17.867,-16.263,14.987,4.3543,2.6847,15.87,-6.9406,1.6641,-0.015756,-10.286,0.18645,-1.4368,18.308,-12.204,1.1011,-14.472,-9.0206,-9.5345,-18.589,-2.0823,4.7889,-20.822,6.3544,7.3221,4.4278,-7.292,-14.939,7.8255,-5.0859,-4.7058,-16.051,2.9471,-2.9217,8.7304,7.4696,18.598,-5.7439,-9.317,0,-4.4762,0.54649,-0.2123,0.98238,5.1649,-1.1346,-4.5042,-7.5923,15.234,13.946,7.017,-0.78147,15.532,-4.7892,6.7032,0.2756,2.8654,0.58049,4.085,-0.62095,5.719,-1.3658,-4.6222,-9.4412,0.44287,-9.7534,-18.032,5.8995,2.0466,8.4232,7.338,6.5954,25.951,28.036,0.12949,-5.5257,-11.351,17.531,-3.1528,-20.672,-10.744,-1.7453,7.7587,1.0219,-9.5738,3.7225,7.5898,9.5703,6.5429,-3.1789,-8.1697,-3.0451,-15.118,-9.3508,-4.4762,0,21.058,-7.4446,-16.653,4.8056,-6.6882,-1.4579,6.0163,-2.826,-23.054,-3.3173,-12.609,-13.574,-2.1855,-0.94476,-8.1737,-9.3203,18.5,-23.79,-2.8965,1.1146,-0.12468,12.254,10.394,-8.6878,14.865,8.9388,6.9838,-22.723,6.8013,-28.775,18.523,-4.2742,-3.2061,8.9907,9.2061,5.9769,3.0926,-2.3152,-13.156,-5.4928,-9.2815,-2.5794,5.4212,-1.0352,8.278,7.3254,18.334,-4.9584,-10.137,-15.657,5.3285,-6.5341,-2.3784,0.54649,21.058,0,-4.6321,-3.3948,-2.6183,-3.435,8.6051,-0.11227,-6.0711,-15.441,7.8997,-7.5205,-0.47861,8.2583,-9.1335,3.2396,3.3059,6.6518,-8.0787,-6.5674,11.106,10.941,1.4642,4.6858,-7.504,5.0528,4.9749,16.064,-10.011,8.3863,-26.342,15.061,2.117,-1.8523,3.0865,10.671,9.7499,0.81601,1.5602,22.117,-4.7851,5.5062,-7.9555,-2.9044,1.6508,-4.3654,0.077704,-1.0453,-11.403,6.5203,8.7933,-2.3906,5.145,3.5028,-0.2123,-7.4446,-4.6321,0,12.049,-6.5625,-3.3374,1.0896,12.079,1.6437,7.4592,-6.0084,11.493,7.5282,7.1492,4.4793,11.381,1.3948,-1.7089,4.4165,2.6735,13.592,0.25091,-6.3022,3.3818,0.27523,-7.8165,-1.7003,-9.847,11.787,11.761,6.4448,1.1865,-0.71549,-1.9976,-6.3784,-10.004,0.17941,-6.35,-1.8924,14.968,6.569,-4.105,-14.674,1.2601,19.391,2.9374,0.65899,0.94251,-25.545,-7.1873,-2.9365,4.9798,21.458,19.244,0.98238,-16.653,-3.3948,12.049,0,-17.401,5.3805,16.203,-4.0226,-6.2775,9.3419,10.972,13.122,20.582,20.822,-9.648,31.41,24.517,-21.853,25.788,-1.4642,12.003,14.336,-20.376,-6.1695,3.9389,-16.182,-3.4694,-0.0086205,25.232,-1.4236,7.6919,-11.174,2.977,-3.3634,-13.441,-3.1532,4.355,-10.684,6.6407,-3.7914,0.80957,10.939,12.46,-4.3202,-21.542,2.4696,-0.41296,1.4582,21.184,11.502,6.3143,3.2931,-9.2733,-17.811,5.1649,4.8056,-2.6183,-6.5625,-17.401,0,1.9277,-26.385,-3.0271,8.6564,-1.5441,-8.6879,1.5439,-8.3994,-21.493,8.2708,-22.389,-14.926,9.358,-14.635,1.8384,-12.597,-24.849,12.97,2.9793,8.5008,10.701,-4.5171,3.4916,-11.69,0.47904,3.7429,6.3451,3.7986,10.664,12.561,-1.8905,-8.8954,7.4293,-20.046,-0.25774,32.069,9.714,4.0145,8.624,10.919,17.352,0.30337,-4.2122,-3.0853,-1.7551,-2.5164,11.418,7.0716,1.8187,-1.1346,-6.6882,-3.435,-3.3374,5.3805,1.9277,0,4.1592,-18.199,0.65986,3.8973,10.463,11.264,3.5212,1.9058,-12.891,4.6093,7.6718,-17.25,7.3773,-18.217,-3.4989,-0.54756,-13.22,-15.322,26.233,6.8765,6.8812,9.2888,-0.95382,-6.1608,6.9995,-13.803,7.9903,-5.6372,10.458,13.482,11.426,-3.5494,2.8055,-1.5592,4.1191,-10.974,-9.6972,6.9459,25.667,6.7678,4.3671,4.1041,-22.054,-19.888,-15.287,3.0289,10.468,17.221,-4.5042,-1.4579,8.6051,1.0896,16.203,-26.385,4.1592,0,-4.3537,-12.35,-2.5467,18.09,0.25679,9.0566,29.079,-20.129,23.936,23.05,-12.898,12.92,-7.695,12.236,36.988,-15.107,-4.9487,-3.1166,-5.7107,6.3559,6.2691,6.964,-2.1824,-7.0268,-6.2002,-0.306,-11.152,-7.3198,9.0389,15.558,-8.7866,16.937,2.999,-23.922,2.5442,1.6333,-7.3053,-7.3906,-12.628,2.434,-2.1424,1.807,5.8366,6.6888,-18.913,-6.1064,-2.0545,-7.5923,6.0163,-0.11227,12.079,-4.0226,-3.0271,-18.199,-4.3537,0,-0.031256,-4.3585,-19.87,-4.7686,-8.4984,-1.0915,12.097,-2.3832,-12.411,14.796,-9.1267,9.2234,4.1215,-3.3692,9.0744,15.488,-13.732,0.42613,3.6532,-17.204,-0.65903,9.4695,-5.51,9.2823,-13.119,-4.6714,-3.6776,-8.267,-2.1941,-1.9582,-1.3521,6.275,4.4953,4.1041,-4.0609,11.238,-7.3781,-9.7533,-25.657,-10.614,3.6926,28.41,23.648,6.9047,-14.935,-20.889,15.234,-2.826,-6.0711,1.6437,-6.2775,8.6564,0.65986,-12.35,-0.031256,0,15.081,-3.2279,-3.7437,2.8419,-16.079,16.661,-6.3766,-9.2412,5.5197,-1.36,-4.5828,-0.33986,-12.228,-2.3946,-10.91,1.5539,0.58152,-4.106,-3.9378,-5.1391,10.781,8.9155,4.8452,15.022,11.579,10.587,-1.9245,-7.4827,24.664,-0.24483,21.205,9.8244,0.4153,-12.674,6.4304,4.0627,-8.9875,-21.13,-11.647,-5.8293,12.232,17.273,7.5707,2.7091,-1.0893,13.946,-23.054,-15.441,7.4592,9.3419,-1.5441,3.8973,-2.5467,-4.3585,15.081,0,2.8714,5.5539,15.622,-3.3281,7.9127,5.0622,4.0599,-8.7363,15.769,-0.50734,2.2212,-2.8981,-12.626,-15.816,4.9812,-13.228,-10.424,-6.5086,11.887,2.207,24.743,-7.3466,13.092,9.5509,-2.844,-8.1605,-8.5074,7.8874,3.2245,-2.1507,14.199,-11.711,-11.514,13.125,15.675,9.9255,-2.3144,5.4623,-14.305,-12.048,-11.647,18.139,6.31,6.7488,7.017,-3.3173,7.8997,-6.0084,10.972,-8.6879,10.463,18.09,-19.87,-3.2279,2.8714,0,0.88231,15.457,12.19,-17.592,13.744,24.92,-14.942,13.683,-11.962,7.7014,17.88,-17.183,-14.717,3.4322,-5.4419,-0.93992,17.504,3.5335,-2.6031,-1.4967,-5.1996,12.722,0.60857,-1.4184,10.491,8.1656,0.65347,10.208,13.554,7.8457,11.541,0.23713,-6.165,4.0187,10.432,6.7425,2.6406,-5.7401,0.23986,0.88447,5.3275,17.064,7.2472,-0.78147,-12.609,-7.5205,11.493,13.122,1.5439,11.264,0.25679,-4.7686,-3.7437,5.5539,0.88231,0,7.7769,6.1979,-6.049,8.0899,7.404,-13.389,7.1326,-0.59227,1.8734,-2.3186,-7.1731,-0.61804,20.252,-2.9817,-3.5004,1.7307,11.528,-1.9977,13.177,-8.641,2.0649,-0.95272,-2.6264,-4.4763,1.5589,-13.441,-8.9858,14.956,8.0373,-8.8321,-27.824,6.8307,9.2915,0.24544,-7.6983,3.4984,-20.247,-1.2064,0.86159,16.306,8.4331,5.951,15.532,-13.574,-0.47861,7.5282,20.582,-8.3994,3.5212,9.0566,-8.4984,2.8419,15.622,15.457,7.7769,0,10.466,-3.9781,18.278,19.739,-13.194,19.926,-2.5961,14.435,10.489,-19.026,-11.274,2.7738,-19.98,-11.946,5.0478,15.861,4.2722,8.9473,-3.093,15.989,8.3869,-8.8145,-4.339,-1.914,1.491,3.6946,2.7296,0.35525,-7.8231,-9.801,0.76003,17.235,8.0152,9.4128,9.1284,-24.689,-18.391,-14.602,2.2243,14.818,20.127,-4.7892,-2.1855,8.2583,7.1492,20.822,-21.493,1.9058,29.079,-1.0915,-16.079,-3.3281,12.19,6.1979,10.466,0,-18.294,28.779,22.361,-11.604,10.759,-3.1889,16.135,26.927,-11.916,0.74572,-1.6774,-7.7857,2.9648,5.4314,11.013,0.15722,-5.472,-3.7568,-2.0484,-9.3686,-11.215,3.2119,12.26,-15.017,7.621,6.7416,-9.2088,2.8986,-0.25149,-3.0754,-16.208,-23.585,-12.39,-8.5635,10.022,23.754,24.663,-6.4131,-12.727,-13.482,6.7032,-0.94476,-9.1335,4.4793,-9.648,8.2708,-12.891,-20.129,12.097,16.661,7.9127,-17.592,-6.049,-3.9781,-18.294,0,-12.341,-18.629,14.62,-6.5972,10.286,-3.8326,-15.72,9.3685,3.2607,-6.8304,-2.3863,-7.5694,-15.809,-1.7024,7.3924,6.3413,7.7415,0.16476,10.932,0.78915,-14.185,-18.262,13.197,-5.5915,9.412,4.948,-6.0313,-16.28,5.9138,20.982,4.5358,1.2745,3.1255,-46.019,-8.9395,-5.748,6.0394,13.337,15.069,0.2756,-8.1737,3.2396,11.381,31.41,-22.389,4.6093,23.936,-2.3832,-6.3766,5.0622,13.744,8.0899,18.278,28.779,-12.341,0,23.972,-15.679,18.004,-6.1787,19.783,20.671,-22.859,-6.063,0.74058,-11.269,1.1492,2.8954,14.491,3.1772,0.93925,-5.8701,3.8792,-6.2213,-9.1834,2.0124,10.217,-8.8077,10.422,4.4183,9.6812,-10.336,-13.562,4.3711,20.905,8.3673,2.074,6.1016,-21.358,-15.432,-11.624,10.454,17.641,17.867,2.8654,-9.3203,3.3059,1.3948,24.517,-14.926,7.6718,23.05,-12.411,-9.2412,4.0599,24.92,7.404,19.739,22.361,-18.629,23.972,0,-22.547,21.562,-4.7174,9.8933,22.418,-18.419,-8.3498,3.4993,-12.213,-3.2237,9.4419,14.121,-4.6815,1.9021,-9.4249,5.835,-1.8442,-10.332,2.9921,6.5497,-7.7894,8.0748,-7.2501,-19.348,0.11455,5.5168,-3.4941,-23.587,-8.7338,-0.21763,3.0504,12.359,8.1691,4.5939,-7.6228,-22.636,-16.263,0.58049,18.5,6.6518,-1.7089,-21.853,9.358,-17.25,-12.898,14.796,5.5197,-8.7363,-14.942,-13.389,-13.194,-11.604,14.62,-15.679,-22.547,0,-26.278,6.322,-1.3471,-9.0787,20.38,13.152,-12.715,7.3149,0.36957,-3.9011,-14.43,10.35,-10.571,23.979,-4.3972,4.69,5.2406,-3.273,-6.3183,9.2409,-7.1512,12.303,12.313,-6.2232,-14.481,5.0759,21.664,-0.73901,-6.6322,-5.5087,-16.138,-4.7844,0.046561,6.1215,16.273,14.987,4.085,-23.79,-8.0787,4.4165,25.788,-14.635,7.3773,12.92,-9.1267,-1.36,15.769,13.683,7.1326,19.926,10.759,-6.5972,18.004,21.562,-26.278,0,-2.2379,4.9792,11.461,-22.182,-14.513,3.9926,-17.161,-4.9457,-1.1481,21.313,-6.1266,12.001,-17.495,5.9056,-0.44294,-10.828,-2.0015,0.95699,-3.5552,11.284,4.7001,-15.877,-4.0983,0.4036,-24.005,-9.4925,-11.981,3.2405,2.752,6.9687,0.46268,2.736,-12.186,3.4475,4.3543,-0.62095,-2.8965,-6.5674,2.6735,-1.4642,1.8384,-18.217,-7.695,9.2234,-4.5828,-0.50734,-11.962,-0.59227,-2.5961,-3.1889,10.286,-6.1787,-4.7174,6.322,-2.2379,0,-4.966,-3.6352,14.325,15.493,-8.4322,-10.065,-13.818,-10.918,8.654,-4.6709,3.088,2.1119,-11.088,7.3178,-16.912,-26.169,-20.056,-3.2254,-9.6638,7.3514,-3.1848,-7.6989,-19.532,7.4388,5.6644,0.43383,-0.88332,8.2887,-24.979,-2.3889,-2.2783,7.0722,0.67212,2.6847,5.719,1.1146,11.106,13.592,12.003,-12.597,-3.4989,12.236,4.1215,-0.33986,2.2212,7.7014,1.8734,14.435,16.135,-3.8326,19.783,9.8933,-1.3471,4.9792,-4.966,0,13.869,-11.36,-0.9898,-5.8241,-8.3782,-0.72196,3.8012,5.5039,17.72,-4.9074,7.9667,6.9302,-0.21974,-4.9929,0.21455,6.3763,-0.75624,5.1524,-1.7553,0.5437,-18.034,-13.13,5.2189,17.748,3.8359,3.5992,7.3779,-20.599,-20.686,-16.021,3.2069,8.5678,15.87,-1.3658,-0.12468,10.941,0.25091,14.336,-24.849,-0.54756,36.988,-3.3692,-12.228,-2.8981,17.88,-2.3186,10.489,26.927,-15.72,20.671,22.418,-9.0787,11.461,-3.6352,13.869,0,-11.183,-2.6571,-7.2833,-9.1941,1.9213,6.7201,7.6183,-1.0595,-8.5798,-2.4988,0.14973,-6.1474,-10.953,5.3848,9.7371,-6.2875,14.199,-9.3199,-16.643,2.0525,13.921,-15.42,-22.395,-4.4427,7.054,4.4088,23.017,2.1909,-0.0939,-12.208,-8.3006,-6.9406,-4.6222,12.254,1.4642,-6.3022,-20.376,12.97,-13.22,-15.107,9.0744,-2.3946,-12.626,-17.183,-7.1731,-19.026,-11.916,9.3685,-22.859,-18.419,20.38,-22.182,14.325,-11.36,-11.183,0,20.373,-6.6925,7.146,-2.138,-3.7312,-9.2518,-2.1344,-6.738,10.097,-11.975,3.6475,0.79782,-6.2967,-9.7387,1.1063,-13.572,-3.7048,-25.681,1.1806,7.8758,-21.82,-11.834,-1.3911,16.769,10.408,6.853,-3.4051,-4.5465,-14.57,-0.41832,1.6641,-9.4412,10.394,4.6858,3.3818,-6.1695,2.9793,-15.322,-4.9487,15.488,-10.91,-15.816,-14.717,-0.61804,-11.274,0.74572,3.2607,-6.063,-8.3498,13.152,-14.513,15.493,-0.9898,-2.6571,20.373,0,-7.9469,2.5045,-0.579,-4.2283,-1.5715,1.0588,-9.2615,9.8305,-17.98,-2.0441,-6.1668,-8.3008,-3.7292,-9.0326,-12.169,4.1674,19.558,16.013,6.3625,0.75386,3.0888,15.239,2.3699,-1.9231,1.0319,2.5562,1.3232,9.8344,8.2141,-0.015756,0.44287,-8.6878,-7.504,0.27523,3.9389,8.5008,26.233,-3.1166,-13.732,1.5539,4.9812,3.4322,20.252,2.7738,-1.6774,-6.8304,0.74058,3.4993,-12.715,3.9926,-8.4322,-5.8241,-7.2833,-6.6925,-7.9469,0,5.5858,0.86293,6.5501,1.139,-5.3602,12.578,-10.763,6.6563,-0.63398,8.3166,4.2442,3.7837,-5.0231,-6.7091,-15.892,1.5898,13.491,22.469,2.5089,-5.4353,9.6221,6.4341,-1.3779,11.693,1.8467,-2.4803,-2.5522,-9.5695,-10.286,-9.7534,14.865,5.0528,-7.8165,-16.182,10.701,6.8765,-5.7107,0.42613,0.58152,-13.228,-5.4419,-2.9817,-19.98,-7.7857,-2.3863,-11.269,-12.213,7.3149,-17.161,-10.065,-8.3782,-9.1941,7.146,2.5045,5.5858,0,18.017,4.4547,-25.768,0.20154,-8.6939,3.3451,-3.7271,-9.0183,24.53,15.577,10.371,0.27865,-2.7807,-10.637,1.9769,7.69,10.362,6.5757,6.9888,7.0765,5.9587,-5.5338,-0.36111,-3.8748,-4.9787,-6.3174,-2.9872,0.18645,-18.032,8.9388,4.9749,-1.7003,-3.4694,-4.5171,6.8812,6.3559,3.6532,-4.106,-10.424,-0.93992,-3.5004,-11.946,2.9648,-7.5694,1.1492,-3.2237,0.36957,-4.9457,-13.818,-0.72196,1.9213,-2.138,-0.579,0.86293,18.017,0,-0.13816,-10.966,0.023677,-10.607,-2.5337,-7.3434,-27.548,11.609,20.029,24.694,-5.1731,9.8402,-9.4547,8.2739,-4.6201,-1.222,6.6737,1.7868,20.249,5.1883,15.976,-3.469,-9.6103,-15.232,19.172,0.2874,-1.4368,5.8995,6.9838,16.064,-9.847,-0.0086205,3.4916,9.2888,6.2691,-17.204,-3.9378,-6.5086,17.504,1.7307,5.0478,5.4314,-15.809,2.8954,9.4419,-3.9011,-1.1481,-10.918,3.8012,6.7201,-3.7312,-4.2283,6.5501,4.4547,-0.13816,0,-6.3812,0.25192,-7.0581,3.7464,10.839,3.0281,5.9665,12.394,7.4072,0.6592,-2.2593,19.911,1.457,-4.6155,-12.484,-6.2514,9.8671,-4.0413,-0.70682,-0.76925,-12.313,-3.627,1.4576,-0.24659,21.17,18.308,2.0466,-22.723,-10.011,11.787,25.232,-11.69,-0.95382,6.964,-0.65903,-5.1391,11.887,3.5335,11.528,15.861,11.013,-1.7024,14.491,14.121,-14.43,21.313,8.654,5.5039,7.6183,-9.2518,-1.5715,1.139,-25.768,-10.966,-6.3812,0,-4.5518,12.773,-10.96,-0.7544,1.808,-23.554,-13.769,-5.3621,-9.0954,1.6658,5.2509,-6.3964,0.35438,-8.5932,7.7718,-6.6511,-4.0022,-5.5084,3.776,-6.311,10.55,7.4695,5.0705,-12.586,-12.204,8.4232,6.8013,8.3863,11.761,-1.4236,0.47904,-6.1608,-2.1824,9.4695,10.781,2.207,-2.6031,-1.9977,4.2722,0.15722,7.3924,3.1772,-4.6815,10.35,-6.1266,-4.6709,17.72,-1.0595,-2.1344,1.0588,-5.3602,0.20154,0.023677,0.25192,-4.5518,0,-4.1259,19.216,8.4811,4.3669,5.0589,-0.85753,1.2197,8.3653,-1.4544,19.89,10.533,7.348,-3.2695,-1.7587,1.581,-4.1561,-9.6472,-10.567,0.0014617,10.873,14.968,4.1792,7.8632,1.1011,7.338,-28.775,-26.342,6.4448,7.6919,3.7429,6.9995,-7.0268,-5.51,8.9155,24.743,-1.4967,13.177,8.9473,-5.472,6.3413,0.93925,1.9021,-10.571,12.001,3.088,-4.9074,-8.5798,-6.738,-9.2615,12.578,-8.6939,-10.607,-7.0581,12.773,-4.1259,0,-12.253,6.6257,7.6769,-2.7168,-10.657,-10.157,1.168,-3.8272,-4.5104,-14.898,-3.8693,-2.0221,0.51668,-17.203,-3.4373,0.27337,11.477,2.8668,5.054,0.8316,1.3946,-17.914,-14.472,6.5954,18.523,15.061,1.1865,-11.174,6.3451,-13.803,-6.2002,9.2823,4.8452,-7.3466,-5.1996,-8.641,-3.093,-3.7568,7.7415,-5.8701,-9.4249,23.979,-17.495,2.1119,7.9667,-2.4988,10.097,9.8305,-10.763,3.3451,-2.5337,3.7464,-10.96,19.216,-12.253,0,2.7689,7.8434,3.9111,-1.7901,-3.376,9.0009,-7.3945,5.245,13.162,-2.7598,-12.051,16.654,0.71881,2.3956,-14.411,1.0889,-6.2841,7.0123,5.0203,32.557,-4.5188,-9.0206,25.951,-4.2742,2.117,-0.71549,2.977,3.7986,7.9903,-0.306,-13.119,15.022,13.092,12.722,2.0649,15.989,-2.0484,0.16476,3.8792,5.835,-4.3972,5.9056,-11.088,6.9302,0.14973,-11.975,-17.98,6.6563,-3.7271,-7.3434,10.839,-0.7544,8.4811,6.6257,2.7689,0,13.316,6.6017,3.1666,-1.4922,14.172,0.74459,5.7757,-0.64746,-5.8294,-7.9816,-0.76762,-12.402,-6.8161,-10.57,4.4889,4.0671,9.1473,7.7167,10.204,-5.5297,-9.5345,28.036,-3.2061,-1.8523,-1.9976,-3.3634,10.664,-5.6372,-11.152,-4.6714,11.579,9.5509,0.60857,-0.95272,8.3869,-9.3686,10.932,-6.2213,-1.8442,4.69,-0.44294,7.3178,-0.21974,-6.1474,3.6475,-2.0441,-0.63398,-9.0183,-27.548,3.0281,1.808,4.3669,7.6769,7.8434,13.316,0,-2.2528,-11.869,-22.261,14.427,-10.248,-8.8004,7.6568,12.46,10.685,11.113,-5.0148,6.9587,-3.1239,-4.5239,7.9976,8.7121,3.7411,5.4829,-13.992,-18.589,0.12949,8.9907,3.0865,-6.3784,-13.441,12.561,10.458,-7.3198,-3.6776,10.587,-2.844,-1.4184,-2.6264,-8.8145,-11.215,0.78915,-9.1834,-10.332,5.2406,-10.828,-16.912,-4.9929,-10.953,0.79782,-6.1668,8.3166,24.53,11.609,5.9665,-23.554,5.0589,-2.7168,3.9111,6.6017,-2.2528,0,15.49,7.6035,8.5814,-1.0512,-15.512,10.176,1.5634,5.3175,15.169,8.4536,14.036,2.4309,-0.43228,-2.0899,-6.9147,-10.009,5.6339,-3.8528,-2.0823,-5.5257,9.2061,10.671,-10.004,-3.1532,-1.8905,13.482,9.0389,-8.267,-1.9245,-8.1605,10.491,-4.4763,-4.339,3.2119,-14.185,2.0124,2.9921,-3.273,-2.0015,-26.169,0.21455,5.3848,-6.2967,-8.3008,4.2442,15.577,20.029,12.394,-13.769,-0.85753,-10.657,-1.7901,3.1666,-11.869,15.49,0,23.851,0.54297,10.251,-7.3641,6.2325,3.3,2.8648,9.5617,13.759,14.868,7.8166,0.96914,-9.2785,-9.7117,-11.093,1.736,2.5867,4.7889,-11.351,5.9769,9.7499,0.17941,4.355,-8.8954,11.426,15.558,-2.1941,-7.4827,-8.5074,8.1656,1.5589,-1.914,12.26,-18.262,10.217,6.5497,-6.3183,0.95699,-20.056,6.3763,9.7371,-9.7387,-3.7292,3.7837,10.371,24.694,7.4072,-5.3621,1.2197,-10.157,-3.376,-1.4922,-22.261,7.6035,23.851,0,-8.2647,10.708,-1.5909,1.4923,-4.5789,-5.1238,12.482,-8.4273,-10.272,-23.171,-5.1938,5.2222,13.75,11.095,7.2528,-21.391,-20.822,17.531,3.0926,0.81601,-6.35,-10.684,7.4293,-3.5494,-8.7866,-1.9582,24.664,7.8874,0.65347,-13.441,1.491,-15.017,13.197,-8.8077,-7.7894,9.2409,-3.5552,-3.2254,-0.75624,-6.2875,1.1063,-9.0326,-5.0231,0.27865,-5.1731,0.6592,-9.0954,8.3653,1.168,9.0009,14.172,14.427,8.5814,0.54297,-8.2647,0,2.0224,-2.2676,5.4381,-8.4814,-7.5636,15.192,19.775,-3.388,-7.4144,-9.6436,-10.911,-5.7724,-2.5878,-0.88338,0.5293,6.3544,-3.1528,-2.3152,1.5602,-1.8924,6.6407,-20.046,2.8055,16.937,-1.3521,-0.24483,3.2245,10.208,-8.9858,3.6946,7.621,-5.5915,10.422,8.0748,-7.1512,11.284,-9.6638,5.1524,14.199,-13.572,-12.169,-6.7091,-2.7807,9.8402,-2.2593,1.6658,-1.4544,-3.8272,-7.3945,0.74459,-10.248,-1.0512,10.251,10.708,2.0224,0
