0,3.9595,-12.829,-4.6601,-5.3633,-0.57099,2.4785,-1.2549,5.5186,9.4346,4.5872,2.3526,4.2607,13.059,-6.3228,2.7656,-4.8511,-4.6674,9.1631,1.0901,-1.1464,3.9595,0,1.0067,-1.7679,-7.591,-7.9667,1.4765,-0.14669,-5.9046,2.8823,2.0151,1.1504,5.6105,2.207,-2.1919,-4.9718,-1.7802,3.2558,9.1257,-8.1411,4.3996,-12.829,1.0067,0,4.4494,1.3544,-3.0431,-1.5767,1.6451,-10.922,-6.97,-4.2523,-0.78952,-2.5061,-10.208,5.9121,-5.7441,4.4059,8.2431,-4.8799,-5.2909,2.878,-4.6601,-1.7679,4.4494,0,-1.0935,-4.8143,2.9664,12.087,-0.31648,-5.2277,-0.063416,5.2759,-5.0014,-3.7765,9.7377,1.0826,5.6842,3.8857,-4.0772,2.0184,-3.7016,-5.3633,-7.591,1.3544,-1.0935,0,8.0571,-2.5983,-1.16,2.5061,-3.908,-3.5436,-4.1543,-4.2875,-3.0825,0.26354,1.9321,-1.3127,-4.4223,-5.9587,2.2925,-0.12832,-0.57099,-7.9667,-3.0431,-4.8143,8.0571,0,-2.4269,-5.0524,5.6087,-0.35673,-2.2509,-4.8742,-1.3917,1.0034,-3.4484,4.3557,-1.7426,-5.913,-3.3282,5.0143,-0.4526,2.4785,1.4765,-1.5767,2.9664,-2.5983,-2.4269,0,4.126,2.4475,-0.17599,-0.73611,0.22767,1.6767,4.4868,-0.48299,7.4274,-2.2596,-3.0966,-0.3903,1.6685,-4.6502,-1.2549,-0.14669,1.6451,12.087,-1.16,-5.0524,4.126,0,1.5959,-3.0588,1.0379,6.553,-4.1492,-0.79645,6.8864,3.103,3.7923,2.1499,-1.0585,1.5525,-3.4155,5.5186,-5.9046,-10.922,-0.31648,2.5061,5.6087,2.4475,1.5959,0,3.5811,2.931,2.0489,-1.0076,5.0667,-2.1025,9.8106,-2.8328,-9.9468,-0.40703,10.845,-7.4686,9.4346,2.8823,-6.97,-5.2277,-3.908,-0.35673,-0.17599,-3.0588,3.5811,0,6.1325,3.5362,5.779,4.5574,-6.5904,-0.61997,-5.7039,-4.4181,4.1122,1.967,-3.3108,4.5872,2.0151,-4.2523,-0.063416,-3.5436,-2.2509,-0.73611,1.0379,2.931,6.1325,0,6.0159,1.6498,1.3499,-0.38458,-0.74498,-0.83468,-0.44085,2.1627,2.6603,-3.9167,2.3526,1.1504,-0.78952,5.2759,-4.1543,-4.8742,0.22767,6.553,2.0489,3.5362,6.0159,0,-1.2667,-0.074065,3.0504,-0.1432,1.0345,2.51,0.88208,1.8756,-5.1615,4.2607,5.6105,-2.5061,-5.0014,-4.2875,-1.3917,1.6767,-4.1492,-1.0076,5.779,1.6498,-1.2667,0,2.627,-5.0436,-1.7515,-4.3424,-1.0178,3.5517,-1.9328,-0.083578,13.059,2.207,-10.208,-3.7765,-3.0825,1.0034,4.4868,-0.79645,5.0667,4.5574,1.3499,-0.074065,2.627,0,-5.5257,5.7665,-3.3329,-4.9929,6.6537,0.61179,0.51809,-6.3228,-2.1919,5.9121,9.7377,0.26354,-3.4484,-0.48299,6.8864,-2.1025,-6.5904,-0.38458,3.0504,-5.0436,-5.5257,0,-1.509,6.509,5.5284,-4.9209,-0.33367,-1.5102,2.7656,-4.9718,-5.7441,1.0826,1.9321,4.3557,7.4274,3.103,9.8106,-0.61997,-0.74498,-0.1432,-1.7515,5.7665,-1.509,0,-0.95204,-6.2789,-1.5511,6.8171,-4.2914,-4.8511,-1.7802,4.4059,5.6842,-1.3127,-1.7426,-2.2596,3.7923,-2.8328,-5.7039,-0.83468,1.0345,-4.3424,-3.3329,6.509,-0.95204,0,6.9295,-0.86365,1.1923,2.4845,-4.6674,3.2558,8.2431,3.8857,-4.4223,-5.913,-3.0966,2.1499,-9.9468,-4.4181,-0.44085,2.51,-1.0178,-4.9929,5.5284,-6.2789,6.9295,0,0.21555,-5.613,4.8561,9.1631,9.1257,-4.8799,-4.0772,-5.9587,-3.3282,-0.3903,-1.0585,-0.40703,4.1122,2.1627,0.88208,3.5517,6.6537,-4.9209,-1.5511,-0.86365,0.21555,0,-3.3038,4.9047,1.0901,-8.1411,-5.2909,2.0184,2.2925,5.0143,1.6685,1.5525,10.845,1.967,2.6603,1.8756,-1.9328,0.61179,-0.33367,6.8171,1.1923,-5.613,-3.3038,0,-8.1243,-1.1464,4.3996,2.878,-3.7016,-0.12832,-0.4526,-4.6502,-3.4155,-7.4686,-3.3108,-3.9167,-5.1615,-0.083578,0.51809,-1.5102,-4.2914,2.4845,4.8561,4.9047,-8.1243,0
