0,15.933,28.299,-0.20918,0.67185,-3.6628,1.1973,15.957,16.045,7.9268,-3.6477,-10.437,4.5413,32.3,16.155,-2.7302,4.0604,-1.0782,-31.58,-1.625,1.4647,-5.9446,15.122,-15.584,-21.738,-9.8512,10.59,16.214,2.6388,13.18,-12.122,9.1037,-5.8329,14.255,21.34,12.829,-6.3747,2.0112,6.1131,-6.84,4.1362,-19.401,-18.281,-2.7478,9.7477,-10.809,-3.5553,-2.855,7.9608,-19.181,5.5883,-9.0108,-1.2134,-3.0627,4.491,15.933,0,16.636,-4.6849,-5.5009,-17.202,-5.1781,3.5336,9.8351,-1.419,-12.188,-7.1698,-12.415,14.562,6.6082,-0.4905,-7.4493,2.9493,-14.183,-7.3812,-7.0489,6.9169,9.3618,-27.546,-10.145,-3.1789,27.667,15.697,-3.0804,9.8532,-19.994,-0.60192,4.9097,16.509,10.962,0.43664,0.05133,-8.8468,4.5044,-16.368,-3.8396,-13.66,-13.342,0.37873,-0.8421,-24.465,-8.9235,0.66541,15.202,-3.0176,4.6801,6.0369,10.297,-14.861,5.9609,28.299,16.636,0,-4.5286,0.80121,-6.4074,-2.2757,6.7122,13.381,2.8228,0.54767,-2.4374,0.18807,30.637,15.545,1.1205,2.8371,-3.326,-21.794,1.858,4.4724,-6.1432,6.3536,-15.531,-17.91,-6.4865,11.702,13.052,1.3894,10.695,-11.375,5.9391,-7.2565,13.4,23.208,8.7627,-0.52737,2.0779,3.0138,-5.6917,4.0149,-16.072,-16.52,0.070611,8.0217,-8.4836,-1.7509,-2.128,3.9899,-11.06,1.4274,-5.8895,-2.9039,1.0658,3.771,-0.20918,-4.6849,-4.5286,0,-17.33,4.0181,-2.6892,9.3434,-6.3579,6.5969,-6.8087,-12.499,5.9522,-7.2275,-12.656,-0.73023,-5.4867,22.77,-5.5164,-7.2207,-0.90392,2.1568,9.0889,8.2613,-0.87437,-0.94381,-0.1942,2.161,-16.661,-4.3203,-7.1647,-6.9534,8.2516,9.0166,0.14007,-0.91002,-21.792,1.2565,24.26,-10.08,15.424,12.775,1.4809,-3.5495,-9.2846,0.46481,-17.19,15.511,-6.0011,-4.242,16.19,-3.8856,8.7921,2.3281,-3.738,0.67185,-5.5009,0.80121,-17.33,0,7.0331,8.7604,0.29896,5.0102,-0.32294,11.955,8.4721,9.2586,6.5632,16.854,-0.59019,21.844,-35.727,4.5385,8.669,6.6813,-10.19,-6.0084,-0.96033,1.1066,-2.1499,-11.522,-5.4462,43.674,2.8028,19.28,15.832,-16.793,-16.925,-1.6478,8.3437,11.935,8.0481,-23.743,24.263,-9.605,-11.243,1.1558,2.4034,19.023,8.3074,37.919,-24.043,0.96237,-2.9509,-14.296,-6.9141,-22.242,4.1681,0.96977,-3.6628,-17.202,-6.4074,4.0181,7.0331,0,8.4318,3.1139,1.5451,11.429,6.7316,3.6607,17.267,-2.2827,-2.3435,-3.7207,8.7742,-2.0936,6.5757,9.3906,11.212,-14.157,-3.5053,19.491,0.28273,4.1948,-11.009,-15.298,5.2595,5.9385,10.077,14.675,-5.7571,-13.611,2.5732,1.7409,-7.1569,1.2161,-4.4457,13.811,11.051,2.6313,9.5968,-11.854,4.9268,18.754,6.2965,-8.0984,-10.881,-6.7071,3.814,-21.308,-9.4168,10.072,-11.888,1.1973,-5.1781,-2.2757,-2.6892,8.7604,8.4318,0,0.0085689,14.996,19.666,9.8885,-5.9484,9.7034,1.8564,7.0871,-28.815,2.152,-7.8155,2.5976,15.393,-7.5968,-16.374,7.7091,4.7874,-10.582,-15.657,-9.5372,2.9503,10.852,3.9132,4.4954,10.38,-14.821,-4.991,-0.8639,17.062,-5.6877,4.0549,-2.0671,12.361,-1.4293,-7.6119,-8.2588,-13.945,18.756,-1.1882,7.9251,-2.9361,8.4171,-13.78,-7.5289,-7.2896,-11.109,-0.9982,11.266,15.957,3.5336,6.7122,9.3434,0.29896,3.1139,0.0085689,0,3.5349,6.9967,-8.0083,-15.365,13.383,10.279,7.1864,0.33603,9.1589,3.1092,-18.458,-9.8183,3.0885,-1.7402,15.932,-5.8242,-7.054,-5.618,1.8687,7.5873,2.258,5.6259,-3.9288,7.5602,-0.41735,6.9387,7.5218,9.2176,-11.141,5.0926,7.974,-5.15,4.8117,-7.0279,-5.114,-0.074102,4.6203,-2.8291,-3.9527,-2.9178,2.7583,-15.244,11.439,-11.532,0.61396,-2.2975,-1.5068,16.045,9.8351,13.381,-6.3579,5.0102,1.5451,14.996,3.5349,0,17.539,2.4364,-6.7889,2.7778,18.241,13.699,-17.328,-0.34521,-5.5359,-8.3351,10.368,-4.4171,-13.375,11.415,-6.9056,-27.739,-12.247,5.9097,9.5777,7.2696,18.85,-7.3872,15.095,-10.943,4.5641,14.959,14.37,-5.8961,-2.851,-0.046267,1.7286,1.5216,-22.945,-17.472,-15.248,16.706,-9.7069,1.6091,-5.3673,13.069,-19.845,-0.73827,-8.5906,-5.0463,-5.2338,8.5065,7.9268,-1.419,2.8228,6.5969,-0.32294,11.429,19.666,6.9967,17.539,0,2.6776,-11.918,11.498,5.4687,2.8467,-22.822,-1.1874,2.448,-5.1613,9.9149,-3.4425,-16.604,14.366,5.3516,-19.183,-11.538,-1.2948,4.5465,1.2597,11.003,-4.9464,11.653,-7.7885,2.9513,9.2465,13.546,-20.759,-0.27446,7.316,2.4979,10.896,-6.1417,-9.0764,-25.615,10.559,-2.5426,-2.6899,0.97927,4.5095,-25.312,5.2546,-15.405,-3.8956,-0.2496,3.9227,-3.6477,-12.188,0.54767,-6.8087,11.955,6.7316,9.8885,-8.0083,2.4364,2.6776,0,10.492,8.9305,-0.081811,6.9897,-3.1075,8.7305,-15.171,5.6437,24.492,6.2943,-18.862,-8.2012,8.3108,-2.0031,-6.3003,-17.132,-3.5648,9.2293,-5.3393,12.905,3.6328,-24.764,-8.5112,-1.7858,9.6747,6.2866,14.989,-7.8237,21.047,0.82555,0.23101,-1.9343,0.14791,13.587,10.905,16.937,-2.1799,-7.2655,-2.3936,-18.786,-6.0333,-27.928,18.911,4.6923,-10.437,-7.1698,-2.4374,-12.499,8.4721,3.6607,-5.9484,-15.365,-6.7889,-11.918,10.492,0,-3.6551,-3.4893,-1.3247,11.401,5.149,-9.9263,13.828,7.8556,13.504,-1.6145,-42.214,5.8535,11.278,14.206,-4.7827,-17.692,4.3977,-2.2978,12.275,0.94544,-3.0319,-14.619,-2.3161,-9.7761,18.209,-0.18314,-18.491,11.372,-1.9884,4.3524,12.839,5.5655,-1.776,15.59,12.241,-8.207,-13.329,13.687,-9.1194,1.1069,-7.914,11.439,-9.6505,4.5413,-12.415,0.18807,5.9522,9.2586,17.267,9.7034,13.383,2.7778,11.498,8.9305,-3.6551,0,3.6772,7.1689,-3.3891,18.095,-5.4242,-4.1106,5.6325,9.0734,-16.862,4.4483,7.8651,-4.6249,-6.9833,-14.936,-1.7623,8.9552,0.74489,9.1893,12.01,-13.498,-4.9699,2.5234,14.68,-7.4178,15.284,0.39311,11.386,7.4841,-1.9517,-0.62303,-3.2923,13.191,10.761,7.7922,-5.1794,-6.1424,-15.158,0.16787,-23.085,-15.488,11.534,-1.7908,32.3,14.562,30.637,-7.2275,6.5632,-2.2827,1.8564,10.279,18.241,5.4687,-0.081811,-3.4893,3.6772,0,22.48,-1.4343,7.3088,-7.329,-18.565,2.0653,4.4387,-8.1376,7.8284,-15.761,-17.903,-6.8785,8.9449,10.373,7.9536,16.122,-6.8792,13.832,-9.2969,7.32,21.651,11.509,-0.49435,1.4741,-1.1969,-1.532,1.1981,-27.278,-14.481,-2.1764,13.365,-7.1517,2.3718,-9.0746,7.0155,-15.074,1.1514,-9.496,-5.3858,-1.5769,3.0284,16.155,6.6082,15.545,-12.656,16.854,-2.3435,7.0871,7.1864,13.699,2.8467,6.9897,-1.3247,7.1689,22.48,0,-2.7611,14.432,-19.461,-10.424,4.9634,2.2431,-10.075,5.0502,-13.387,-11.073,-12.321,-1.3313,9.4959,19.575,5.993,2.7118,12.422,-18.718,0.6839,7.162,19.018,5.8207,9.953,-6.9874,6.7844,-6.8654,-25.535,-13.916,2.8724,25.59,-3.97,12.723,-11.679,8.3514,-11.87,-9.557,-6.4528,-14.479,0.37824,9.2443,-2.7302,-0.4905,1.1205,-0.73023,-0.59019,-3.7207,-28.815,0.33603,-17.328,-22.822,-3.1075,11.401,-3.3891,-1.4343,-2.7611,0,6.0444,0.38851,-0.099126,-10.48,14.497,9.9176,-13.073,-2.3312,14.236,15.711,1.8614,-7.0917,-3.0937,-5.8695,3.6667,-5.8268,6.9611,-1.5291,-1.1859,-12.46,10.748,1.8696,-4.0019,-3.2468,-0.38794,6.7131,11.503,19.205,-10.564,8.0854,0.53346,-2.5196,-13.07,13.48,2.1479,3.3761,2.3407,6.5643,-13.022,4.0604,-7.4493,2.8371,-5.4867,21.844,8.7742,2.152,9.1589,-0.34521,-1.1874,8.7305,5.149,18.095,7.3088,14.432,6.0444,0,-16.819,-2.0819,2.2891,14.809,-9.0871,-3.6936,-0.059155,1.8663,-1.0076,-12.129,-4.4866,19.413,0.21926,16.347,12.8,-13.295,-10.201,0.76669,8.6626,6.3497,14.895,-11.15,14.689,-2.3435,-6.4012,2.5978,6.7535,13.326,12.27,18.824,-16.458,-5.5911,-5.1513,-5.9417,-12.497,-19.22,9.8928,-3.7728,-1.0782,2.9493,-3.326,22.77,-35.727,-2.0936,-7.8155,3.1092,-5.5359,2.448,-15.171,-9.9263,-5.4242,-7.329,-19.461,0.38851,-16.819,0,-3.7148,-10.52,-4.7531,9.6466,6.8416,3.4956,0.072048,4.286,9.897,2.2298,-31.451,-0.62585,-15.839,-10.727,19.672,12.495,1.7695,-9.1521,-16.267,-9.4788,22.275,-20.906,11.777,11.734,2.1252,-4.6784,-19.616,-5.3278,-36.841,17.145,-2.1282,1.4247,21.514,3.1604,23.16,-4.6356,-4.8812,-31.58,-14.183,-21.794,-5.5164,4.5385,6.5757,2.5976,-18.458,-8.3351,-5.1613,5.6437,13.828,-4.1106,-18.565,-10.424,-0.099126,-2.0819,-3.7148,0,6.0983,-0.46306,1.9909,-17.159,14.334,16.27,10.156,-9.9599,-20.1,2.5632,-6.0044,14.482,-2.1549,2.2956,-21.733,-15.182,-10.838,8.3239,-4.4739,-12.693,11.926,-5.5744,10.385,17.168,-1.1054,-4.6283,11.492,8.1493,-3.2293,-5.5456,14.944,-7.6558,5.7765,-2.0466,2.0057,-4.9242,-1.625,-7.3812,1.858,-7.2207,8.669,9.3906,15.393,-9.8183,10.368,9.9149,24.492,7.8556,5.6325,2.0653,4.9634,-10.48,2.2891,-10.52,6.0983,0,3.0529,-24.084,-4.9557,8.9235,-7.7642,-5.636,-8.5361,-3.6693,6.973,3.2625,5.8886,8.1791,-19.492,-7.0419,3.6556,8.3322,1.028,4.2083,-6.5237,16.604,4.1132,-3.0488,-3.6763,-10.383,13.405,6.4933,10.843,-2.8467,-3.1627,-5.9675,-11.278,-8.2559,-17.486,10.944,3.8284,1.4647,-7.0489,4.4724,-0.90392,6.6813,11.212,-7.5968,3.0885,-4.4171,-3.4425,6.2943,13.504,9.0734,4.4387,2.2431,14.497,14.809,-4.7531,-0.46306,3.0529,0,-7.0222,-11.921,5.5502,3.5558,10.851,-3.7222,-12.264,3.1769,3.1203,7.5197,7.999,-4.5636,-6.8077,7.7757,-2.8492,3.5827,4.8551,-6.7501,6.9256,9.5782,1.7062,9.5171,3.3965,0.91401,19.773,6.6488,-9.3219,-21.608,0.1953,2.4065,-13.837,-9.239,18.798,-18.346,-5.9446,6.9169,-6.1432,2.1568,-10.19,-14.157,-16.374,-1.7402,-13.375,-16.604,-18.862,-1.6145,-16.862,-8.1376,-10.075,9.9176,-9.0871,9.6466,1.9909,-24.084,-7.0222,0,-1.4415,-6.8855,13.264,9.1934,9.0125,0.56698,-9.2089,-6.5349,-4.8128,-15.214,25.789,3.9601,-8.9777,-16.506,4.6211,-8.9317,2.6746,-14.646,-8.6075,6.8084,6.3737,10.85,-20.52,-6.9321,-9.6759,5.0422,3.5425,16.814,5.2356,20.822,21.688,-12.725,-2.2526,15.122,9.3618,6.3536,9.0889,-6.0084,-3.5053,7.7091,15.932,11.415,14.366,-8.2012,-42.214,4.4483,7.8284,5.0502,-13.073,-3.6936,6.8416,-17.159,-4.9557,-11.921,-1.4415,0,-7.9121,-16.61,-17.17,5.7937,20.843,-2.1323,5.2742,-13.242,2.0112,-0.20007,15.528,5.7938,13.314,-17.155,0.68421,16.036,-9.8265,2.3142,-8.4977,-17.526,-6.9562,5.2706,-16.999,-10.008,5.9293,15.04,-18.503,7.6894,-3.2398,5.1735,-10.567,11.042,-15.584,-27.546,-15.531,8.2613,-0.96033,19.491,4.7874,-5.8242,-6.9056,5.3516,8.3108,5.8535,7.8651,-15.761,-13.387,-2.3312,-0.059155,3.4956,14.334,8.9235,5.5502,-6.8855,-7.9121,0,6.4861,5.5896,-13.923,-16.693,-3.391,-4.7658,9.4225,0.076616,-0.84909,-11.341,-5.7721,-3.983,-5.5609,1.4085,-0.26044,9.8145,10.486,16.607,13.273,-7.4553,-3.297,18.764,1.8327,2.9606,-15.858,2.2579,1.0362,-6.661,-4.3977,12.42,-8.6942,-21.738,-10.145,-17.91,-0.87437,1.1066,0.28273,-10.582,-7.054,-27.739,-19.183,-2.0031,11.278,-4.6249,-17.903,-11.073,14.236,1.8663,0.072048,16.27,-7.7642,3.5558,13.264,-16.61,6.4861,0,16.261,-6.7725,-15.68,-0.84084,-12.861,12.87,-8.5768,9.8852,-12.713,-18.521,-17.118,11.401,-0.90769,-8.2581,3.2032,-7.3053,14.866,24.724,12.509,-12.735,11.106,3.9386,-1.8339,-9.0164,25.929,-2.5478,9.6292,3.1885,1.6976,-9.4593,-9.8512,-3.1789,-6.4865,-0.94381,-2.1499,4.1948,-15.657,-5.618,-12.247,-11.538,-6.3003,14.206,-6.9833,-6.8785,-12.321,15.711,-1.0076,4.286,10.156,-5.636,10.851,9.1934,-17.17,5.5896,16.261,0,3.9549,-20.973,-4.8986,1.8152,3.2658,-1.0819,13.522,-8.4919,-0.92659,-29.802,5.6235,-11.678,-7.1493,-1.1653,2.4762,9.0116,25.856,2.6435,-16.18,10.713,-1.507,-5.354,-12.318,15.894,7.2338,1.966,6.9036,1.7748,-27.069,10.59,27.667,11.702,-0.1942,-11.522,-11.009,-9.5372,1.8687,5.9097,-1.2948,-17.132,-4.7827,-14.936,8.9449,-1.3313,1.8614,-12.129,9.897,-9.9599,-8.5361,-3.7222,9.0125,5.7937,-13.923,-6.7725,3.9549,0,7.6351,-9.8257,12.085,-25.327,-1.636,11.768,15.038,12.996,-6.7508,-3.3477,-17.059,6.5345,-21.724,2.2706,-6.3108,-5.6178,-2.9651,-8.0334,-15.733,-15.717,2.4241,7.588,-0.15457,12.3,4.6888,17.336,-12.529,-1.6962,16.214,15.697,13.052,2.161,-5.4462,-15.298,2.9503,7.5873,9.5777,4.5465,-3.5648,-17.692,-1.7623,10.373,9.4959,-7.0917,-4.4866,2.2298,-20.1,-3.6693,-12.264,0.56698,20.843,-16.693,-15.68,-20.973,7.6351,0,-2.2143,0.11202,-14.355,-4.0576,-2.9708,22.951,4.9143,13.439,-5.1517,4.4649,12.745,-11.163,-2.6065,-9.6957,-31.643,1.4247,5.6756,-24.408,-7.2133,8.7259,15.794,-10.355,-0.47935,3.7193,3.1778,-7.8489,20.433,2.6388,-3.0804,1.3894,-16.661,43.674,5.2595,10.852,2.258,7.2696,1.2597,9.2293,4.3977,8.9552,7.9536,19.575,-3.0937,19.413,-31.451,2.5632,6.973,3.1769,-9.2089,-2.1323,-3.391,-0.84084,-4.8986,-9.8257,-2.2143,0,3.7216,15.596,16.308,-16.096,-13.645,-1.6389,10.741,9.9013,7.4377,-19.587,19.686,-11.638,-14.541,-1.5122,1.5753,21.668,4.4366,28.863,-22.74,4.9643,-4.9927,-13.408,-6.0662,-18.772,0.68182,3.6927,13.18,9.8532,10.695,-4.3203,2.8028,5.9385,3.9132,5.6259,18.85,11.003,-5.3393,-2.2978,0.74489,16.122,5.993,-5.8695,0.21926,-0.62585,-6.0044,3.2625,3.1203,-6.5349,5.2742,-4.7658,-12.861,1.8152,12.085,0.11202,3.7216,0,-7.8522,19.917,-1.0985,1.3338,21.364,1.765,-6.2273,-12.207,-2.3064,-1.4015,5.6617,-15.865,-3.8314,-15.614,5.4551,-3.8979,-1.7207,-11.119,5.4931,-11.513,9.2226,-11.436,0.98254,-5.8901,-5.2913,-12.122,-19.994,-11.375,-7.1647,19.28,10.077,4.4954,-3.9288,-7.3872,-4.9464,12.905,12.275,9.1893,-6.8792,2.7118,3.6667,16.347,-15.839,14.482,5.8886,7.5197,-4.8128,-13.242,9.4225,12.87,3.2658,-25.327,-14.355,15.596,-7.8522,0,4.6614,-8.5586,-28.271,-12.686,0.91039,11.559,10.05,-18.062,26.542,-7.2902,3.3344,11.668,6.098,6.3144,19.468,25.059,-11.219,-7.67,5.4507,-13.288,-2.7908,-16.161,9.3321,-3.346,9.1037,-0.60192,5.9391,-6.9534,15.832,14.675,10.38,7.5602,15.095,11.653,3.6328,0.94544,12.01,13.832,12.422,-5.8268,12.8,-10.727,-2.1549,8.1791,7.999,-15.214,2.0112,0.076616,-8.5768,-1.0819,-1.636,-4.0576,16.308,19.917,4.6614,0,-10.868,-7.9948,11.414,8.3647,-2.2735,-0.77244,-9.4963,11.039,2.5603,-16.068,-1.153,-10.779,15.984,4.7654,10.155,-21.881,1.7615,-14.145,1.0992,-20.623,-11.21,1.1174,-4.5728,-5.8329,4.9097,-7.2565,8.2516,-16.793,-5.7571,-14.821,-0.41735,-10.943,-7.7885,-24.764,-3.0319,-13.498,-9.2969,-18.718,6.9611,-13.295,19.672,2.2956,-19.492,-4.5636,25.789,-0.20007,-0.84909,9.8852,13.522,11.768,-2.9708,-16.096,-1.0985,-8.5586,-10.868,0,4.4418,-3.7087,-21.844,-3.1854,-16.166,6.6147,-17.512,0.45905,9.8197,9.4148,1.8632,-31.134,-4.4347,-17.351,6.4302,0.011639,11.763,15.038,10.876,33.79,-11.004,-8.4833,14.255,16.509,13.4,9.0166,-16.925,-13.611,-4.991,6.9387,4.5641,2.9513,-8.5112,-14.619,-4.9699,7.32,0.6839,-1.5291,-10.201,12.495,-21.733,-7.0419,-6.8077,3.9601,15.528,-11.341,-12.713,-8.4919,15.038,22.951,-13.645,1.3338,-28.271,-7.9948,4.4418,0,9.4031,3.866,-9.7405,-0.85794,23.133,-23.94,5.8609,-2.4952,-16.399,0.11117,-3.6111,-18.699,-19.547,15.094,6.4699,-6.595,8.4641,3.1225,10.675,-5.134,7.6471,21.34,10.962,23.208,0.14007,-1.6478,2.5732,-0.8639,7.5218,14.959,9.2465,-1.7858,-2.3161,2.5234,21.651,7.162,-1.1859,0.76669,1.7695,-15.182,3.6556,7.7757,-8.9777,5.7938,-5.7721,-18.521,-0.92659,12.996,4.9143,-1.6389,21.364,-12.686,11.414,-3.7087,9.4031,0,4.4332,-7.6943,-4.2452,4.1539,-5.1922,13.259,-11.597,-8.5043,-9.2262,4.7246,-3.6786,-5.1065,-3.4196,-0.093316,-13.897,9.6501,-13.536,-0.56674,1.8605,-4.1182,12.829,0.43664,8.7627,-0.91002,8.3437,1.7409,17.062,9.2176,14.37,13.546,9.6747,-9.7761,14.68,11.509,19.018,-12.46,8.6626,-9.1521,-10.838,8.3322,-2.8492,-16.506,13.314,-3.983,-17.118,-29.802,-6.7508,13.439,10.741,1.765,0.91039,8.3647,-21.844,3.866,4.4332,0,-4.7913,15.169,2.645,6.3028,-0.26954,-12.632,-19.301,-3.3088,27.136,-4.2808,6.5902,-1.2613,7.5843,-22.582,-7.0011,-9.574,-14.103,2.5865,15.321,-6.3747,0.05133,-0.52737,-21.792,11.935,-7.1569,-5.6877,-11.141,-5.8961,-20.759,6.2866,18.209,-7.4178,-0.49435,5.8207,10.748,6.3497,-16.267,8.3239,1.028,3.5827,4.6211,-17.155,-5.5609,11.401,5.6235,-3.3477,-5.1517,9.9013,-6.2273,11.559,-2.2735,-3.1854,-9.7405,-7.6943,-4.7913,0,2.948,-20.453,7.8713,-17.315,-1.9221,4.7929,15.888,1.3462,3.9698,15.235,-8.9386,-0.94885,14.875,-17.465,9.8406,-6.3053,1.8212,0.77549,2.0112,-8.8468,2.0779,1.2565,8.0481,1.2161,4.0549,5.0926,-2.851,-0.27446,14.989,-0.18314,15.284,1.4741,9.953,1.8696,14.895,-9.4788,-4.4739,4.2083,4.8551,-8.9317,0.68421,1.4085,-0.90769,-11.678,-17.059,4.4649,7.4377,-12.207,10.05,-0.77244,-16.166,-0.85794,-4.2452,15.169,2.948,0,0.20229,8.9839,-0.96324,0.51619,-5.0205,9.8408,11.369,6.0323,10.151,1.2988,-4.8449,-5.082,-11.206,-4.9051,-17.144,13.911,7.293,6.1131,4.5044,3.0138,24.26,-23.743,-4.4457,-2.0671,7.974,-0.046267,7.316,-7.8237,-18.491,0.39311,-1.1969,-6.9874,-4.0019,-11.15,22.275,-12.693,-6.5237,-6.7501,2.6746,16.036,-0.26044,-8.2581,-7.1493,6.5345,12.745,-19.587,-2.3064,-18.062,-9.4963,6.6147,23.133,4.1539,2.645,-20.453,0.20229,0,-18.217,11.853,5.6722,-8.3551,-3.6242,-6.7156,-9.6061,-24.948,23.098,1.3236,-6.8642,12.885,0.15114,11.333,-2.0143,4.0492,-6.84,-16.368,-5.6917,-10.08,24.263,13.811,12.361,-5.15,1.7286,2.4979,21.047,11.372,11.386,-1.532,6.7844,-3.2468,14.689,-20.906,11.926,16.604,6.9256,-14.646,-9.8265,9.8145,3.2032,-1.1653,-21.724,-11.163,19.686,-1.4015,26.542,11.039,-17.512,-23.94,-5.1922,6.3028,7.8713,8.9839,-18.217,0,-3.8081,-1.9512,5.051,-1.4697,14.254,15.953,30.409,-12.784,-5.0963,-1.1665,-15.319,-7.9268,-26.326,10.584,-0.44688,4.1362,-3.8396,4.0149,15.424,-9.605,11.051,-1.4293,4.8117,1.5216,10.896,0.82555,-1.9884,7.4841,1.1981,-6.8654,-0.38794,-2.3435,11.777,-5.5744,4.1132,9.5782,-8.6075,2.3142,10.486,-7.3053,2.4762,2.2706,-2.6065,-11.638,5.6617,-7.2902,2.5603,0.45905,5.8609,13.259,-0.26954,-17.315,-0.96324,11.853,-3.8081,0,6.0628,0.98898,-10.683,-3.4124,5.8032,-10.01,6.4948,-12.778,-8.2615,14.395,-14.805,1.0042,10.867,-9.8058,-19.401,-13.66,-16.072,12.775,-11.243,2.6313,-7.6119,-7.0279,-22.945,-6.1417,0.23101,4.3524,-1.9517,-27.278,-25.535,6.7131,-6.4012,11.734,10.385,-3.0488,1.7062,6.8084,-8.4977,16.607,14.866,9.0116,-6.3108,-9.6957,-14.541,-15.865,3.3344,-16.068,9.8197,-2.4952,-11.597,-12.632,-1.9221,0.51619,5.6722,-1.9512,6.0628,0,14.221,3.7481,-17.652,9.5659,-6.2606,13.005,-15.264,13.142,3.0713,5.505,5.8189,7.5524,-7.2454,-18.281,-13.342,-16.52,1.4809,1.1558,9.5968,-8.2588,-5.114,-17.472,-9.0764,-1.9343,12.839,-0.62303,-14.481,-13.916,11.503,2.5978,2.1252,17.168,-3.6763,9.5171,6.3737,-17.526,13.273,24.724,25.856,-5.6178,-31.643,-1.5122,-3.8314,11.668,-1.153,9.4148,-16.399,-8.5043,-19.301,4.7929,-5.0205,-8.3551,5.051,0.98898,14.221,0,2.9893,-12.103,18.565,2.8084,-5.1222,-14.868,15.211,3.4414,0.60618,2.2843,4.5544,-21.658,-2.7478,0.37873,0.070611,-3.5495,2.4034,-11.854,-13.945,-0.074102,-15.248,-25.615,0.14791,5.5655,-3.2923,-2.1764,2.8724,19.205,6.7535,-4.6784,-1.1054,-10.383,3.3965,10.85,-6.9562,-7.4553,12.509,2.6435,-2.9651,1.4247,1.5753,-15.614,6.098,-10.779,1.8632,0.11117,-9.2262,-3.3088,15.888,9.8408,-3.6242,-1.4697,-10.683,3.7481,2.9893,0,-3.9625,1.6332,4.4159,0.4026,-3.3417,12.148,-7.343,10.414,-0.71829,2.8315,1.1194,9.7477,-0.8421,8.0217,-9.2846,19.023,4.9268,18.756,4.6203,16.706,10.559,13.587,-1.776,13.191,13.365,25.59,-10.564,13.326,-19.616,-4.6283,13.405,0.91401,-20.52,5.2706,-3.297,-12.735,-16.18,-8.0334,5.6756,21.668,5.4551,6.3144,15.984,-31.134,-3.6111,4.7246,27.136,1.3462,11.369,-6.7156,14.254,-3.4124,-17.652,-12.103,-3.9625,0,-0.027738,15.741,-10.029,6.4122,-16.47,-11.414,-11.059,-22.353,3.367,10.192,-10.809,-24.465,-8.4836,0.46481,8.3074,18.754,-1.1882,-2.8291,-9.7069,-2.5426,10.905,15.59,10.761,-7.1517,-3.97,8.0854,12.27,-5.3278,11.492,6.4933,19.773,-6.9321,-16.999,18.764,11.106,10.713,-15.733,-24.408,4.4366,-3.8979,19.468,4.7654,-4.4347,-18.699,-3.6786,-4.2808,3.9698,6.0323,-9.6061,15.953,5.8032,9.5659,18.565,1.6332,-0.027738,0,10.927,-7.0275,-24.898,4.5464,-2.3576,-9.5358,-11.353,19.864,-15.27,-3.5553,-8.9235,-1.7509,-17.19,37.919,6.2965,7.9251,-3.9527,1.6091,-2.6899,16.937,12.241,7.7922,2.3718,12.723,0.53346,18.824,-36.841,8.1493,10.843,6.6488,-9.6759,-10.008,1.8327,3.9386,-1.507,-15.717,-7.2133,28.863,-1.7207,25.059,10.155,-17.351,-19.547,-5.1065,6.5902,15.235,10.151,-24.948,30.409,-10.01,-6.2606,2.8084,4.4159,15.741,10.927,0,-17.123,-1.755,0.58399,-20.127,-4.1803,-25.145,7.2807,1.5796,-2.855,0.66541,-2.128,15.511,-24.043,-8.0984,-2.9361,-2.9178,-5.3673,0.97927,-2.1799,-8.207,-5.1794,-9.0746,-11.679,-2.5196,-16.458,17.145,-3.2293,-2.8467,-9.3219,5.0422,5.9293,2.9606,-1.8339,-5.354,2.4241,8.7259,-22.74,-11.119,-11.219,-21.881,6.4302,15.094,-3.4196,-1.2613,-8.9386,1.2988,23.098,-12.784,6.4948,13.005,-5.1222,0.4026,-10.029,-7.0275,-17.123,0,-0.97197,1.9255,3.5867,8.1608,9.8108,0.54791,6.8079,7.9608,15.202,3.9899,-6.0011,0.96237,-10.881,8.4171,2.7583,13.069,4.5095,-7.2655,-13.329,-6.1424,7.0155,8.3514,-13.07,-5.5911,-2.1282,-5.5456,-3.1627,-21.608,3.5425,15.04,-15.858,-9.0164,-12.318,7.588,15.794,4.9643,5.4931,-7.67,1.7615,0.011639,6.4699,-0.093316,7.5843,-0.94885,-4.8449,1.3236,-5.0963,-12.778,-15.264,-14.868,-3.3417,6.4122,-24.898,-1.755,-0.97197,0,-5.9097,-2.4696,7.0152,4.7996,-24.491,17.079,-19.181,-3.0176,-11.06,-4.242,-2.9509,-6.7071,-13.78,-15.244,-19.845,-25.312,-2.3936,13.687,-15.158,-15.074,-11.87,13.48,-5.1513,1.4247,14.944,-5.9675,0.1953,16.814,-18.503,2.2579,25.929,15.894,-0.15457,-10.355,-4.9927,-11.513,5.4507,-14.145,11.763,-6.595,-13.897,-22.582,14.875,-5.082,-6.8642,-1.1665,-8.2615,13.142,15.211,12.148,-16.47,4.5464,0.58399,1.9255,-5.9097,0,-4.1365,18.318,6.7551,-0.5285,-5.671,5.5883,4.6801,1.4274,16.19,-14.296,3.814,-7.5289,11.439,-0.73827,5.2546,-18.786,-9.1194,0.16787,1.1514,-9.557,2.1479,-5.9417,21.514,-7.6558,-11.278,2.4065,5.2356,7.6894,1.0362,-2.5478,7.2338,12.3,-0.47935,-13.408,9.2226,-13.288,1.0992,15.038,8.4641,9.6501,-7.0011,-17.465,-11.206,12.885,-15.319,14.395,3.0713,3.4414,-7.343,-11.414,-2.3576,-20.127,3.5867,-2.4696,-4.1365,0,-5.701,15.697,-4.666,-12.233,-9.0108,6.0369,-5.8895,-3.8856,-6.9141,-21.308,-7.2896,-11.532,-8.5906,-15.405,-6.0333,1.1069,-23.085,-9.496,-6.4528,3.3761,-12.497,3.1604,5.7765,-8.2559,-13.837,20.822,-3.2398,-6.661,9.6292,1.966,4.6888,3.7193,-6.0662,-11.436,-2.7908,-20.623,10.876,3.1225,-13.536,-9.574,9.8406,-4.9051,0.15114,-7.9268,-14.805,5.505,0.60618,10.414,-11.059,-9.5358,-4.1803,8.1608,7.0152,18.318,-5.701,0,11.451,-10.434,7.3841,-1.2134,10.297,-2.9039,8.7921,-22.242,-9.4168,-11.109,0.61396,-5.0463,-3.8956,-27.928,-7.914,-15.488,-5.3858,-14.479,2.3407,-19.22,23.16,-2.0466,-17.486,-9.239,21.688,5.1735,-4.3977,3.1885,6.9036,17.336,3.1778,-18.772,0.98254,-16.161,-11.21,33.79,10.675,-0.56674,-14.103,-6.3053,-17.144,11.333,-26.326,1.0042,5.8189,2.2843,-0.71829,-22.353,-11.353,-25.145,9.8108,4.7996,6.7551,15.697,11.451,0,-15.127,-3.0657,-3.0627,-14.861,1.0658,2.3281,4.1681,10.072,-0.9982,-2.2975,-5.2338,-0.2496,18.911,11.439,11.534,-1.5769,0.37824,6.5643,9.8928,-4.6356,2.0057,10.944,18.798,-12.725,-10.567,12.42,1.6976,1.7748,-12.529,-7.8489,0.68182,-5.8901,9.3321,1.1174,-11.004,-5.134,1.8605,2.5865,1.8212,13.911,-2.0143,10.584,10.867,7.5524,4.5544,2.8315,3.367,19.864,7.2807,0.54791,-24.491,-0.5285,-4.666,-10.434,-15.127,0,-6.0956,4.491,5.9609,3.771,-3.738,0.96977,-11.888,11.266,-1.5068,8.5065,3.9227,4.6923,-9.6505,-1.7908,3.0284,9.2443,-13.022,-3.7728,-4.8812,-4.9242,3.8284,-18.346,-2.2526,11.042,-8.6942,-9.4593,-27.069,-1.6962,20.433,3.6927,-5.2913,-3.346,-4.5728,-8.4833,7.6471,-4.1182,15.321,0.77549,7.293,4.0492,-0.44688,-9.8058,-7.2454,-21.658,1.1194,10.192,-15.27,1.5796,6.8079,17.079,-5.671,-12.233,7.3841,-3.0657,-6.0956,0
