0,7.5946,-10.561,-7.1404,0.58953,16.8,2.0736,15.713,-0.55869,2.0376,-9.717,-6.8464,5.6546,20.137,12.542,-4.9429,3.9947,2.4814,0.96494,14.658,-9.3097,6.4576,14.893,-9.3054,-20.216,-10.686,-2.1674,6.8259,1.7437,-15.055,-1.2957,37.497,-6.3384,-0.90794,14.608,11.326,-10.836,-15.499,7.0717,0.95463,-13,-22.764,-7.6406,-3.0294,7.4225,-3.6944,9.2095,4.0117,-1.4337,-8.3472,1.0285,-4.6321,2.815,1.6152,0.30852,7.5946,0,-10.93,-1.7617,-16.198,9.2609,-21.275,3.9478,0.34514,-5.5839,-1.7658,0.85399,-7.3554,-2.7386,7.0243,12.47,-10.008,9.7221,-14.32,5.6367,-10.651,9.9034,12.469,-8.7155,-10.368,0.58713,-7.6127,14.417,3.0372,-24.483,-7.7933,6.4333,6.885,2.9362,15.578,-5.1097,1.1971,1.9483,0.84621,-15.337,-7.0024,-9.8387,-4.8767,9.0884,-2.3259,-5.6163,-2.0333,7.582,-6.3798,1.8493,-10.17,3.7259,8.5216,-4.4302,-2.7278,-10.561,-10.93,0,-5.8994,11.588,-13.327,-0.033441,-8.2765,10.39,-8.9643,15.956,18.244,14.506,-8.184,5.2849,0.033398,10.491,-22.012,3.9739,0.76536,30.321,-22.237,-3.1875,-1.5278,6.424,-1.1364,14.815,-1.4898,11.982,24.387,17.604,-6.0811,-2.4707,-6.0645,-3.3597,-9.4382,15.003,8.2825,-14.123,0.25507,-3.1019,3.7932,-0.87954,-5.096,7.5642,21.007,4.514,-19.21,-4.7513,18.23,-5.1181,-8.6943,-8.4757,4.0569,-8.2794,-7.1404,-1.7617,-5.8994,0,-13.094,2.3682,-1.7993,2.7168,-7.9762,19.12,-13.82,-14.798,-13.156,-0.57012,-20.065,4.5056,-12.084,19.455,-2.4368,-2.9891,-9.7371,17.124,-17.347,22.966,17.388,20.096,-1.5865,-0.94606,-27.738,-0.61528,-21.211,-12.448,5.9266,1.0986,-5.8192,-0.59938,-7.0967,-4.4331,13.682,12.073,20.246,20.638,1.3429,9.8224,-31.906,-17.53,-26.29,16.22,1.6593,-6.1277,5.0561,7.3413,-5.4742,-2.3755,-3.7238,0.58953,-16.198,11.588,-13.094,0,-2.8496,16.633,0.79456,-0.077533,-4.393,7.5346,7.8421,19.208,5.817,4.7015,-8.8051,25.42,-21.146,7.8403,2.1762,12.668,-19.061,3.1941,-5.6399,-4.6442,-7.6121,6.7746,-7.1702,10.414,13.494,26.151,4.8173,-16.732,2.5419,-2.1775,3.6949,2.6954,1.4412,-5.893,3.5442,-3.1921,-3.7297,1.2642,-12.86,18.084,18.915,18.244,-17.036,0.99548,3.3172,8.598,-2.6329,-6.0353,1.2296,1.5578,16.8,9.2609,-13.327,2.3682,-2.8496,0,-1.7247,37.447,-10.738,6.4393,-14.434,-8.3312,0.11447,15.706,1.7301,6.7874,0.35412,11.261,-10.495,18.195,-16.122,14.917,10.969,-4.3313,-11.462,5.0452,-2.0726,11.566,-4.2471,-17.346,-5.6918,14.385,-7.3455,9.2741,17.475,3.041,-12.195,-8.1872,13.292,2.1346,-0.76722,-7.8108,-9.7956,6.81,-2.1453,-5.814,0.72234,8.7234,-3.7739,-6.4953,6.9751,9.5125,-2.0525,-9.3557,-5.0958,2.0736,-21.275,-0.033441,-1.7993,16.633,-1.7247,0,1.2649,-5.7822,8.1185,-3.9285,-7.1706,5.7963,12.056,-4.7569,-20.371,11.169,-5.3721,16.09,-4.2566,1.4378,-4.8471,-5.3402,4.8795,0.14866,-6.2581,-0.4684,-16.655,-3.8708,8.556,5.4043,2.5232,-11.751,1.5821,-9.9545,16.702,-7.715,-7.9994,4.5795,13.763,4.4545,1.5664,6.6438,-13.096,5.9471,0.98355,7.6412,-2.5321,8.4833,-10.234,17.631,-1.307,-3.7486,4.3591,9.262,15.713,3.9478,-8.2765,2.7168,0.79456,37.447,1.2649,0,-9.698,8.0281,-14.417,-7.9299,3.9781,19.148,1.7286,4.6764,3.7736,7.7274,-7.3833,22.099,-11.344,11.513,8.5568,-2.8501,-8.8729,5.2108,1.8475,10.133,-4.3194,-10.512,-3.1379,14.033,-10.324,7.3478,15.204,3.5496,-12.593,-9.9977,13.267,6.3899,-0.34658,-6.1704,-11.067,4.9115,-1.1615,-3.4438,1.4881,6.0315,-3.8367,-5.6999,8.8819,7.0245,-5.8834,-7.9357,-7.289,-0.55869,0.34514,10.39,-7.9762,-0.077533,-10.738,-5.7822,-9.698,0,-14.585,14.03,11.367,3.0762,-9.6441,8.8043,-1.2766,-3.2595,-11.124,1.8721,-1.7619,16.285,-9.1696,4.0521,-8.9872,2.7345,-9.2035,13.928,6.7972,7.6753,4.1696,5.5838,-0.32295,12.65,-27.579,-3.3061,-7.6628,3.3646,4.618,-19.603,-7.258,-17.527,-5.9483,-9.3719,1.6929,3.823,7.5958,-0.045338,-13.455,5.344,3.7178,-25.424,-18.735,9.2726,2.661,2.171,2.0376,-5.5839,-8.9643,19.12,-4.393,6.4393,8.1185,8.0281,-14.585,0,-29.295,-29.022,-3.8505,12.945,-10.872,-5.9884,-1.0729,14.348,6.642,1.2225,-14.614,14.812,-14.128,22.713,5.9614,7.2055,-6.3707,-7.6486,-21.345,-1.0826,-14.554,-1.2779,-5.0866,4.0803,-2.4552,13.389,-10.552,-18.072,31.16,25.328,15.849,9.9905,5.8518,-1.8753,-10.688,-18.184,-7.5102,19.822,-0.75068,-10.479,15.61,3.583,-10.58,4.829,-2.7753,-9.717,-1.7658,15.956,-13.82,7.5346,-14.434,-3.9285,-14.417,14.03,-29.295,0,32.376,4.1901,-17.835,5.2991,3.3885,2.4931,-19.186,-2.4409,-6.3374,24.225,-22.695,5.1032,-11.884,0.90623,-4.8517,8.2113,1.461,17.268,9.4904,17.37,-5.4762,4.7844,-4.7166,-4.4358,-13.945,13.934,22.648,-42.027,-15.545,-8.3716,-2.2388,-1.5373,-0.36484,8.8541,21.712,5.4517,-25.533,2.271,12.396,-11.674,-3.8804,6.4831,-2.7653,3.196,-6.8464,0.85399,18.244,-14.798,7.8421,-8.3312,-7.1706,-7.9299,11.367,-29.022,32.376,0,8.479,-13.66,9.466,7.2932,5.6558,-19.041,-5.5659,0.5928,21.072,-20.622,8.2915,-14.292,-2.1736,-2.9439,9.2783,5.3447,23.711,7.7677,20.154,-2.1374,0.91976,-1.7982,2.2294,-16.84,17.243,20.203,-27.067,-15.405,-9.6271,-4.2041,-3.9397,0.12393,10.713,28.218,7.4632,-23.818,-3.9234,19.729,-11.053,-2.842,1.8056,-3.4267,-3.4163,5.6546,-7.3554,14.506,-13.156,19.208,0.11447,5.7963,3.9781,3.0762,-3.8505,4.1901,8.479,0,8.0949,16.441,-6.0823,31.131,-19.198,7.4619,12.83,10.586,-14.627,5.2261,-6.1598,-8.0155,-9.1255,7.6207,-1.1589,15.438,9.3948,20.22,10.622,-17.554,-0.63447,7.6436,2.8366,6.9998,-3.8561,-3.2969,4.0074,-8.8268,-8.0867,-1.6169,-14.137,20.951,16.739,19.624,-11.726,-10.044,10.379,2.3413,-9.8102,-12.368,7.5775,-9.8735,20.137,-2.7386,-8.184,-0.57012,5.817,15.706,12.056,19.148,-9.6441,12.945,-17.835,-13.66,8.0949,0,3.9001,-9.6359,10.06,3.1957,6.5617,12.592,-10.46,6.4167,3.4241,1.0997,-10.599,-4.8228,-3.1336,-2.0157,-3.8826,-5.4556,-1.2728,18.526,-16.532,4.4043,7.967,19.626,-12.332,-23.743,16.847,13.415,-0.93875,-7.6553,-1.1136,-7.7792,5.0449,-5.0364,8.1839,6.8148,-2.2963,-9.7486,14.302,-0.84943,-7.1632,3.8075,-1.8053,12.542,7.0243,5.2849,-20.065,4.7015,1.7301,-4.7569,1.7286,8.8043,-10.872,5.2991,9.466,16.441,3.9001,0,-2.4106,10.505,-11.451,2.3528,12.349,4.8172,-8.2866,15.005,-15.228,-17.661,-16.527,1.6526,5.792,21.628,-2.8442,10.805,17.742,-5.5124,-3.9455,15.6,1.2101,7.8261,-2.946,-6.024,-7.1894,-24.112,-22.584,-3.8658,-8.7561,20.39,9.7482,17.725,-6.9804,-10.962,9.4088,-8.7496,-13.265,-0.42351,7.9736,-6.471,-4.9429,12.47,0.033398,4.5056,-8.8051,6.7874,-20.371,4.6764,-1.2766,-5.9884,3.3885,7.2932,-6.0823,-9.6359,-2.4106,0,-8.3108,6.3785,-36.071,5.5488,-1.5976,5.4187,5.7115,-4.6385,1.5548,17.236,3.6594,18.101,0.90169,-6.2679,-2.8585,-4.8843,5.8125,5.9888,8.4254,-23.753,3.5488,13.148,-2.9363,-10.316,2.0047,2.7082,-9.7321,21.734,-8.6609,1.9166,-8.9236,0.33767,-5.202,8.0795,-6.0844,12.845,0.84512,-17.404,-8.8837,3.9947,-10.008,10.491,-12.084,25.42,0.35412,11.169,3.7736,-3.2595,-1.0729,2.4931,5.6558,31.131,10.06,10.505,-8.3108,0,-16.431,9.0803,8.4244,7.1881,-14.287,3.1017,-3.477,-8.742,-8.0593,2.1761,-6.8638,12.808,9.9556,20.176,9.0332,-28.219,5.4486,5.1187,6.4724,6.5141,-3.5856,-0.34607,5.365,-3.2862,-5.496,3.9394,-18.914,21.71,14.586,23.628,-9.0715,-8.9803,7.87,9.3545,-4.2644,-13.744,7.1038,-6.1853,2.4814,9.7221,-22.012,19.455,-21.146,11.261,-5.3721,7.7274,-11.124,14.348,-19.186,-19.041,-19.198,3.1957,-11.451,6.3785,-16.431,0,-7.4729,-0.079596,-27.122,41.396,-4.1775,9.4808,2.9813,12.173,-9.7844,3.6569,-20.706,-15.674,-34.18,-2.1855,6.0033,5.2726,2.131,2.5056,-11.23,-6.3202,17.685,3.5384,10.599,5.674,-0.13009,11.736,-21.173,-28.817,-16.231,28.81,1.1115,-11.024,3.7714,11.084,1.9709,-5.1065,0.13579,0.96494,-14.32,3.9739,-2.4368,7.8403,-10.495,16.09,-7.3833,1.8721,6.642,-2.4409,-5.5659,7.4619,6.5617,2.3528,-36.071,9.0803,-7.4729,0,-5.7378,3.7421,-7.0374,-10.132,8.2014,1.8374,-13.715,-2.8825,-20.788,-0.29593,10.607,3.0647,1.3259,-5.5439,-6.604,-9.0526,18.333,0.82347,-11.852,2.6022,12.097,0.043596,0.92857,12.377,-24.326,7.4954,-1.0787,7.1417,-0.27482,1.458,-3.2057,4.9339,-15.034,-4.8969,24.454,4.1797,14.658,5.6367,0.76536,-2.9891,2.1762,18.195,-4.2566,22.099,-1.7619,1.2225,-6.3374,0.5928,12.83,12.592,12.349,5.5488,8.4244,-0.079596,-5.7378,0,-3.1934,3.4965,11.219,-6.7722,-10.893,0.86128,5.7213,13.48,4.8611,-5.9693,2.8145,16.429,-10.462,2.6032,25.622,-0.55194,-2.0218,-7.6713,5.6351,2.7579,-7.3958,-10.16,-12.355,1.243,4.9254,3.3901,5.903,0.44238,-12.557,4.4471,0.88395,-1.1167,-9.3208,-1.9056,-17.19,-9.3097,-10.651,30.321,-9.7371,12.668,-16.122,1.4378,-11.344,16.285,-14.614,24.225,21.072,10.586,-10.46,4.8172,-1.5976,7.1881,-27.122,3.7421,-3.1934,0,-27.155,-0.11098,-5.9085,5.4098,-4.7918,16.77,-0.85024,12.563,20.124,19.7,-5.4481,1.3902,-9.8208,-6.9697,-9.5894,10.566,11.239,-23.974,-3.5814,-6.9428,0.77352,-2.9243,-3.645,8.6941,23.131,5.0328,-30.62,2.2592,11.31,-8.089,-9.7816,-0.48403,1.3996,-0.54953,6.4576,9.9034,-22.237,17.124,-19.061,14.917,-4.8471,11.513,-9.1696,14.812,-22.695,-20.622,-14.627,6.4167,-8.2866,5.4187,-14.287,41.396,-7.0374,3.4965,-27.155,0,-1.902,7.3873,1.1452,10.002,-6.9853,6.1323,-19.924,-17.777,-30.891,1.4028,4.9306,3.1416,4.4028,3.6276,-14.685,-9.6001,18.944,4.8881,7.0187,2.6549,-3.4711,11.626,-18.242,-27.448,-14.158,26.172,1.1265,-12.631,3.1816,8.22,1.6939,-4.905,-0.92528,14.893,12.469,-3.1875,-17.347,3.1941,10.969,-5.3402,8.5568,4.0521,-14.128,5.1032,8.2915,5.2261,3.4241,15.005,5.7115,3.1017,-4.1775,-10.132,11.219,-0.11098,-1.902,0,-35.276,-22.874,-7.5317,2.2398,14.836,13.015,-12.202,7.6406,18.369,-2.5825,1.8131,15.998,-3.377,-1.4486,3.1108,-6.4534,-14.688,-19.404,-27.331,-12.344,2.9941,11.197,8.025,11.341,-7.0212,-1.3104,1.1658,-5.8414,0.65438,8.6919,-8.2575,0.95741,-9.3054,-8.7155,-1.5278,22.966,-5.6399,-4.3313,4.8795,-2.8501,-8.9872,22.713,-11.884,-14.292,-6.1598,1.0997,-15.228,-4.6385,-3.477,9.4808,8.2014,-6.7722,-5.9085,7.3873,-35.276,0,16.64,9.5495,-5.2999,-12.579,-17.498,6.5226,-12.213,-12.772,0.31819,1.4283,-9.9951,6.13,-1.569,-7.3465,13.718,18.266,23.092,23.186,11.677,-2.0588,-13.48,-13.209,-12.008,13.566,-0.89032,-3.4383,9.2136,1.9646,-10.742,7.4949,-2.8656,-20.216,-10.368,6.424,17.388,-4.6442,-11.462,0.14866,-8.8729,2.7345,5.9614,0.90623,-2.1736,-8.0155,-10.599,-17.661,1.5548,-8.742,2.9813,1.8374,-10.893,5.4098,1.1452,-22.874,16.64,0,12.417,6.7421,-4.2535,-12.384,12.227,-6.3801,-27.576,10.299,-6.8225,-18.197,-6.4448,0.0015013,3.9772,-0.98901,7.9608,13.346,28.168,1.7404,6.3838,-16.718,-3.9634,-19.832,0.8726,6.4093,-0.37722,-1.115,0.28287,-3.0294,-0.52976,-0.36065,-10.686,0.58713,-1.1364,20.096,-7.6121,5.0452,-6.2581,5.2108,-9.2035,7.2055,-4.8517,-2.9439,-9.1255,-4.8228,-16.527,17.236,-8.0593,12.173,-13.715,0.86128,-4.7918,10.002,-7.5317,9.5495,12.417,0,2.3411,5.0963,-11.576,0.14204,-8.7834,-13.077,2.8985,7.7706,-0.82471,-11.056,-1.7576,5.6361,6.1282,3.7041,17.843,17.615,-3.0022,16.592,-20.286,-4.8925,-18.047,6.5906,-1.6452,1.5466,4.4944,17.268,-6.4316,-12.718,-7.8048,-2.1674,-7.6127,14.815,-1.5865,6.7746,-2.0726,-0.4684,1.8475,13.928,-6.3707,8.2113,9.2783,7.6207,-3.1336,1.6526,3.6594,2.1761,-9.7844,-2.8825,5.7213,16.77,-6.9853,2.2398,-5.2999,6.7421,2.3411,0,9.7903,2.572,9.2682,8.2059,-1.5732,2.8259,-12.385,-2.0726,-11.13,-1.7827,4.3033,-10.708,1.9285,-6.547,0.41976,-18.449,6.3633,0.15721,11.51,-2.2496,-15.938,4.8052,3.365,-6.9099,-6.3104,-1.2658,-6.2585,-4.4009,6.8259,14.417,-1.4898,-0.94606,-7.1702,11.566,-16.655,10.133,6.7972,-7.6486,1.461,5.3447,-1.1589,-2.0157,5.792,18.101,-6.8638,3.6569,-20.788,13.48,-0.85024,6.1323,14.836,-12.579,-4.2535,5.0963,9.7903,0,2.3867,-11.295,-1.9793,5.8393,6.5629,-3.5102,13.439,-13.778,-3.5785,3.7763,-3.9099,-8.8667,-10.114,-8.0941,-27.747,18.512,-3.6276,1.8285,-4.5059,-2.073,-1.6004,2.1737,-11.906,1.7816,5.2678,-13.36,-6.7939,1.7437,3.0372,11.982,-27.738,10.414,-4.2471,-3.8708,-4.3194,7.6753,-21.345,17.268,23.711,15.438,-3.8826,21.628,0.90169,12.808,-20.706,-0.29593,4.8611,12.563,-19.924,13.015,-17.498,-12.384,-11.576,2.572,2.3867,0,3.6017,23.081,7.1535,-5.8879,0.63456,8.4357,-5.1195,16.918,8.2678,-15.107,-13.28,-15.153,-12.94,-0.32609,-8.2403,24.606,23.037,19.925,-16.319,-9.0605,17.325,-7.2472,-6.3233,0.008,3.1303,-3.8909,-15.055,-24.483,24.387,-0.61528,13.494,-17.346,8.556,-10.512,4.1696,-1.0826,9.4904,7.7677,9.3948,-5.4556,-2.8442,-6.2679,9.9556,-15.674,10.607,-5.9693,20.124,-17.777,-12.202,6.5226,12.227,0.14204,9.2682,-11.295,3.6017,0,12.086,-11.072,-3.8938,-3.9847,-12.639,-2.4353,9.2586,4.7704,-7.4651,7.2661,4.8036,11.069,5.8072,-8.5118,3.94,11.829,2.1306,-12.307,0.28159,8.5405,2.567,-5.8981,-9.9855,6.1445,-2.472,-1.2957,-7.7933,17.604,-21.211,26.151,-5.6918,5.4043,-3.1379,5.5838,-14.554,17.37,20.154,20.22,-1.2728,10.805,-2.8585,20.176,-34.18,3.0647,2.8145,19.7,-30.891,7.6406,-12.213,-6.3801,-8.7834,8.2059,-1.9793,23.081,12.086,0,4.0511,-10.382,0.75813,1.2945,-3.4208,10.514,8.0547,-14.715,-4.8462,-8.7938,-6.771,-0.67135,-9.7865,23.251,38.828,19.756,-27.356,-2.7627,11.635,-0.16051,-4.5672,-3.1418,0.6855,-1.1857,37.497,6.4333,-6.0811,-12.448,4.8173,14.385,2.5232,14.033,-0.32295,-1.2779,-5.4762,-2.1374,10.622,18.526,17.742,-4.8843,9.0332,-2.1855,1.3259,16.429,-5.4481,1.4028,18.369,-12.772,-27.576,-13.077,-1.5732,5.8393,7.1535,-11.072,4.0511,0,-10.272,0.96124,17.167,9.81,-5.7842,-11.623,4.0135,-0.90989,-15.399,-28.398,-6.3393,-6.0976,13.512,1.4786,15.668,0.071306,-4.2172,-3.6055,1.3376,-5.0047,0.94563,2.2923,-1.2078,-6.3384,6.885,-2.4707,5.9266,-16.732,-7.3455,-11.751,-10.324,12.65,-5.0866,4.7844,0.91976,-17.554,-16.532,-5.5124,5.8125,-28.219,6.0033,-5.5439,-10.462,1.3902,4.9306,-2.5825,0.31819,10.299,2.8985,2.8259,6.5629,-5.8879,-3.8938,-10.382,-10.272,0,-13.272,-7.8159,-9.6117,-1.7729,6.8008,-7.6223,-8.1126,-2.0224,3.7951,-4.9542,13.95,-13.029,-6.6335,-17.058,1.3002,9.9315,-3.3614,-18.414,-2.6562,16.039,-3.7859,6.5713,-0.90794,2.9362,-6.0645,1.0986,2.5419,9.2741,1.5821,7.3478,-27.579,4.0803,-4.7166,-1.7982,-0.63447,4.4043,-3.9455,5.9888,5.4486,5.2726,-6.604,2.6032,-9.8208,3.1416,1.8131,1.4283,-6.8225,7.7706,-12.385,-3.5102,0.63456,-3.9847,0.75813,0.96124,-13.272,0,6.759,1.5389,2.7446,2.772,8.7967,-0.94742,11.034,2.2475,7.9234,-1.0991,1.0549,-0.1167,4.3091,5.9819,-8.3108,2.6928,16.198,22.178,-6.9828,-5.7705,-3.1116,14.608,15.578,-3.3597,-5.8192,-2.1775,17.475,-9.9545,15.204,-3.3061,-2.4552,-4.4358,2.2294,7.6436,7.967,15.6,8.4254,5.1187,2.131,-9.0526,25.622,-6.9697,4.4028,15.998,-9.9951,-18.197,-0.82471,-2.0726,13.439,8.4357,-12.639,1.2945,17.167,-7.8159,6.759,0,-1.2874,2.1606,-3.9768,4.5112,-4.9544,-8.5969,-14.08,-7.1332,1.2286,6.1774,1.9003,7.4492,3.1322,-16.98,6.6155,-1.714,1.5212,-4.3776,-1.6169,-13.704,11.326,-5.1097,-9.4382,-0.59938,3.6949,3.041,16.702,3.5496,-7.6628,13.389,-13.945,-16.84,2.8366,19.626,1.2101,-23.753,6.4724,2.5056,18.333,-0.55194,-9.5894,3.6276,-3.377,6.13,-6.4448,-11.056,-11.13,-13.778,-5.1195,-2.4353,-3.4208,9.81,-9.6117,1.5389,-1.2874,0,-8.1645,-22.46,13.814,12.061,1.2945,-4.1361,9.8844,-16.14,5.1078,-9.1015,7.5623,8.9772,1.3993,-12.394,12.35,-4.7337,-2.5665,13.015,6.1365,-10.836,1.1971,15.003,-7.0967,2.6954,-12.195,-7.715,-12.593,3.3646,-10.552,13.934,17.243,6.9998,-12.332,7.8261,3.5488,6.5141,-11.23,0.82347,-2.0218,10.566,-14.685,-1.4486,-1.569,0.0015013,-1.7576,-1.7827,-3.5785,16.918,9.2586,10.514,-5.7842,-1.7729,2.7446,2.1606,-8.1645,0,11.114,-9.9253,-8.373,-1.1798,1.8752,8.8042,-6.8962,8.1583,12.136,6.1133,-7.0917,-14.532,31.654,-6.0675,-3.1843,-5.9431,7.2014,-8.5649,-15.499,1.9483,8.2825,-4.4331,1.4412,-8.1872,-7.9994,-9.9977,4.618,-18.072,22.648,20.203,-3.8561,-23.743,-2.946,13.148,-3.5856,-6.3202,-11.852,-7.6713,11.239,-9.6001,3.1108,-7.3465,3.9772,5.6361,4.3033,3.7763,8.2678,4.7704,8.0547,-11.623,6.8008,2.772,-3.9768,-22.46,11.114,0,-18.908,-17.186,0.33707,3.8467,-1.2856,7.9276,-0.12576,12.318,-1.8819,-12.398,2.1344,10.584,-7.2647,7.3789,6.2384,-11.501,2.2699,7.0717,0.84621,-14.123,13.682,-5.893,13.292,4.5795,13.267,-19.603,31.16,-42.027,-27.067,-3.2969,16.847,-6.024,-2.9363,-0.34607,17.685,2.6022,5.6351,-23.974,18.944,-6.4534,13.718,-0.98901,6.1282,-10.708,-3.9099,-15.107,-7.4651,-14.715,4.0135,-7.6223,8.7967,4.5112,13.814,-9.9253,-18.908,0,15.639,11.682,4.0352,4.8168,-1.3766,-7.7161,-18.594,-4.0743,25.806,-4.742,-9.1805,15.519,6.2322,-9.4739,3.2456,-4.4417,0.95463,-15.337,0.25507,12.073,3.5442,2.1346,13.763,6.3899,-7.258,25.328,-15.545,-15.405,4.0074,13.415,-7.1894,-10.316,5.365,3.5384,12.097,2.7579,-3.5814,4.8881,-14.688,18.266,7.9608,3.7041,1.9285,-8.8667,-13.28,7.2661,-4.8462,-0.90989,-8.1126,-0.94742,-4.9544,12.061,-8.373,-17.186,15.639,0,10.598,9.3627,3.1821,-5.7893,-4.8344,-7.1973,-3.336,7.0954,0.25438,-6.9395,14.235,-2.4227,-15.104,7.0829,-4.2423,-13,-7.0024,-3.1019,20.246,-3.1921,-0.76722,4.4545,-0.34658,-17.527,15.849,-8.3716,-9.6271,-8.8268,-0.93875,-24.112,2.0047,-3.2862,10.599,0.043596,-7.3958,-6.9428,7.0187,-19.404,23.092,13.346,17.843,-6.547,-10.114,-15.153,4.8036,-8.7938,-15.399,-2.0224,11.034,-8.5969,1.2945,-1.1798,0.33707,11.682,10.598,0,26.775,10.816,2.2921,-14.062,-8.7032,-11.169,10.704,-0.044111,-2.4257,14.853,14.205,-9.1147,-1.9977,-1.2653,-22.764,-9.8387,3.7932,20.638,-3.7297,-7.8108,1.5664,-6.1704,-5.9483,9.9905,-2.2388,-4.2041,-8.0867,-7.6553,-22.584,2.7082,-5.496,5.674,0.92857,-10.16,0.77352,2.6549,-27.331,23.186,28.168,17.615,0.41976,-8.0941,-12.94,11.069,-6.771,-28.398,3.7951,2.2475,-14.08,-4.1361,1.8752,3.8467,4.0352,9.3627,26.775,0,7.4227,4.1154,-16.153,-5.092,-16.102,4.8104,1.7672,1.0005,5.8052,6.8402,-7.8328,-0.8081,-2.2995,-7.6406,-4.8767,-0.87954,1.3429,1.2642,-9.7956,6.6438,-11.067,-9.3719,5.8518,-1.5373,-3.9397,-1.6169,-1.1136,-3.8658,-9.7321,3.9394,-0.13009,12.377,-12.355,-2.9243,-3.4711,-12.344,11.677,1.7404,-3.0022,-18.449,-27.747,-0.32609,5.8072,-0.67135,-6.3393,-4.9542,7.9234,-7.1332,9.8844,8.8042,-1.2856,4.8168,3.1821,10.816,7.4227,0,-15.018,2.5024,-3.6246,3.5734,6.1356,-4.3132,2.1204,8.6281,1.1815,-4.9962,13.348,3.3261,-3.0294,9.0884,-5.096,9.8224,-12.86,6.81,-13.096,4.9115,1.6929,-1.8753,-0.36484,0.12393,-14.137,-7.7792,-8.7561,21.734,-18.914,11.736,-24.326,1.243,-3.645,11.626,2.9941,-2.0588,6.3838,16.592,6.3633,18.512,-8.2403,-8.5118,-9.7865,-6.0976,13.95,-1.0991,1.2286,-16.14,-6.8962,7.9276,-1.3766,-5.7893,2.2921,4.1154,-15.018,0,-17.936,-4.7175,-18.646,2.6021,5.6666,-3.0622,-6.8057,10.278,7.4484,-21.755,-0.77534,7.4225,-2.3259,7.5642,-31.906,18.084,-2.1453,5.9471,-1.1615,3.823,-10.688,8.8541,10.713,20.951,5.0449,20.39,-8.6609,21.71,-21.173,7.4954,4.9254,8.6941,-18.242,11.197,-13.48,-16.718,-20.286,0.15721,-3.6276,24.606,3.94,23.251,13.512,-13.029,1.0549,6.1774,5.1078,8.1583,-0.12576,-7.7161,-4.8344,-14.062,-16.153,2.5024,-17.936,0,16.649,44.449,-12.981,-5.496,7.2131,0.18828,-8.5089,-1.3813,7.2737,0.29982,-3.6944,-5.6163,21.007,-17.53,18.915,-5.814,0.98355,-3.4438,7.5958,-18.184,21.712,28.218,16.739,-5.0364,9.7482,1.9166,14.586,-28.817,-1.0787,3.3901,23.131,-27.448,8.025,-13.209,-3.9634,-4.8925,11.51,1.8285,23.037,11.829,38.828,1.4786,-6.6335,-0.1167,1.9003,-9.1015,12.136,12.318,-18.594,-7.1973,-8.7032,-5.092,-3.6246,-4.7175,16.649,0,13.547,-31.984,-3.2239,15.092,-3.3417,-3.3163,-2.5818,-2.3056,-3.3348,9.2095,-2.0333,4.514,-26.29,18.244,0.72234,7.6412,1.4881,-0.045338,-7.5102,5.4517,7.4632,19.624,8.1839,17.725,-8.9236,23.628,-16.231,7.1417,5.903,5.0328,-14.158,11.341,-12.008,-19.832,-18.047,-2.2496,-4.5059,19.925,2.1306,19.756,15.668,-17.058,4.3091,7.4492,7.5623,6.1133,-1.8819,-4.0743,-3.336,-11.169,-16.102,3.5734,-18.646,44.449,13.547,0,-9.5628,-6.0388,5.2498,3.6648,-5.5172,-2.4649,6.4922,0.43281,4.0117,7.582,-19.21,16.22,-17.036,8.7234,-2.5321,6.0315,-13.455,19.822,-25.533,-23.818,-11.726,6.8148,-6.9804,0.33767,-9.0715,28.81,-0.27482,0.44238,-30.62,26.172,-7.0212,13.566,0.8726,6.5906,-15.938,-2.073,-16.319,-12.307,-27.356,0.071306,1.3002,5.9819,3.1322,8.9772,-7.0917,-12.398,25.806,7.0954,10.704,4.8104,6.1356,2.6021,-12.981,-31.984,-9.5628,0,-3.7396,-8.5335,6.2442,6.0184,-2.5879,3.278,-1.9717,-1.4337,-6.3798,-4.7513,1.6593,0.99548,-3.7739,8.4833,-3.8367,5.344,-0.75068,2.271,-3.9234,-10.044,-2.2963,-10.962,-5.202,-8.9803,1.1115,1.458,-12.557,2.2592,1.1265,-1.3104,-0.89032,6.4093,-1.6452,4.8052,-1.6004,-9.0605,0.28159,-2.7627,-4.2172,9.9315,-8.3108,-16.98,1.3993,-14.532,2.1344,-4.742,0.25438,-0.044111,1.7672,-4.3132,5.6666,-5.496,-3.2239,-6.0388,-3.7396,0,-18.297,-0.56964,0.46342,15.989,-7.4157,24.321,-8.3472,1.8493,18.23,-6.1277,3.3172,-6.4953,-10.234,-5.6999,3.7178,-10.479,12.396,19.729,10.379,-9.7486,9.4088,8.0795,7.87,-11.024,-3.2057,4.4471,11.31,-12.631,1.1658,-3.4383,-0.37722,1.5466,3.365,2.1737,17.325,8.5405,11.635,-3.6055,-3.3614,2.6928,6.6155,-12.394,31.654,10.584,-9.1805,-6.9395,-2.4257,1.0005,2.1204,-3.0622,7.2131,15.092,5.2498,-8.5335,-18.297,0,-6.4035,-2.29,-9.2592,3.3421,-15.828,1.0285,-10.17,-5.1181,5.0561,8.598,6.9751,17.631,8.8819,-25.424,15.61,-11.674,-11.053,2.3413,14.302,-8.7496,-6.0844,9.3545,3.7714,4.9339,0.88395,-8.089,3.1816,-5.8414,9.2136,-1.115,4.4944,-6.9099,-11.906,-7.2472,2.567,-0.16051,1.3376,-18.414,16.198,-1.714,12.35,-6.0675,-7.2647,15.519,14.235,14.853,5.8052,8.6281,-6.8057,0.18828,-3.3417,3.6648,6.2442,-0.56964,-6.4035,0,10.854,-11.151,-0.41036,0.74916,-4.6321,3.7259,-8.6943,7.3413,-2.6329,9.5125,-1.307,7.0245,-18.735,3.583,-3.8804,-2.842,-9.8102,-0.84943,-13.265,12.845,-4.2644,11.084,-15.034,-1.1167,-9.7816,8.22,0.65438,1.9646,0.28287,17.268,-6.3104,1.7816,-6.3233,-5.8981,-4.5672,-5.0047,-2.6562,22.178,1.5212,-4.7337,-3.1843,7.3789,6.2322,-2.4227,14.205,6.8402,1.1815,10.278,-8.5089,-3.3163,-5.5172,6.0184,0.46342,-2.29,10.854,0,-0.50013,-17.563,0.88061,2.815,8.5216,-8.4757,-5.4742,-6.0353,-2.0525,-3.7486,-5.8834,9.2726,-10.58,6.4831,1.8056,-12.368,-7.1632,-0.42351,0.84512,-13.744,1.9709,-4.8969,-9.3208,-0.48403,1.6939,8.6919,-10.742,-3.0294,-6.4316,-1.2658,5.2678,0.008,-9.9855,-3.1418,0.94563,16.039,-6.9828,-4.3776,-2.5665,-5.9431,6.2384,-9.4739,-15.104,-9.1147,-7.8328,-4.9962,7.4484,-1.3813,-2.5818,-2.4649,-2.5879,15.989,-9.2592,-11.151,-0.50013,0,-6.8338,19.983,1.6152,-4.4302,4.0569,-2.3755,1.2296,-9.3557,4.3591,-7.9357,2.661,4.829,-2.7653,-3.4267,7.5775,3.8075,7.9736,-17.404,7.1038,-5.1065,24.454,-1.9056,1.3996,-4.905,-8.2575,7.4949,-0.52976,-12.718,-6.2585,-13.36,3.1303,6.1445,0.6855,2.2923,-3.7859,-5.7705,-1.6169,13.015,7.2014,-11.501,3.2456,7.0829,-1.9977,-0.8081,13.348,-21.755,7.2737,-2.3056,6.4922,3.278,-7.4157,3.3421,-0.41036,-17.563,-6.8338,0,-2.7605,0.30852,-2.7278,-8.2794,-3.7238,1.5578,-5.0958,9.262,-7.289,2.171,-2.7753,3.196,-3.4163,-9.8735,-1.8053,-6.471,-8.8837,-6.1853,0.13579,4.1797,-17.19,-0.54953,-0.92528,0.95741,-2.8656,-0.36065,-7.8048,-4.4009,-6.7939,-3.8909,-2.472,-1.1857,-1.2078,6.5713,-3.1116,-13.704,6.1365,-8.5649,2.2699,-4.4417,-4.2423,-1.2653,-2.2995,3.3261,-0.77534,0.29982,-3.3348,0.43281,-1.9717,24.321,-15.828,0.74916,0.88061,19.983,-2.7605,0
