0,1.3015,-5.5816,-6.4937,0.10261,-4.8404,9.7263,6.8166,21.745,5.2173,0.40693,-17.794,14.733,9.2401,9.2915,5.488,-5.4217,-12.932,1.9931,7.3227,0.73529,0.61135,-0.1164,-19.927,-23.824,-16.807,-3.5912,-5.6958,-13.758,8.8732,-18.594,9.0609,9.5294,10.514,2.4592,8.1108,-7.3077,-12.666,-4.2395,6.2101,3.1405,0.4971,0.1248,-22.658,24.384,2.76,2.5889,-23.301,-3.0174,-8.589,7.9655,-8.2012,-9.7905,-1.1741,-0.59454,1.3015,0,-2.8672,6.0351,-5.433,18.635,-6.1834,-7.8621,4.7362,1.55,-4.9188,-5.9477,8.7349,-13.243,-17.533,-1.0608,-13.435,3.7665,-9.069,5.8217,-4.375,18.306,0.65545,-8.7356,0.65352,-13.239,9.4024,5.3429,-12.505,-14.216,-1.189,-2.3567,-3.2898,5.7252,7.1345,-9.5358,-0.7998,0.44179,-1.6628,0.59604,-1.7589,16.296,8.2428,6.9109,-1.0019,4.3468,0.91984,-4.3166,1.8829,-0.38141,-13.766,5.7467,-13.481,-7.1605,14.171,-5.5816,-2.8672,0,13.096,-16.854,-1.1919,-9.2143,-6.8772,-12.786,-4.1063,5.559,9.1525,-16.316,0.97354,-1.2633,7.8424,4.5301,17.422,-0.39077,8.4193,7.3036,8.0786,-4.8902,-1.7644,4.5961,3.8758,0.18085,-3.0553,5.2127,-9.8023,-4.7767,5.8889,9.0545,6.3929,12.424,6.3709,0.81811,4.8162,-4.8582,0.13159,1.4575,-5.1413,-4.6939,10.629,-15.641,-18.392,-44.105,-0.15962,5.5983,-9.4027,7.1295,2.6357,5.1099,6.426,-2.6405,-6.4937,6.0351,13.096,0,-9.604,6.033,-2.4291,-6.1751,-3.8148,1.0305,-5.0748,1.6192,-4.8588,-5.6927,-1.7353,8.6986,-4.1575,10.654,-16.622,10.496,-2.8507,9.4277,-14.566,-3.0635,-1.2471,-2.7819,15.67,8.0643,0.87674,-7.8633,-5.4555,-8.1329,-4.7272,1.9464,11.73,-9.6074,-4.3893,14.355,8.6475,-9.6875,9.5318,8.1338,-4.4318,14.507,-10.4,-5.0312,-13.148,0.21252,6.8424,1.0824,-2.0969,-3.6348,1.6756,8.3451,14.533,0.10261,-5.433,-16.854,-9.604,0,-10.843,16.59,1.3185,7.4706,-0.32728,-3.0519,-2.3397,11.084,-5.6669,4.038,-13.166,7.3098,-22.279,7.0678,-14.966,0.32268,-13.442,7.851,4.8217,-2.444,-0.63176,-4.6107,1.9999,8.3052,7.2443,11.185,-13.695,-13.748,-22.515,-15.995,0.61218,5.5114,5.9948,7.3424,-4.6867,-8.3962,1.6531,-1.4249,-4.2723,10.229,5.108,15.894,2.047,5.8036,8.5844,-7.853,-2.3273,10.217,-10.843,-6.069,-4.8404,18.635,-1.1919,6.033,-10.843,0,-16.584,1.1578,-4.6832,6.9598,-9.0506,-3.3823,-2.5322,-4.0112,-12.067,5.6836,-10.8,11.391,-16.26,8.4203,-14.092,14.888,-6.7772,2.2539,5.5576,-1.9961,15.789,10.927,-8.8758,-7.8926,0.67672,0.15129,-3.5038,9.5633,2.3978,-16.616,0.22217,-3.9771,2.1659,4.3525,5.9139,5.4179,3.3309,6.8796,-6.1228,10.907,1.9691,6.4749,-5.4672,6.8998,-5.1117,2.153,-13.368,3.6104,16.431,9.7263,-6.1834,-9.2143,-2.4291,16.59,-16.584,0,1.0964,19.343,-1.9275,0.89228,-5.6528,15.877,1.0121,12.441,-4.8756,-0.25581,-22.708,3.5132,-6.164,4.0337,-13.625,1.6397,-6.8971,-15.657,-6.3093,-4.2367,-3.4646,0.060151,12.252,-4.2636,-8.2669,-4.4787,-10.169,-2.2478,2.2615,-7.1296,5.613,6.0873,-10.63,0.76516,6.0109,-0.69035,-9.859,15.568,-0.15225,7.1835,-10.54,3.0992,-0.67732,-1.2979,-7.9095,4.4431,-2.9739,-0.87529,6.8166,-7.8621,-6.8772,-6.1751,1.3185,1.1578,1.0964,0,1.2668,20.825,-12.127,-13.158,-1.9599,18.247,17.356,14.195,3.3043,-6.5008,-6.1336,7.6003,-17.296,-3.8752,-12.169,5.5356,-9.1859,0.44103,5.9153,8.3044,-0.48706,20.651,-4.8743,3.1883,-0.89651,6.6905,-13.13,-1.5618,0.80492,-13.133,9.2892,10.717,12.695,-13,-12.761,-15.922,11.26,17.465,8.3016,4.3145,-7.4721,10.917,16.36,-20.4,-1.551,12.051,0.36869,21.745,4.7362,-12.786,-3.8148,7.4706,-4.6832,19.343,1.2668,0,0.77233,-0.063115,-13.923,32.821,1.0062,5.4753,-2.2425,-10.053,-18.591,0.13329,-0.0093792,1.1146,-3.3869,2.2152,-17.814,-20.78,-17.143,-1.768,-3.9674,-13.397,7.7746,-10.774,-1.3774,0.40347,0.5441,2.3904,0.38855,-10.709,-2.848,0.46995,-3.9854,1.7725,11.243,5.117,-14.023,23.237,4.1973,8.8128,-20.797,-1.517,-4.4013,-2.5994,-5.493,-8.46,-4.9839,4.7519,5.2173,1.55,-4.1063,1.0305,-0.32728,6.9598,-1.9275,20.825,0.77233,0,-29.037,-21.475,0.17661,5.3484,8.4674,17.862,4.0855,-4.8937,-13.179,16.329,-26.268,7.2174,-16.171,2.1739,-9.5814,-7.9308,16.288,20.787,0.50243,6.7543,-3.7818,-2.137,-6.5144,7.7097,-11.414,-4.2231,6.7176,-6.6775,13.932,12.978,9.3446,-7.4685,-18.738,-6.1173,8.9664,17.89,3.975,3.8903,2.2685,14.293,8.4586,-21.492,-0.56169,6.4341,4.7364,0.40693,-4.9188,5.559,-5.0748,-3.0519,-9.0506,0.89228,-12.127,-0.063115,-29.037,0,16.175,-1.5733,2.119,-3.8452,-11.004,-3.423,4.4815,17.405,-11.195,29.083,-7.4905,15.18,-4.4646,6.0883,7.6017,-24.095,-38.956,-3.1261,-2.7727,-1.2646,10.825,16.214,-1.207,11.84,10.348,-8.0764,-0.95008,-22.211,-5.8786,-7.2007,1.5188,16.017,-0.38584,-5.3146,-18.257,-5.51,-7.1314,-6.1325,-22.342,-0.50294,16.605,-2.0696,-3.5193,-8.6958,-17.794,-5.9477,9.1525,1.6192,-2.3397,-3.3823,-5.6528,-13.158,-13.923,-21.475,16.175,0,-12.588,-3.748,-7.8315,-10.828,2.2909,12.972,8.5739,-13.492,13.529,-6.3209,8.3623,8.9093,21.141,21.228,-9.4949,-9.795,7.7065,-7.309,9.8922,0.67876,3.0277,-8.3097,5.6129,1.3648,-0.46713,8.1843,-7.7256,-9.1903,-6.3078,-0.28837,8.3666,12.659,-21.794,-14.534,-6.5099,7.7414,-1.8875,-5.2219,-4.5864,17.385,6.3181,-0.27028,-5.7353,14.733,8.7349,-16.316,-4.8588,11.084,-2.5322,15.877,-1.9599,32.821,0.17661,-1.5733,-12.588,0,-5.4267,-0.10195,-6.9199,-8.1697,-19.339,1.1629,-2.7822,0.85636,-1.2599,6.0387,-14.137,-13.126,-18.415,-1.3628,-1.6574,-10.359,2.8783,-4.0031,-4.8366,-3.7507,-3.0227,-0.19899,-0.82142,-5.0102,-0.46013,0.53664,-3.4426,-3.5788,13.951,6.5266,-8.6408,19.212,5.1698,11.302,-15.161,1.9155,-1.8963,-9.0033,-1.7169,-6.7169,-11.732,4.0825,9.2401,-13.243,0.97354,-5.6927,-5.6669,-4.0112,1.0121,18.247,1.0062,5.3484,2.119,-3.748,-5.4267,0,18.614,12.519,-0.60837,-0.78648,0.14194,5.5528,-2.966,-7.4211,-7.6231,0.24543,-7.9599,4.7965,-3.0913,-4.8914,-4.507,19.495,-12.575,14.147,12.44,11.195,-0.82687,4.7474,-8.1252,-15.822,-1.3784,6.1431,13.612,-12.895,-4.5753,-18.193,6.3778,3.3005,0.37103,-2.2132,-14.762,-2.5624,28.64,-10.338,-4.5545,17.092,-2.7762,9.2915,-17.533,-1.2633,-1.7353,4.038,-12.067,12.441,17.356,5.4753,8.4674,-3.8452,-7.8315,-0.10195,18.614,0,10.816,5.2813,-10.185,-1.2767,4.4176,-3.9459,-10.774,-10.532,-0.24588,-16.47,0.019402,0.17207,0.84954,2.7999,26.113,-9.9438,0.77381,1.4706,1.1971,-5.5996,4.2852,-4.7265,-3.473,8.7445,0.5182,12.001,-9.4568,-13.344,-15.792,11.824,3.2485,1.6098,-3.0954,-2.2472,2.6203,18.801,-22.968,5.0477,12.141,-2.8683,5.488,-1.0608,7.8424,8.6986,-13.166,5.6836,-4.8756,14.195,-2.2425,17.862,-11.004,-10.828,-6.9199,12.519,10.816,0,-0.066342,4.4979,-14.779,30.437,-12.62,8.5414,-26.903,-2.3716,-9.8985,-4.3097,13.529,9.154,-2.7962,5.224,-14.892,5.1255,3.677,17.813,1.6725,-1.7697,-1.9904,-6.4809,7.1081,8.228,19.25,-7.8151,-15.091,-4.1701,1.8536,4.9519,-7.48,-0.54223,-1.5578,2.8212,18.513,-18.119,-3.2147,18.744,6.5511,-5.4217,-13.435,4.5301,-4.1575,7.3098,-10.8,-0.25581,3.3043,-10.053,4.0855,-3.423,2.2909,-8.1697,-0.60837,5.2813,-0.066342,0,-3.5091,8.3688,-1.9504,1.2896,-2.3763,1.6561,10.125,3.7509,4.9083,-3.8934,3.8602,28.722,0.42202,10.042,-2.7925,-3.7827,-7.5787,-14.102,11.676,21.554,3.4841,3.3408,7.3693,-8.7283,-18.188,-16.528,1.9657,-1.3185,-3.6661,-3.8644,8.6601,13.339,5.0269,5.4198,-3.3986,26.42,-3.6007,-19.126,-12.932,3.7665,17.422,10.654,-22.279,11.391,-22.708,-6.5008,-18.591,-4.8937,4.4815,12.972,-19.339,-0.78648,-10.185,4.4979,-3.5091,0,-5.0523,4.6649,1.1841,8.9652,-3.9486,4.4304,14.593,9.6565,3.8083,-0.55222,-0.33512,-12.372,0.49351,5.8766,5.914,7.5036,11.372,-4.2769,-1.0894,1.3703,-5.4613,-0.29291,3.3877,-0.90722,3.3328,14.93,-28.005,-6.9925,-13.841,7.3165,-3.81,-3.5529,0.82225,8.9918,-3.2095,7.9615,4.4636,1.9931,-9.069,-0.39077,-16.622,7.0678,-16.26,3.5132,-6.1336,0.13329,-13.179,17.405,8.5739,1.1629,0.14194,-1.2767,-14.779,8.3688,-5.0523,0,-14.667,20.415,-8.9383,25.1,-0.28561,5.1625,4.9132,-39.076,-18.905,4.966,-0.51257,6.0474,7.3931,8.755,-6.4824,-2.1641,21.316,4.4417,-2.7182,-16.158,2.3544,-19.35,-6.049,6.0801,-4.1336,1.5199,-11.15,-0.14799,-3.6803,1.2329,-11.276,-0.11788,11.359,5.8266,-12.729,-27.395,7.3227,5.8217,8.4193,10.496,-14.966,8.4203,-6.164,7.6003,-0.0093792,16.329,-11.195,-13.492,-2.7822,5.5528,4.4176,30.437,-1.9504,4.6649,-14.667,0,-10.326,17.577,-18.69,-7.7495,-10.071,-11.134,14.519,9.2155,-5.5027,-1.1171,-15.425,4.885,3.7761,20.899,4.7255,-1.029,-0.40076,-5.4137,4.1911,9.4957,12.08,-3.227,-11.439,-1.4439,2.0069,3.2569,-9.6905,-4.3452,2.4052,0.0096445,11.018,-12.604,-5.5804,9.7083,7.9282,0.73529,-4.375,7.3036,-2.8507,0.32268,-14.092,4.0337,-17.296,1.1146,-26.268,29.083,13.529,0.85636,-2.966,-3.9459,-12.62,1.2896,1.1841,20.415,-10.326,0,-5.0226,16.988,-6.9345,4.0856,2.9042,-23.036,-25.94,1.2616,-6.021,0.06937,5.7946,11.317,-4.7119,10.49,14.853,-3.2865,4.183,-17.633,-6.3606,-12.576,2.2611,10.393,2.16,-4.1615,-27.428,-8.5815,-9.3927,2.62,-22.726,-2.7275,14.677,3.4708,-8.7848,-11.759,0.61135,18.306,8.0786,9.4277,-13.442,14.888,-13.625,-3.8752,-3.3869,7.2174,-7.4905,-6.3209,-1.2599,-7.4211,-10.774,8.5414,-2.3763,8.9652,-8.9383,17.577,-5.0226,0,-4.864,-6.903,0.72019,-11.686,11.018,8.0269,-4.4932,-16.911,-3.6416,2.534,1.1311,12.78,6.2273,-1.6275,6.0377,-1.2757,-1.7927,9.2121,-0.71738,2.4166,-2.7644,8.4895,-4.4749,-0.056072,-10.047,-2.0059,7.4157,-1.5569,-1.9568,1.1633,-5.8492,-2.3981,6.4682,-0.1164,0.65545,-4.8902,-14.566,7.851,-6.7772,1.6397,-12.169,2.2152,-16.171,15.18,8.3623,6.0387,-7.6231,-10.532,-26.903,1.6561,-3.9486,25.1,-18.69,16.988,-4.864,0,-1.4003,8.5458,2.0266,-22.382,-15.029,0.42671,-6.1527,9.8193,3.4926,4.1645,-8.1094,-0.47457,9.9547,3.7867,-0.80097,-16.761,-0.2133,-26.625,2.4011,14.606,0.1138,0.18114,-7.3992,3.8491,-3.3811,0.80188,-9.1473,-10.12,20.514,0.65188,-22.337,-13.115,-19.927,-8.7356,-1.7644,-3.0635,4.8217,2.2539,-6.8971,5.5356,-17.814,2.1739,-4.4646,8.9093,-14.137,0.24543,-0.24588,-2.3716,10.125,4.4304,-0.28561,-7.7495,-6.9345,-6.903,-1.4003,0,14.918,20.913,2.0713,7.6608,15.261,2.539,18.833,-5.7755,-9.5004,-9.1648,-14.719,-5.739,9.8755,2.6241,7.2498,0.89344,-0.4581,-9.7149,-5.2235,5.8568,-9.0624,5.8575,5.5141,40.282,-2.0696,16.512,-0.22815,0.72562,10.125,4.1654,-3.7902,-23.824,0.65352,4.5961,-1.2471,-2.444,5.5576,-15.657,-9.1859,-20.78,-9.5814,6.0883,21.141,-13.126,-7.9599,-16.47,-9.8985,3.7509,14.593,5.1625,-10.071,4.0856,0.72019,8.5458,14.918,0,16.921,-3.8649,-1.5425,7.8015,-12.378,19.298,0.085256,-1.3337,-5.8166,-0.92677,-2.0349,8.1969,3.7742,-6.2329,-0.37068,-9.6876,-2.2141,6.5269,15.91,-22.234,-4.598,-2.0954,16.314,-0.92881,1.6527,-7.9621,19.281,3.8726,-3.8904,-4.5083,-16.807,-13.239,3.8758,-2.7819,-0.63176,-1.9961,-6.3093,0.44103,-17.143,-7.9308,7.6017,21.228,-18.415,4.7965,0.019402,-4.3097,4.9083,9.6565,4.9132,-11.134,2.9042,-11.686,2.0266,20.913,16.921,0,-5.8338,-4.0554,9.4311,2.5725,10.273,1.572,1.012,-6.3338,-3.0634,-1.3121,0.65047,1.5506,-1.5731,-3.7775,0.39181,-8.2292,1.9662,4.7452,-13.887,-3.2086,-0.008577,16.677,-8.146,2.9645,2.5444,6.4538,6.4164,7.1398,-5.7904,-3.5912,9.4024,0.18085,15.67,-4.6107,15.789,-4.2367,5.9153,-1.768,16.288,-24.095,-9.4949,-1.3628,-3.0913,0.17207,13.529,-3.8934,3.8083,-39.076,14.519,-23.036,11.018,-22.382,2.0713,-3.8649,-5.8338,0,27.618,-1.1878,-1.3978,-2.4942,-10.114,-12.532,4.2919,-1.2147,-18.772,0.76303,4.2412,19.065,-0.24088,13.471,4.3496,-9.3169,6.0688,-1.6267,11.816,0.18195,5.938,3.0026,14.864,-1.2093,-11.615,-2.2791,8.8296,20.355,-5.6958,5.3429,-3.0553,8.0643,1.9999,10.927,-3.4646,8.3044,-3.9674,20.787,-38.956,-9.795,-1.6574,-4.8914,0.84954,9.154,3.8602,-0.55222,-18.905,9.2155,-25.94,8.0269,-15.029,7.6608,-1.5425,-4.0554,27.618,0,5.6255,-0.36994,4.3825,-13.603,-19.597,-0.8589,-10.429,-13.265,9.1615,4.4644,23.406,3.3779,6.4105,-0.62842,-14.608,5.4505,0.11155,14.814,3.6616,11.327,7.053,25.44,-1.8707,-12.117,3.8933,3.8824,9.6659,-13.758,-12.505,5.2127,0.87674,8.3052,-8.8758,0.060151,-0.48706,-13.397,0.50243,-3.1261,7.7065,-10.359,-4.507,2.7999,-2.7962,28.722,-0.33512,4.966,-5.5027,1.2616,-4.4932,0.42671,15.261,7.8015,9.4311,-1.1878,5.6255,0,-1.3384,14.863,-9.2584,-9.095,-14.303,-11.543,4.4539,16.659,11.381,7.1179,-0.38471,-6.9578,-10.64,-13.048,8.3664,-6.9059,-4.6406,-3.634,13.884,13.425,8.1481,0.43997,-1.328,40.4,-1.9051,-11.712,8.8732,-14.216,-9.8023,-7.8633,7.2443,-7.8926,12.252,20.651,7.7746,6.7543,-2.7727,-7.309,2.8783,19.495,26.113,5.224,0.42202,-12.372,-0.51257,-1.1171,-6.021,-16.911,-6.1527,2.539,-12.378,2.5725,-1.3978,-0.36994,-1.3384,0,-6.1822,1.0786,0.21159,-0.30936,-8.5962,-0.017606,-7.2044,-7.499,7.2912,-0.10939,11.452,-6.4904,-5.4489,-21.946,14.585,9.604,11.074,-0.9715,-9.9861,5.2028,12.323,-15.747,-0.14856,10.295,-1.0104,-18.594,-1.189,-4.7767,-5.4555,11.185,0.67672,-4.2636,-4.8743,-10.774,-3.7818,-1.2646,9.8922,-4.0031,-12.575,-9.9438,-14.892,10.042,0.49351,6.0474,-15.425,0.06937,-3.6416,9.8193,18.833,19.298,10.273,-2.4942,4.3825,14.863,-6.1822,0,-9.6869,-12.559,-17.637,-12.804,-2.5321,15.843,7.3294,2.0135,-0.73873,-14.229,-1.8983,1.0808,10.599,-7.8599,1.6479,6.5684,18.43,5.3303,10.419,-12.4,9.5929,11.095,-10.275,-6.7081,9.0609,-2.3567,5.8889,-8.1329,-13.695,0.15129,-8.2669,3.1883,-1.3774,-2.137,10.825,0.67876,-4.8366,14.147,0.77381,5.1255,-2.7925,5.8766,7.3931,4.885,5.7946,2.534,3.4926,-5.7755,0.085256,1.572,-10.114,-13.603,-9.2584,1.0786,-9.6869,0,34.826,18.703,6.6038,12.118,-3.8558,-21.686,-20.183,12.425,0.48921,-9.1935,4.5615,-9.1887,0.71254,-4.4124,-5.9218,-6.6952,-11.162,-15.229,13.386,4.1317,-10.463,3.3678,-6.991,9.5294,-3.2898,9.0545,-4.7272,-13.748,-3.5038,-4.4787,-0.89651,0.40347,-6.5144,16.214,3.0277,-3.7507,12.44,1.4706,3.677,-3.7827,5.914,8.755,3.7761,11.317,1.1311,4.1645,-9.5004,-1.3337,1.012,-12.532,-19.597,-9.095,0.21159,-12.559,34.826,0,15.242,11.997,14.075,-7.3927,-13.549,-22.312,6.3203,0.36523,-5.7842,6.0547,-7.5487,-0.25479,-10.222,-9.6564,-11.005,-8.8374,-24.15,12.074,5.0913,-8.6408,3.1781,-6.796,10.514,5.7252,6.3929,1.9464,-22.515,9.5633,-10.169,6.6905,0.5441,7.7097,-1.207,-8.3097,-3.0227,11.195,1.1971,17.813,-7.5787,7.5036,-6.4824,20.899,-4.7119,12.78,-8.1094,-9.1648,-5.8166,-6.3338,4.2919,-0.8589,-14.303,-0.30936,-17.637,18.703,15.242,0,8.3991,2.006,-5.042,-17.045,-6.5026,12.726,9.5097,-4.0507,-0.95094,-6.1943,1.7928,2.1171,-7.0773,-6.8939,-7.7751,-7.0597,12.717,-3.8559,-15.945,8.7859,4.758,2.4592,7.1345,12.424,11.73,-15.995,2.3978,-2.2478,-13.13,2.3904,-11.414,11.84,5.6129,-0.19899,-0.82687,-5.5996,1.6725,-14.102,11.372,-2.1641,4.7255,10.49,6.2273,-0.47457,-14.719,-0.92677,-3.0634,-1.2147,-10.429,-11.543,-8.5962,-12.804,6.6038,11.997,8.3991,0,0.013903,-15.182,2.613,-9.8035,-8.1336,3.7432,10.828,10.628,5.1412,-7.2434,-13.854,-14.102,-12.482,-2.8117,-18.918,-1.1018,7.2238,-9.4499,3.1911,7.3987,8.1108,-9.5358,6.3709,-9.6074,0.61218,-16.616,2.2615,-1.5618,0.38855,-4.2231,10.348,1.3648,-0.82142,4.7474,4.2852,-1.7697,11.676,-4.2769,21.316,-1.029,14.853,-1.6275,9.9547,-5.739,-2.0349,-1.3121,-18.772,-13.265,4.4539,-0.017606,-2.5321,12.118,14.075,2.006,0.013903,0,5.4905,-5.5116,-13.454,8.7508,-11.14,-11.761,-2.6,-6.6374,4.0204,-12.778,-8.0353,-8.3181,5.2421,-14.347,8.9306,2.549,6.073,-6.8943,-26.21,-7.3077,-0.7998,0.81811,-4.3893,5.5114,0.22217,-7.1296,0.80492,-10.709,6.7176,-8.0764,-0.46713,-5.0102,-8.1252,-4.7265,-1.9904,21.554,-1.0894,4.4417,-0.40076,-3.2865,6.0377,3.7867,9.8755,8.1969,0.65047,0.76303,9.1615,16.659,-7.2044,15.843,-3.8558,-7.3927,-5.042,-15.182,5.4905,0,1.6555,2.1844,12.376,-13.359,-10.774,-10.584,6.2916,-2.651,1.5964,-0.68571,11.3,14.173,8.3355,-2.033,1.164,13.027,-9.7209,-11.226,-12.666,0.44179,4.8162,14.355,5.9948,-3.9771,5.613,-13.133,-2.848,-6.6775,-0.95008,8.1843,-0.46013,-15.822,-3.473,-6.4809,3.4841,1.3703,-2.7182,-5.4137,4.183,-1.2757,-0.80097,2.6241,3.7742,1.5506,4.2412,4.4644,11.381,-7.499,7.3294,-21.686,-13.549,-17.045,2.613,-5.5116,1.6555,0,8.943,-18.569,-3.0676,9.3852,-1.7175,17.597,-8.9349,-8.0524,-4.8513,3.5205,14.334,3.56,-12.024,2.0913,13.738,-3.1309,3.4463,-4.2395,-1.6628,-4.8582,8.6475,7.3424,2.1659,6.0873,9.2892,0.46995,13.932,-22.211,-7.7256,0.53664,-1.3784,8.7445,7.1081,3.3408,-5.4613,-16.158,4.1911,-17.633,-1.7927,-16.761,7.2498,-6.2329,-1.5731,19.065,23.406,7.1179,7.2912,2.0135,-20.183,-22.312,-6.5026,-9.8035,-13.454,2.1844,8.943,0,-4.8232,10.613,1.1383,-14.527,1.7776,3.0356,11.864,5.7643,8.2416,5.3262,23.601,-0.4274,-18.104,7.451,7.4225,9.5831,6.2101,0.59604,0.13159,-9.6875,-4.6867,4.3525,-10.63,10.717,-3.9854,12.978,-5.8786,-9.1903,-3.4426,6.1431,0.5182,8.228,7.3693,-0.29291,2.3544,9.4957,-6.3606,9.2121,-0.2133,0.89344,-0.37068,-3.7775,-0.24088,3.3779,-0.38471,-0.10939,-0.73873,12.425,6.3203,12.726,-8.1336,8.7508,12.376,-18.569,-4.8232,0,-3.0029,-16.179,-7.5838,-6.8879,4.8617,6.1378,-0.48391,1.7198,-0.067168,0.93152,10.082,-3.1106,-2.7397,-1.5993,-8.0267,3.1405,-1.7589,1.4575,9.5318,-8.3962,5.9139,0.76516,12.695,1.7725,9.3446,-7.2007,-6.3078,-3.5788,13.612,12.001,19.25,-8.7283,3.3877,-19.35,12.08,-12.576,-0.71738,-26.625,-0.4581,-9.6876,0.39181,13.471,6.4105,-6.9578,11.452,-14.229,0.48921,0.36523,9.5097,3.7432,-11.14,-13.359,-3.0676,10.613,-3.0029,0,0.23377,-5.5235,-5.0879,1.7466,7.8326,-0.1391,0.13679,-10.014,4.9148,10.812,-15.716,-6.827,30.795,15.35,0.4971,16.296,-5.1413,8.1338,1.6531,5.4179,6.0109,-13,11.243,-7.4685,1.5188,-0.28837,13.951,-12.895,-9.4568,-7.8151,-18.188,-0.90722,-6.049,-3.227,2.2611,2.4166,2.4011,-9.7149,-2.2141,-8.2292,4.3496,-0.62842,-10.64,-6.4904,-1.8983,-9.1935,-5.7842,-4.0507,10.828,-11.761,-10.774,9.3852,1.1383,-16.179,0.23377,0,13.792,5.8261,-0.0066972,-0.3827,3.366,-7.8326,0.48558,-2.3259,-19.334,5.6196,-8.2836,-5.5148,15.915,0.1248,8.2428,-4.6939,-4.4318,-1.4249,3.3309,-0.69035,-12.761,5.117,-18.738,16.017,8.3666,6.5266,-4.5753,-13.344,-15.091,-16.528,3.3328,6.0801,-11.439,10.393,-2.7644,14.606,-5.2235,6.5269,1.9662,-9.3169,-14.608,-13.048,-5.4489,1.0808,4.5615,6.0547,-0.95094,10.628,-2.6,-10.584,-1.7175,-14.527,-7.5838,-5.5235,13.792,0,1.1859,-2.9119,-3.8307,4.319,-5.7911,-10.346,-10.357,-11.89,20.189,-13.074,-6.9257,3.1018,-22.658,6.9109,10.629,14.507,-4.2723,6.8796,-9.859,-15.922,-14.023,-6.1173,-0.38584,12.659,-8.6408,-18.193,-15.792,-4.1701,1.9657,14.93,-4.1336,-1.4439,2.16,8.4895,0.1138,5.8568,15.91,4.7452,6.0688,5.4505,8.3664,-21.946,10.599,-9.1887,-7.5487,-6.1943,5.1412,-6.6374,6.2916,17.597,1.7776,-6.8879,-5.0879,5.8261,1.1859,0,-24.768,-7.7284,-9.5341,9.4305,9.7753,2.4086,-12.22,10.064,6.62,-2.8786,4.0023,24.384,-1.0019,-15.641,-10.4,10.229,-6.1228,15.568,11.26,23.237,8.9664,-5.3146,-21.794,19.212,6.3778,11.824,1.8536,-1.3185,-28.005,1.5199,2.0069,-4.1615,-4.4749,0.18114,-9.0624,-22.234,-13.887,-1.6267,0.11155,-6.9059,14.585,-7.8599,0.71254,-0.25479,1.7928,-7.2434,4.0204,-2.651,-8.9349,3.0356,4.8617,1.7466,-0.0066972,-2.9119,-24.768,0,9.9635,12.043,-11.628,-1.1856,0.98204,4.1552,-12.102,-4.1961,-3.3445,-1.1543,2.76,4.3468,-18.392,-5.0312,5.108,10.907,-0.15225,17.465,4.1973,17.89,-18.257,-14.534,5.1698,3.3005,3.2485,4.9519,-3.6661,-6.9925,-11.15,3.2569,-27.428,-0.056072,-7.3992,5.8575,-4.598,-3.2086,11.816,14.814,-4.6406,9.604,1.6479,-4.4124,-10.222,2.1171,-13.854,-12.778,1.5964,-8.0524,11.864,6.1378,7.8326,-0.3827,-3.8307,-7.7284,9.9635,0,20.044,6.5354,-6.7016,19.363,-0.087241,-10.378,-6.6649,3.5192,8.7249,2.5889,0.91984,-44.105,-13.148,15.894,1.9691,7.1835,8.3016,8.8128,3.975,-5.51,-6.5099,11.302,0.37103,1.6098,-7.48,-3.8644,-13.841,-0.14799,-9.6905,-8.5815,-10.047,3.8491,5.5141,-2.0954,-0.008577,0.18195,3.6616,-3.634,11.074,6.5684,-5.9218,-9.6564,-7.0773,-14.102,-8.0353,-0.68571,-4.8513,5.7643,-0.48391,-0.1391,3.366,4.319,-9.5341,12.043,20.044,0,3.6415,-7.785,11.816,-6.1519,-2.4395,-4.2729,-3.8548,2.6273,-23.301,-4.3166,-0.15962,0.21252,2.047,6.4749,-10.54,4.3145,-20.797,3.8903,-7.1314,7.7414,-15.161,-2.2132,-3.0954,-0.54223,8.6601,7.3165,-3.6803,-4.3452,-9.3927,-2.0059,-3.3811,40.282,16.314,16.677,5.938,11.327,13.884,-0.9715,18.43,-6.6952,-11.005,-6.8939,-12.482,-8.3181,11.3,3.5205,8.2416,1.7198,0.13679,-7.8326,-5.7911,9.4305,-11.628,6.5354,3.6415,0,-0.50136,18.3,-1.6976,0.96739,8.5413,4.2207,-0.8071,-3.0174,1.8829,5.5983,6.8424,5.8036,-5.4672,3.0992,-7.4721,-1.517,2.2685,-6.1325,-1.8875,1.9155,-14.762,-2.2472,-1.5578,13.339,-3.81,1.2329,2.4052,2.62,7.4157,0.80188,-2.0696,-0.92881,-8.146,3.0026,7.053,13.425,-9.9861,5.3303,-11.162,-8.8374,-7.7751,-2.8117,5.2421,14.173,14.334,5.3262,-0.067168,-10.014,0.48558,-10.346,9.7753,-1.1856,-6.7016,-7.785,-0.50136,0,1.814,-5.4675,-1.6428,16.074,-10.457,-4.6811,-8.589,-0.38141,-9.4027,1.0824,8.5844,6.8998,-0.67732,10.917,-4.4013,14.293,-22.342,-5.2219,-1.8963,-2.5624,2.6203,2.8212,5.0269,-3.5529,-11.276,0.0096445,-22.726,-1.5569,-9.1473,16.512,1.6527,2.9645,14.864,25.44,8.1481,5.2028,10.419,-15.229,-24.15,-7.0597,-18.918,-14.347,8.3355,3.56,23.601,0.93152,4.9148,-2.3259,-10.357,2.4086,0.98204,19.363,11.816,18.3,1.814,0,-2.8359,-9.6426,5.7523,3.6409,5.8316,7.9655,-13.766,7.1295,-2.0969,-7.853,-5.1117,-1.2979,16.36,-2.5994,8.4586,-0.50294,-4.5864,-9.0033,28.64,18.801,18.513,5.4198,0.82225,-0.11788,11.018,-2.7275,-1.9568,-10.12,-0.22815,-7.9621,2.5444,-1.2093,-1.8707,0.43997,12.323,-12.4,13.386,12.074,12.717,-1.1018,8.9306,-2.033,-12.024,-0.4274,10.082,10.812,-19.334,-11.89,-12.22,4.1552,-0.087241,-6.1519,-1.6976,-5.4675,-2.8359,0,-12.689,0.46686,15.461,-5.636,-8.2012,5.7467,2.6357,-3.6348,-2.3273,2.153,-7.9095,-20.4,-5.493,-21.492,16.605,17.385,-1.7169,-10.338,-22.968,-18.119,-3.3986,8.9918,11.359,-12.604,14.677,1.1633,20.514,0.72562,19.281,6.4538,-11.615,-12.117,-1.328,-15.747,9.5929,4.1317,5.0913,-3.8559,7.2238,2.549,1.164,2.0913,-18.104,-3.1106,-15.716,5.6196,20.189,10.064,-12.102,-10.378,-2.4395,0.96739,-1.6428,-9.6426,-12.689,0,-2.7206,-11.759,-4.5835,-9.7905,-13.481,5.1099,1.6756,10.217,-13.368,4.4431,-1.551,-8.46,-0.56169,-2.0696,6.3181,-6.7169,-4.5545,5.0477,-3.2147,26.42,-3.2095,5.8266,-5.5804,3.4708,-5.8492,0.65188,10.125,3.8726,6.4164,-2.2791,3.8933,40.4,-0.14856,11.095,-10.463,-8.6408,-15.945,-9.4499,6.073,13.027,13.738,7.451,-2.7397,-6.827,-8.2836,-13.074,6.62,-4.1961,-6.6649,-4.2729,8.5413,16.074,5.7523,0.46686,-2.7206,0,-2.6823,-11.798,-1.1741,-7.1605,6.426,8.3451,-10.843,3.6104,-2.9739,12.051,-4.9839,6.4341,-3.5193,-0.27028,-11.732,17.092,12.141,18.744,-3.6007,7.9615,-12.729,9.7083,-8.7848,-2.3981,-22.337,4.1654,-3.8904,7.1398,8.8296,3.8824,-1.9051,10.295,-10.275,3.3678,3.1781,8.7859,3.1911,-6.8943,-9.7209,-3.1309,7.4225,-1.5993,30.795,-5.5148,-6.9257,-2.8786,-3.3445,3.5192,-3.8548,4.2207,-10.457,3.6409,15.461,-11.759,-2.6823,0,8.1916,-0.59454,14.171,-2.6405,14.533,-6.069,16.431,-0.87529,0.36869,4.7519,4.7364,-8.6958,-5.7353,4.0825,-2.7762,-2.8683,6.5511,-19.126,4.4636,-27.395,7.9282,-11.759,6.4682,-13.115,-3.7902,-4.5083,-5.7904,20.355,9.6659,-11.712,-1.0104,-6.7081,-6.991,-6.796,4.758,7.3987,-26.21,-11.226,3.4463,9.5831,-8.0267,15.35,15.915,3.1018,4.0023,-1.1543,8.7249,2.6273,-0.8071,-4.6811,5.8316,-5.636,-4.5835,-11.798,8.1916,0
