0,-1.7491,-11.277,-2.3187,-1.0822,0.10859,1.6783,3.9768,5.5663,4.5103,2.103,2.7244,-2.8527,11.587,-10.289,-2.137,-0.56676,-4.9192,-2.7098,2.3419,-6.7957,-1.7491,0,5.2485,0.64156,-3.8,-7.3541,0.51824,-1.2379,-1.6976,-2.4571,-3.7324,-1.2047,3.6176,-1.9939,-0.82072,5.0179,1.0255,-2.4234,-1.6982,-1.4389,2.9874,-11.277,5.2485,0,2.2061,-1.2418,-3.8501,-1.7857,-5.1929,-6.2002,-6.2267,-4.1846,-3.3803,4.251,-8.6173,5.3983,4.2406,1.1986,3.575,-0.66681,-1.8432,7.4645,-2.3187,0.64156,2.2061,0,-3.876,-2.2041,2.7982,-1.1318,-1.6702,-4.9751,0.52897,-0.33382,2.2077,0.82348,0.50122,1.3231,3.3567,3.5167,1.8915,3.0055,1.8546,-1.0822,-3.8,-1.2418,-3.876,0,6.4965,-3.6901,3.2208,4.0651,3.4492,0.13724,0.62123,-3.6802,-3.3528,4.7021,-4.9319,-2.2863,-0.91239,2.9122,-1.4259,0.34554,0.10859,-7.3541,-3.8501,-2.2041,6.4965,0,-1.7976,4.2281,0.69008,5.6601,3.2948,3.8142,-6.0491,0.14534,1.8927,-7.2634,-1.8578,0.23645,6.7757,-1.0162,-6.1829,1.6783,0.51824,-1.7857,2.7982,-3.6901,-1.7976,0,-2.0878,-1.7717,-2.3025,-1.5439,-3.1077,4.2433,2.9492,-1.172,2.2561,-3.4139,1.7249,0.75887,-0.27741,-0.77273,3.9768,-1.2379,-5.1929,-1.1318,3.2208,4.2281,-2.0878,0,5.5187,4.3404,4.3236,4.5045,-4.1086,2.2097,-2.9211,-4.151,1.7056,-4.7081,4.0294,1.2786,-3.5499,5.5663,-1.6976,-6.2002,-1.6702,4.0651,0.69008,-1.7717,5.5187,0,2.6513,1.9811,2.8283,-2.1897,2.3761,-3.2356,-0.46998,0.4256,-3.7825,-1.3084,3.157,-1.6187,4.5103,-2.4571,-6.2267,-4.9751,3.4492,5.6601,-2.3025,4.3404,2.6513,0,3.1852,5.4228,-7.5049,2.3298,-2.6397,-4.7338,-1.4351,-5.2298,2.2111,-1.4208,-5.2398,2.103,-3.7324,-4.1846,0.52897,0.13724,3.2948,-1.5439,4.3236,1.9811,3.1852,0,6.3487,-5.9588,2.7544,-1.922,-6.8533,7.327,1.9745,3.4932,-0.88215,-1.9443,2.7244,-1.2047,-3.3803,-0.33382,0.62123,3.8142,-3.1077,4.5045,2.8283,5.4228,6.3487,0,-9.4858,1.4511,-2.4277,-6.61,4.6147,-1.5439,2.6573,-1.0247,-4.4632,-2.8527,3.6176,4.251,2.2077,-3.6802,-6.0491,4.2433,-4.1086,-2.1897,-7.5049,-5.9588,-9.4858,0,-2.4274,0.74703,10.291,-3.3548,0.99216,-3.751,1.8106,4.485,11.587,-1.9939,-8.6173,0.82348,-3.3528,0.14534,2.9492,2.2097,2.3761,2.3298,2.7544,1.4511,-2.4274,0,-7.643,-1.9678,0.37594,-1.7686,-1.0793,3.1574,-6.8806,-10.289,-0.82072,5.3983,0.50122,4.7021,1.8927,-1.172,-2.9211,-3.2356,-2.6397,-1.922,-2.4277,0.74703,-7.643,0,-1.0531,-1.3961,3.8789,4.0415,-2.9991,4.0321,-2.137,5.0179,4.2406,1.3231,-4.9319,-7.2634,2.2561,-4.151,-0.46998,-4.7338,-6.8533,-6.61,10.291,-1.9678,-1.0531,0,-2.8833,-0.71172,-5.2756,2.5538,4.5333,-0.56676,1.0255,1.1986,3.3567,-2.2863,-1.8578,-3.4139,1.7056,0.4256,-1.4351,7.327,4.6147,-3.3548,0.37594,-1.3961,-2.8833,0,2.7203,0.87758,0.096345,2.4789,-4.9192,-2.4234,3.575,3.5167,-0.91239,0.23645,1.7249,-4.7081,-3.7825,-5.2298,1.9745,-1.5439,0.99216,-1.7686,3.8789,-0.71172,2.7203,0,0.51746,-2.6105,2.4018,-2.7098,-1.6982,-0.66681,1.8915,2.9122,6.7757,0.75887,4.0294,-1.3084,2.2111,3.4932,2.6573,-3.751,-1.0793,4.0415,-5.2756,0.87758,0.51746,0,-1.227,-2.1134,2.3419,-1.4389,-1.8432,3.0055,-1.4259,-1.0162,-0.27741,1.2786,3.157,-1.4208,-0.88215,-1.0247,1.8106,3.1574,-2.9991,2.5538,0.096345,-2.6105,-1.227,0,-1.3019,-6.7957,2.9874,7.4645,1.8546,0.34554,-6.1829,-0.77273,-3.5499,-1.6187,-5.2398,-1.9443,-4.4632,4.485,-6.8806,4.0321,4.5333,2.4789,2.4018,-2.1134,-1.3019,0
