0,10.006,-12.078,6.4498,-3.1295,-4.4403,-3.0626,-3.5794,7.0039,3.5829,-3.4991,7.8877,-2.5861,6.7057,6.2913,-6.9385,-1.4959,-5.9274,-9.8815,-7.0253,4.4448,10.006,0,-3.7676,4.2099,-10.148,-8.3921,-0.91379,1.2372,-0.83487,9.7497,-0.54674,8.708,1.1933,8.1024,5.8472,-3.7851,-8.5662,-7.8695,-5.9994,-5.0299,3.0039,-12.078,-3.7676,0,-8.9037,-0.67787,0.28275,4.82,9.098,-9.9774,-2.0677,-0.19096,-9.3743,9.8869,-3.2006,-5.4586,10.947,-4.8835,-0.73713,4.9232,6.9318,-6.537,6.4498,4.2099,-8.9037,0,-5.7581,-6.7069,-3.5443,-10.73,2.0835,1.2212,5.0782,10.268,-9.2818,5.8412,17.477,-17.363,3.2264,1.8704,-5.435,-6.1614,20.066,-3.1295,-10.148,-0.67787,-5.7581,0,17.321,-0.25411,-0.57247,6.245,-4.835,-3.0138,-5.3353,-1.7941,-8.2814,-9.6772,3.7074,7.8987,4.5504,4.5606,2.9525,-5.9796,-4.4403,-8.3921,0.28275,-6.7069,17.321,0,-1.14,0.33436,3.025,-1.3331,-0.29546,-3.6045,-1.8428,-7.9204,-12.153,3.8102,6.1019,6.2519,8.8314,2.28,-6.538,-3.0626,-0.91379,4.82,-3.5443,-0.25411,-1.14,0,8.8677,-0.24151,-1.3532,-2.8823,-3.3475,3.2032,-8.566,-2.5201,8.0504,-1.6621,-3.0565,-2.3243,16.994,-5.7459,-3.5794,1.2372,9.098,-10.73,-0.57247,0.33436,8.8677,0,-4.0292,2.2264,-4.3625,-4.9349,11.127,-4.2741,-7.1226,14.769,-8.5279,-6.031,1.1769,8.2602,-12.462,7.0039,-0.83487,-9.9774,2.0835,6.245,3.025,-0.24151,-4.0292,0,-3.2094,-5.9955,1.0899,-4.7545,-2.0016,0.18159,-2.4005,6.2714,-0.96967,-5.6214,-0.70738,0.18395,3.5829,9.7497,-2.0677,1.2212,-4.835,-1.3331,-1.3532,2.2264,-3.2094,0,4.1254,9.6199,-0.86465,2.8648,0.63494,-2.0608,-5.3163,-1.1726,1.7677,-3.2826,0.38568,-3.4991,-0.54674,-0.19096,5.0782,-3.0138,-0.29546,-2.8823,-4.3625,-5.9955,4.1254,0,5.8727,-6.8063,0.65096,3.2199,-5.4002,2.9411,10.255,6.169,-2.0933,6.2342,7.8877,8.708,-9.3743,10.268,-5.3353,-3.6045,-3.3475,-4.9349,1.0899,9.6199,5.8727,0,-7.9772,4.6893,7.404,-10.796,0.28348,1.08,-2.2219,-6.3654,7.937,-2.5861,1.1933,9.8869,-9.2818,-1.7941,-1.8428,3.2032,11.127,-4.7545,-0.86465,-6.8063,-7.9772,0,0.85904,-4.3822,10.039,-11.304,-8.793,-0.34221,3.0175,-7.7459,6.7057,8.1024,-3.2006,5.8412,-8.2814,-7.9204,-8.566,-4.2741,-2.0016,2.8648,0.65096,4.6893,0.85904,0,8.3879,-7.5392,-4.9317,-3.884,-3.9223,-13.671,7.6296,6.2913,5.8472,-5.4586,17.477,-9.6772,-12.153,-2.5201,-7.1226,0.18159,0.63494,3.2199,7.404,-4.3822,8.3879,0,-11.67,-0.041487,-1.1033,-7.7067,-5.7155,16.607,-6.9385,-3.7851,10.947,-17.363,3.7074,3.8102,8.0504,14.769,-2.4005,-2.0608,-5.4002,-10.796,10.039,-7.5392,-11.67,0,-3.7493,-3.0334,2.9997,10.821,-17.994,-1.4959,-8.5662,-4.8835,3.2264,7.8987,6.1019,-1.6621,-8.5279,6.2714,-5.3163,2.9411,0.28348,-11.304,-4.9317,-0.041487,-3.7493,0,10.706,1.9703,0.50179,2.9451,-5.9274,-7.8695,-0.73713,1.8704,4.5504,6.2519,-3.0565,-6.031,-0.96967,-1.1726,10.255,1.08,-8.793,-3.884,-1.1033,-3.0334,10.706,0,8.8762,-0.08951,2.8356,-9.8815,-5.9994,4.9232,-5.435,4.5606,8.8314,-2.3243,1.1769,-5.6214,1.7677,6.169,-2.2219,-0.34221,-3.9223,-7.7067,2.9997,1.9703,8.8762,0,1.0848,-3.5546,-7.0253,-5.0299,6.9318,-6.1614,2.9525,2.28,16.994,8.2602,-0.70738,-3.2826,-2.0933,-6.3654,3.0175,-13.671,-5.7155,10.821,0.50179,-0.08951,1.0848,0,-7.8709,4.4448,3.0039,-6.537,20.066,-5.9796,-6.538,-5.7459,-12.462,0.18395,0.38568,6.2342,7.937,-7.7459,7.6296,16.607,-17.994,2.9451,2.8356,-3.5546,-7.8709,0
