0,-0.20902,-21.105,-8.4854,-21.944,-12.809,2.874,8.2483,7.1921,17.594,24.273,-2.6218,-0.64648,3.6868,14.218,8.5568,-5.4333,-18.253,22.784,-4.285,-0.29757,17.384,10.608,7.4277,8.0704,13.467,0.2042,1.6653,7.2923,-10.712,23.22,-4.6882,0.41785,-4.5245,-15.845,-1.7205,20.088,-8.8184,9.562,3.2016,-14.29,-13.139,-10.883,6.1113,-8.4256,-10.08,-0.17713,-0.42614,27.967,-2.435,-0.50345,-8.2899,-6.1601,1.6723,17.13,-0.20902,0,3.9834,-10.404,-5.4764,-12.265,-23.519,-7.5213,-25.633,-14.03,-2.3202,-10.404,-28.791,30.523,-9.1444,-16.227,-18.087,-4.7746,4.2365,-26.484,-21.519,12.246,-16.212,26.489,7.2911,17.31,21.025,1.5117,19.803,2.7956,8.4793,-25.959,-26.112,-27.848,14.669,10.425,1.5885,-4.5545,4.1134,14.174,15.848,-2.2056,24.192,-24.032,17.313,8.7428,-0.71289,35.809,-8.7459,16.166,6.5738,18.243,30.321,9.5209,8.7014,-21.105,3.9834,0,7.2311,19.782,2.7567,-12.358,-12.689,-10.36,-14.453,-12.333,4.4618,-3.4826,0.48463,-18.545,-16.199,-0.74393,9.1757,-8.8416,-1.5415,-4.2375,-9.283,-14.823,0.60742,-0.95204,-8.6347,8.2326,3.3523,-3.2376,4.4658,-12.822,1.9779,-6.4196,-3.0894,11.122,10.169,-11.51,16.59,-12.87,4.6621,15.798,25.103,13.742,-12.156,17.117,21.262,12.293,6.7203,-23.549,5.6091,-1.3787,9.06,7.0878,-0.057145,-12.297,-8.4854,-10.404,7.2311,0,12.098,12.273,7.0023,-5.9713,1.6272,0.6804,-10.747,8.0634,11.561,-5.7983,6.0084,6.3299,14.96,15.239,-4.08,6.5401,0.031241,-9.8748,2.3156,-11.047,3.4448,-14.928,-10.707,14.74,-10.785,-9.9752,-18.463,8.6454,13.022,12.191,-3.9124,-11.614,-7.1919,3.4328,-6.0489,-13.188,-7.0217,16.276,-2.9712,7.1124,-7.0537,-1.4582,8.0918,-8.9207,-3.6857,-16.426,-11.844,2.1495,-3.8459,-23.98,-8.5193,-21.944,-5.4764,19.782,12.098,0,11.773,-1.5896,-4.5573,-1.9357,-9.5065,-13.175,13.695,4.0176,-8.5786,-7.7353,-6.4018,5.5182,15.6,-16.27,10.179,3.4568,-13.996,-7.4255,-10.974,-8.4371,-15.089,-0.78438,1.9378,-8.458,5.9506,-17.035,12.141,2.9941,5.6874,6.3402,3.602,-15.46,17.364,-18.963,-1.5607,5.9885,18.821,4.985,-1.5674,6.2742,11.622,6.6246,-3.024,-12.513,-2.227,-8.3519,0.75789,-0.94362,-6.9103,-21.206,-12.809,-12.265,2.7567,12.273,11.773,0,12.972,5.3166,5.7656,-4.2006,-14.84,8.6345,9.4411,-12.771,1.6661,7.439,22.531,22.668,-19.261,14.757,7.4678,-17.733,6.7013,-19.415,-9.9544,-21.613,-17.414,0.86265,-18.327,3.343,-18.532,14.118,17.286,22.193,3.9642,-11.737,-20.803,2.8908,-5.9675,-16.625,-2.2054,4.9125,-2.9683,11.037,-8.6116,-5.5512,-5.1445,-14.441,-4.5058,-11.311,-5.6184,-0.83477,-5.1319,-10.906,-16.863,2.874,-23.519,-12.358,7.0023,-1.5896,12.972,0,9.8228,21.544,12.619,0.73639,2.1063,21.464,-16.018,14.843,29.86,20.122,4.0697,-2.9306,16.47,14.504,-9.1105,20.418,-20.356,-5.5248,-10.078,-36.395,-3.2724,-14.797,-2.7322,-6.2827,11.705,28.528,27.391,-11.093,-21.926,-0.27042,-6.1857,4.8856,-22.607,-18.257,-6.1366,-22.999,28.502,-31.871,-21.647,-7.8168,-32.705,10.301,-18.053,-1.7193,-11.479,-17.416,-8.9725,-1.7854,8.2483,-7.5213,-12.689,-5.9713,-4.5573,5.3166,9.8228,0,13.596,5.0905,4.0898,4.0408,1.6092,-8.3948,8.9476,11.53,5.8528,-4.367,-1.7678,8.581,7.7458,1.707,16.621,-5.1919,-5.3097,-0.17476,-9.746,-5.2301,-6.6991,0.012182,5.3507,6.8282,8.9967,5.5934,-4.1215,-4.2496,-3.3244,-0.90272,-1.4714,-4.3421,-8.142,-11.959,-9.2676,16.38,-9.5411,-12.722,-6.7035,-11.124,13.258,-8.345,-5.4722,-12.622,-9.2155,-0.83219,0.83198,7.1921,-25.633,-10.36,1.6272,-1.9357,5.7656,21.544,13.596,0,17.489,8.9541,6.2234,21.003,-22.204,10.75,18.673,13.375,-3.9541,1.5274,15.732,18.037,-6.1665,25.184,-13.81,-4.1092,-7.8679,-17.601,-5.64,-14.894,-3.4866,-0.84916,15.105,20.427,17.132,-17.803,-8.9118,3.4237,0.0085515,1.3853,-11.886,-17.755,-4.8031,-33.374,25,-18.528,-13.734,-1.8466,-26.295,14.955,-11.52,-2.1888,-20.89,-35.217,-2.1895,-0.91033,17.594,-14.03,-14.453,0.6804,-9.5065,-4.2006,12.619,5.0905,17.489,0,19.367,1.4749,12.832,-8.2079,14.043,14.581,2.8089,-8.17,11.459,7.2168,11.833,2.7588,14.806,-5.3195,1.2446,-0.42604,-7.8134,-0.21527,-2.7361,-8.7657,6.5665,6.7594,9.1839,7.244,-33.408,-5.8752,15.911,-2.6834,5.197,-3.3714,-22.229,-5.6617,-28.288,13.697,-15.638,-10.082,1.8701,-11.72,24.389,-8.2035,-1.4268,-18.527,-19.972,-3.2861,5.0722,24.273,-2.3202,-12.333,-10.747,-13.175,-14.84,0.73639,4.0898,8.9541,19.367,0,0.80781,2.1183,-0.94663,5.8206,2.7359,-8.1313,-18.888,17.567,-0.89596,5.2389,11.421,6.7546,5.1409,2.7107,9.2349,3.956,-3.0767,6.5472,-4.3448,20.711,-0.13881,-1.6654,-3.9638,-17.201,4.7598,23.953,-1.7893,5.4672,7.3967,-9.5473,-8.2487,-12.001,2.5444,-3.6924,-2.5038,1.9394,0.038138,20.175,3.5387,2.4104,-12.865,-10.397,7.1974,9.4113,-2.6218,-10.404,4.4618,8.0634,13.695,8.6345,2.1063,4.0408,6.2234,1.4749,0.80781,0,6.8866,-11.326,2.6648,-0.51162,5.1564,7.1612,-4.6605,11.691,5.9668,-2.6787,3.9152,-8.4771,-4.4702,-9.2365,-2.5777,7.3012,-5.7359,-2.4282,-2.6031,18.438,8.7751,7.0914,-5.1383,1.4905,-6.1031,13.391,-17.682,-0.91032,-5.5709,10.713,-4.1259,6.3711,-1.9503,4.3907,6.2985,-6.0669,3.3068,-5.3557,-18.188,-7.9748,-10.639,-8.0139,-14.631,-0.64648,-28.791,-3.4826,11.561,4.0176,9.4411,21.464,1.6092,21.003,12.832,2.1183,6.8866,0,-21.671,8.8923,14.601,17.445,3.2531,-1.6141,16.061,14.848,-11.61,13.707,-20.015,-2.7339,-13.598,-19.098,-1.0004,-15.442,-4.4266,-9.5917,16.483,23.643,24.442,-15.384,-13.285,1.7052,-0.057682,0.013321,-17.976,-15.054,2.5188,-21.783,17.412,-17.25,-8.9642,-0.67591,-24.25,5.9374,-12.147,-3.0619,-11.694,-23.271,-6.7044,-5.1358,3.6868,30.523,0.48463,-5.7983,-8.5786,-12.771,-16.018,-8.3948,-22.204,-8.2079,-0.94663,-11.326,-21.671,0,-2.4778,-8.849,-14.363,-4.2513,9.2262,-30.128,-26.739,14.733,-11.891,25.898,12.168,18.347,14.684,6.5468,20.265,-3.1673,9.1459,-32.522,-17.717,-22.223,8.7087,4.7465,4.8871,-8.6813,8.0759,10.109,7.6285,-2.3506,16.253,-16.527,9.5871,4.0351,1.1107,25.147,-4.3713,8.5435,4.6249,18.934,25.046,3.1856,13.084,14.218,-9.1444,-18.545,6.0084,-7.7353,1.6661,14.843,8.9476,10.75,14.043,5.8206,2.6648,8.8923,-2.4778,0,22.827,7.2737,-3.0417,8.9851,3.7629,1.0837,6.4613,16.306,-4.5332,6.7253,2.8826,-13.799,7.885,-1.2665,-16.208,4.2889,2.1877,14.473,6.9803,-16.536,-18.011,7.0816,-11.308,5.5516,-11.131,-31.643,-7.4821,-14.905,19.041,-23.846,-20.467,-2.8148,-11.082,20.205,-19.173,-10.004,-7.2513,-9.2382,-13.058,8.2212,8.5568,-16.227,-16.199,6.3299,-6.4018,7.439,29.86,11.53,18.673,14.581,2.7359,-0.51162,14.601,-8.849,22.827,0,16.877,-0.2474,3.4209,8.7953,7.3398,-3.3847,24.577,-10.957,1.2735,-4.6664,-28.571,0.74626,-11.223,-9.3849,-2.2071,5.7266,23.112,16.212,-13.656,-24.381,2.7257,-9.6994,8.1608,-20.197,-24.688,-7.7313,-21.81,29.515,-37.468,-32.27,-4.4422,-22.615,14.648,-23.607,-3.0294,-8.8466,-13.698,-10.847,4.6727,-5.4333,-18.087,-0.74393,14.96,5.5182,22.531,20.122,5.8528,13.375,2.8089,-8.1313,5.1564,17.445,-14.363,7.2737,16.877,0,10.665,-6.7658,11.601,6.8487,-16.924,15.425,-16.872,-1.6815,-19.52,-29.677,2.2438,-28.504,-4.8365,-16.885,11.903,29.785,27.881,-4.0558,-19.721,-9.8087,-1.0053,0.15599,-31.63,-9.6338,4.0198,-10.704,18.688,-16.639,-13.008,-1.0637,-22.729,0.43225,-19.192,-3.9335,-2.5511,-10.857,-11.724,-6.8491,-18.253,-4.7746,9.1757,15.239,15.6,22.668,4.0697,-4.367,-3.9541,-8.17,-18.888,7.1612,3.2531,-4.2513,-3.0417,-0.2474,10.665,0,-18.079,8.2294,2.0929,-14.381,-3.2468,-11.796,-8.5159,-17.571,-6.6859,5.341,-8.4282,4.3331,-18.888,8.1398,6.7939,11.35,8.5147,-5.7152,-18.752,5.2219,-7.2278,-7.3801,3.0362,11.385,4.2964,1.1858,-1.314,2.5884,-0.60741,-4.4078,-10.663,-5.8689,-4.8058,5.4562,2.1487,-12.891,-19.347,22.784,4.2365,-8.8416,-4.08,-16.27,-19.261,-2.9306,-1.7678,1.5274,11.459,17.567,-4.6605,-1.6141,9.2262,8.9851,3.4209,-6.7658,-18.079,0,-12.469,-7.8932,15.825,4.0995,13.922,19.317,14.417,4.6864,6.3927,9.121,-16.26,15.745,-10.521,-3.2515,-8.9856,-13.023,0.0020801,24.081,-8.4373,11.394,3.9487,-9.4283,-4.2651,-5.2088,-0.63048,-3.0778,-4.4526,6.8331,5.093,12.413,0.08946,1.5429,-0.019254,-1.3297,1.8911,22.147,-4.285,-26.484,-1.5415,6.5401,10.179,14.757,16.47,8.581,15.732,7.2168,-0.89596,11.691,16.061,-30.128,3.7629,8.7953,11.601,8.2294,-12.469,0,27.774,-13.209,8.1917,-34.895,-18.2,-17.103,-14.275,-5.7733,-15.05,5.5159,-8.6667,31.287,15.586,20.95,-6.2945,-4.7565,-6.1977,8.6209,-9.3327,-7.9868,-7.5059,1.228,-13.399,15.612,-9.4369,-3.4391,-2.7413,-22.911,4.7925,-10.138,-6.746,-18.851,-18.578,-7.2655,-15.319,-0.29757,-21.519,-4.2375,0.031241,3.4568,7.4678,14.504,7.7458,18.037,11.833,5.2389,5.9668,14.848,-26.739,1.0837,7.3398,6.8487,2.0929,-7.8932,27.774,0,-10.688,8.7621,-20.783,-18.672,-12.337,-10.073,-11.815,-11.566,7.7926,-3.7177,21.982,10.363,16.106,-8.4662,-1.5679,-0.42115,7.0345,-4.5426,-4.2077,-6.1318,-2.7086,-16.557,12.171,-8.1662,-3.1889,-4.1229,-18.302,6.9314,-4.0402,0.22437,-24.446,-20.991,0.13774,-10.483,17.384,12.246,-9.283,-9.8748,-13.996,-17.733,-9.1105,1.707,-6.1665,2.7588,11.421,-2.6787,-11.61,14.733,6.4613,-3.3847,-16.924,-14.381,15.825,-13.209,-10.688,0,-1.6679,17.789,11.006,28.489,11.229,6.0251,23.377,-7.487,26.696,-12.154,-10.025,-17.635,-3.6064,4.6598,12.768,-7.3053,3.4323,11.563,-2.5099,-8.796,3.3995,-4.7266,2.6927,-0.030118,-0.7523,12.486,9.7452,5.2735,-3.4857,0.96914,6.054,3.8481,14.885,10.608,-16.212,-14.823,2.3156,-7.4255,6.7013,20.418,16.621,25.184,14.806,6.7546,3.9152,13.707,-11.891,16.306,24.577,15.425,-3.2468,4.0995,8.1917,8.7621,-1.6679,0,-7.8725,1.645,-4.9364,-19.916,0.42701,-12.303,-9.4874,1.0464,8.827,22.051,14.792,-15.271,-15.042,1.9465,-5.4093,4.4017,-14.963,-20.864,-6.7817,-22.937,29.178,-25.658,-22.898,-3.4556,-19.82,16.904,-14.861,-3.8777,-11.91,-18.686,-4.7109,2.3681,7.4277,26.489,0.60742,-11.047,-10.974,-19.415,-20.356,-5.1919,-13.81,-5.3195,5.1409,-8.4771,-20.015,25.898,-4.5332,-10.957,-16.872,-11.796,13.922,-34.895,-20.783,17.789,-7.8725,0,14.56,20.515,19.517,4.3059,17.939,-4.1759,14.605,-23.988,-19.35,-28.31,4.8789,9.7843,7.6861,-4.9199,6.3196,14.015,7.5528,-2.3439,12.294,-15.925,11.709,5.5399,3.976,25.85,-1.6705,12.707,5.3327,12.141,15.121,9.7756,14.382,8.0704,7.2911,-0.95204,3.4448,-8.4371,-9.9544,-5.5248,-5.3097,-4.1092,1.2446,2.7107,-4.4702,-2.7339,12.168,6.7253,1.2735,-1.6815,-8.5159,19.317,-18.2,-18.672,11.006,1.645,14.56,0,9.5827,3.2378,14.938,5.6551,-23.489,4.695,-12.489,-2.0155,-8.2619,-5.1258,-3.7867,8.0551,-8.3981,6.8014,-1.1767,-4.5589,2.3768,2.0291,-2.2141,-0.82091,-3.1162,8.1192,6.8306,2.0104,-2.2593,-2.4496,9.3234,5.0531,-2.0681,15.397,13.467,17.31,-8.6347,-14.928,-15.089,-21.613,-10.078,-0.17476,-7.8679,-0.42604,9.2349,-9.2365,-13.598,18.347,2.8826,-4.6664,-19.52,-17.571,14.417,-17.103,-12.337,28.489,-4.9364,20.515,9.5827,0,12.627,-0.15357,26.119,-2.5719,23.176,-20.214,-14.201,-22.089,0.40411,5.4994,13.96,-11.115,8.5605,11.299,1.4791,-12.62,5.7013,-8.4866,5.1657,-0.10688,-3.8078,15.197,5.4044,9.162,3.4502,4.1278,9.7413,8.9151,21.57,0.2042,21.025,8.2326,-10.707,-0.78438,-17.414,-36.395,-9.746,-17.601,-7.8134,3.956,-2.5777,-19.098,14.684,-13.799,-28.571,-29.677,-6.6859,4.6864,-14.275,-10.073,11.229,-19.916,19.517,3.2378,12.627,0,0.38203,19.425,4.5635,10.365,-11.127,-34.328,-28.644,7.7786,26.387,4.7039,5.3216,-3.1176,31.803,15.476,2.944,16.623,-28.59,27.339,21.355,5.8278,31.507,-6.4253,23.127,3.7868,7.2179,13.503,11.906,2.9023,1.6653,1.5117,3.3523,14.74,1.9378,0.86265,-3.2724,-5.2301,-5.64,-0.21527,-3.0767,7.3012,-1.0004,6.5468,7.885,0.74626,2.2438,5.341,6.3927,-5.7733,-11.815,6.0251,0.42701,4.3059,14.938,-0.15357,0.38203,0,2.2761,-20.567,-1.1563,-1.3768,2.8293,-1.4576,-3.672,-4.8925,-1.1143,0.066097,-4.0258,-1.8552,-6.1394,11.402,2.8943,0.72764,-2.1723,0.68146,11.015,3.1476,0.92013,-8.2427,-15.313,6.9077,3.1071,-15.771,0.10444,7.2923,19.803,-3.2376,-10.785,-8.458,-18.327,-14.797,-6.6991,-14.894,-2.7361,6.5472,-5.7359,-15.442,20.265,-1.2665,-11.223,-28.504,-8.4282,9.121,-15.05,-11.566,23.377,-12.303,17.939,5.6551,26.119,19.425,2.2761,0,0.56277,17.58,-16.267,-19.595,-22.989,3.1508,9.1897,11.178,-6.0937,3.8491,17.125,5.2021,-6.098,10.206,-15.066,9.6054,6.8744,-2.4555,22.277,1.1462,13.629,2.2851,6.0162,13.046,7.0568,10.4,-10.712,2.7956,4.4658,-9.9752,5.9506,3.343,-2.7322,0.012182,-3.4866,-8.7657,-4.3448,-2.4282,-4.4266,-3.1673,-16.208,-9.3849,-4.8365,4.3331,-16.26,5.5159,7.7926,-7.487,-9.4874,-4.1759,-23.489,-2.5719,4.5635,-20.567,0.56277,0,-2.4784,2.068,-7.1188,-0.47516,13.849,9.5406,-6.6662,5.3648,-3.026,6.2028,15.546,-3.531,6.3539,-7.5274,9.4538,8.0132,-9.6154,2.481,-9.2118,12.508,10.131,-0.87054,3.7055,11.089,-8.8388,23.22,8.4793,-12.822,-18.463,-17.035,-18.532,-6.2827,5.3507,-0.84916,6.5665,20.711,-2.6031,-9.5917,9.1459,4.2889,-2.2071,-16.885,-18.888,15.745,-8.6667,-3.7177,26.696,1.0464,14.605,4.695,23.176,10.365,-1.1563,17.58,-2.4784,0,-8.8454,-9.2978,-14.065,-5.2675,7.4649,16.132,-5.5647,5.7572,13.583,-2.9454,-13.18,-0.99105,-3.2817,1.7337,-0.96531,-2.0659,9.0206,14.035,7.6982,1.6346,-4.0256,1.1012,8.9047,13.971,-4.6882,-25.959,1.9779,8.6454,12.141,14.118,11.705,6.8282,15.105,6.7594,-0.13881,18.438,16.483,-32.522,2.1877,5.7266,11.903,8.1398,-10.521,31.287,21.982,-12.154,8.827,-23.988,-12.489,-20.214,-11.127,-1.3768,-16.267,2.068,-8.8454,0,15.554,19.217,-7.6688,-2.715,-7.1403,13.341,-14.228,-6.6933,-6.994,6.3768,-12.069,13.962,-7.305,-0.39487,1.7214,-18.921,3.8532,-8.8568,-10.044,-17.298,-20.471,-6.9307,-19.544,0.41785,-26.112,-6.4196,13.022,2.9941,17.286,28.528,8.9967,20.427,9.1839,-1.6654,8.7751,23.643,-17.717,14.473,23.112,29.785,6.7939,-3.2515,15.586,10.363,-10.025,22.051,-19.35,-2.0155,-14.201,-34.328,2.8293,-19.595,-7.1188,-9.2978,15.554,0,30.419,-11.11,-21.357,-4.1182,-2.1186,-0.18616,-26.658,-18.689,0.67973,-18.736,30.321,-26.144,-16.359,-2.395,-30.883,7.8627,-22.763,-7.6377,-8.9327,-18.375,-13.033,-5.1572,-4.5245,-27.848,-3.0894,12.191,5.6874,22.193,27.391,5.5934,17.132,7.244,-3.9638,7.0914,24.442,-22.223,6.9803,16.212,27.881,11.35,-8.9856,20.95,16.106,-17.635,14.792,-28.31,-8.2619,-22.089,-28.644,-1.4576,-22.989,-0.47516,-14.065,19.217,30.419,0,-6.9088,-16.356,-6.6387,0.64981,-1.179,-22.347,-11.06,1.9622,-15.754,20.315,-18.691,-11.025,-4.0892,-30.247,3.2151,-15.143,-3.1534,-8.8516,-16.822,-9.9182,-10.717,-15.845,14.669,11.122,-3.9124,6.3402,3.9642,-11.093,-4.1215,-17.803,-33.408,-17.201,-5.1383,-15.384,8.7087,-16.536,-13.656,-4.0558,8.5147,-13.023,-6.2945,-8.4662,-3.6064,-15.271,4.8789,-5.1258,0.40411,7.7786,-3.672,3.1508,13.849,-5.2675,-7.6688,-11.11,-6.9088,0,6.644,-14.834,1.8166,-2.4402,4.9202,26.267,2.1669,25.898,-14.462,15.172,8.9759,-4.4983,11.541,-22.131,9.9336,5.7881,16.476,21.31,5.0059,-4.9389,-1.7205,10.425,10.169,-11.614,3.602,-11.737,-21.926,-4.2496,-8.9118,-5.8752,4.7598,1.4905,-13.285,4.7465,-18.011,-24.381,-19.721,-5.7152,0.0020801,-4.7565,-1.5679,4.6598,-15.042,9.7843,-3.7867,5.4994,26.387,-4.8925,9.1897,9.5406,7.4649,-2.715,-21.357,-16.356,6.644,0,1.3807,13.974,-8.3001,31.143,15.474,4.0444,10.789,-17.587,26.604,24.41,7.3189,15.089,-5.4185,19.329,3.0264,0.25611,5.9288,12.783,-2.6335,20.088,1.5885,-11.51,-7.1919,-15.46,-20.803,-0.27042,-3.3244,3.4237,15.911,23.953,-6.1031,1.7052,4.8871,7.0816,2.7257,-9.8087,-18.752,24.081,-6.1977,-0.42115,12.768,1.9465,7.6861,8.0551,13.96,4.7039,-1.1143,11.178,-6.6662,16.132,-7.1403,-4.1182,-6.6387,-14.834,1.3807,0,-8.4289,11.964,5.3515,-8.6013,-8.3084,-8.2735,-1.0895,-3.2793,-3.1085,1.2153,3.1721,13.41,3.617,5.4591,-5.1908,-4.13,5.5582,17.323,-8.8184,-4.5545,16.59,3.4328,17.364,2.8908,-6.1857,-0.90272,0.0085515,-2.6834,-1.7893,13.391,-0.057682,-8.6813,-11.308,-9.6994,-1.0053,5.2219,-8.4373,8.6209,7.0345,-7.3053,-5.4093,-4.9199,-8.3981,-11.115,5.3216,0.066097,-6.0937,5.3648,-5.5647,13.341,-2.1186,0.64981,1.8166,13.974,-8.4289,0,-24.449,7.91,6.4965,15.831,2.6399,-2.7734,10.213,16.972,13.312,-0.52433,-5.4125,2.0949,-6.9876,-5.7962,-4.0439,-0.85952,-18.036,9.562,4.1134,-12.87,-6.0489,-18.963,-5.9675,4.8856,-1.4714,1.3853,5.197,5.4672,-17.682,0.013321,8.0759,5.5516,8.1608,0.15599,-7.2278,11.394,-9.3327,-4.5426,3.4323,4.4017,6.3196,6.8014,8.5605,-3.1176,-4.0258,3.8491,-3.026,5.7572,-14.228,-0.18616,-1.179,-2.4402,-8.3001,11.964,-24.449,0,-4.8156,-4.5298,-12.888,-4.2491,0.15137,-7.485,-13.034,-7.1609,1.0294,4.6418,0.67313,16.386,5.2434,2.3279,4.3938,19.132,3.2016,14.174,4.6621,-13.188,-1.5607,-16.625,-22.607,-4.3421,-11.886,-3.3714,7.3967,-0.91032,-17.976,10.109,-11.131,-20.197,-31.63,-7.3801,3.9487,-7.9868,-4.2077,11.563,-14.963,14.015,-1.1767,11.299,31.803,-1.8552,17.125,6.2028,13.583,-6.6933,-26.658,-22.347,4.9202,31.143,5.3515,7.91,-4.8156,0,11.48,0.34965,10.848,-17.935,20.588,18.311,5.4361,19.611,-1.4982,18.032,2.1952,0.92748,8.4386,10.343,1.5131,-14.29,15.848,15.798,-7.0217,5.9885,-2.2054,-18.257,-8.142,-17.755,-22.229,-9.5473,-5.5709,-15.054,7.6285,-31.643,-24.688,-9.6338,3.0362,-9.4283,-7.5059,-6.1318,-2.5099,-20.864,7.5528,-4.5589,1.4791,15.476,-6.1394,5.2021,15.546,-2.9454,-6.994,-18.689,-11.06,26.267,15.474,-8.6013,6.4965,-4.5298,11.48,0,4.3402,24.948,-22.962,27.572,17.779,-0.46984,15.798,-23.455,19.191,8.4476,12.053,17.611,11.889,-5.009,-13.139,-2.2056,25.103,16.276,18.821,4.9125,-6.1366,-11.959,-4.8031,-5.6617,-8.2487,10.713,2.5188,-2.3506,-7.4821,-7.7313,4.0198,11.385,-4.2651,1.228,-2.7086,-8.796,-6.7817,-2.3439,2.3768,-12.62,2.944,11.402,-6.098,-3.531,-13.18,6.3768,0.67973,1.9622,2.1669,4.0444,-8.3084,15.831,-12.888,0.34965,4.3402,0,5.4749,-4.7252,6.9818,13.458,19.038,1.5822,-11.572,-1.5647,-7.2528,5.4413,0.67808,-7.6919,-12.972,-10.883,24.192,13.742,-2.9712,4.985,-2.9683,-22.999,-9.2676,-33.374,-28.288,-12.001,-4.1259,-21.783,16.253,-14.905,-21.81,-10.704,4.2964,-5.2088,-13.399,-16.557,3.3995,-22.937,12.294,2.0291,5.7013,16.623,2.8943,10.206,6.3539,-0.99105,-12.069,-18.736,-15.754,25.898,10.789,-8.2735,2.6399,-4.2491,10.848,24.948,5.4749,0,-23.474,23.156,15.021,1.2101,22.901,-19.703,12.622,1.9226,20.502,31.902,4.5067,-1.5477,6.1113,-24.032,-12.156,7.1124,-1.5674,11.037,28.502,16.38,25,13.697,2.5444,6.3711,17.412,-16.527,19.041,29.515,18.688,1.1858,-0.63048,15.612,12.171,-4.7266,29.178,-15.925,-2.2141,-8.4866,-28.59,0.72764,-15.066,-7.5274,-3.2817,13.962,30.321,20.315,-14.462,-17.587,-1.0895,-2.7734,0.15137,-17.935,-22.962,-4.7252,-23.474,0,-28.536,-20.499,-3.4521,-31.535,14.865,-23.684,-8.5115,-14.895,-20.346,-10.858,-1.4584,-8.4256,17.313,17.117,-7.0537,6.2742,-8.6116,-31.871,-9.5411,-18.528,-15.638,-3.6924,-1.9503,-17.25,9.5871,-23.846,-37.468,-16.639,-1.314,-3.0778,-9.4369,-8.1662,2.6927,-25.658,11.709,-0.82091,5.1657,27.339,-2.1723,9.6054,9.4538,1.7337,-7.305,-26.144,-18.691,15.172,26.604,-3.2793,10.213,-7.485,20.588,27.572,6.9818,23.156,-28.536,0,28.457,6.0872,21.638,-15.339,19.89,3.7725,9.1224,15.206,10.626,-2.6814,-10.08,8.7428,21.262,-1.4582,11.622,-5.5512,-21.647,-12.722,-13.734,-10.082,-2.5038,4.3907,-8.9642,4.0351,-20.467,-32.27,-13.008,2.5884,-4.4526,-3.4391,-3.1889,-0.030118,-22.898,5.5399,-3.1162,-0.10688,21.355,0.68146,6.8744,8.0132,-0.96531,-0.39487,-16.359,-11.025,8.9759,24.41,-3.1085,16.972,-13.034,18.311,17.779,13.458,15.021,-20.499,28.457,0,9.583,14.488,-13.211,15.204,-0.29794,4.6918,8.0563,5.7593,-8.7823,-0.17713,-0.71289,12.293,8.0918,6.6246,-5.1445,-7.8168,-6.7035,-1.8466,1.8701,1.9394,6.2985,-0.67591,1.1107,-2.8148,-4.4422,-1.0637,-0.60741,6.8331,-2.7413,-4.1229,-0.7523,-3.4556,3.976,8.1192,-3.8078,5.8278,11.015,-2.4555,-9.6154,-2.0659,1.7214,-2.395,-4.0892,-4.4983,7.3189,1.2153,13.312,-7.1609,5.4361,-0.46984,19.038,1.2101,-3.4521,6.0872,9.583,0,2.9121,-1.6364,-2.6523,-6.322,1.1742,-1.384,-5.7472,-1.68,-0.42614,35.809,6.7203,-8.9207,-3.024,-14.441,-32.705,-11.124,-26.295,-11.72,0.038138,-6.0669,-24.25,25.147,-11.082,-22.615,-22.729,-4.4078,5.093,-22.911,-18.302,12.486,-19.82,25.85,6.8306,15.197,31.507,3.1476,22.277,2.481,9.0206,-18.921,-30.883,-30.247,11.541,15.089,3.1721,-0.52433,1.0294,19.611,15.798,1.5822,22.901,-31.535,21.638,14.488,2.9121,0,-8.5808,19.578,4.8906,15.158,22.837,9.4475,5.7816,27.967,-8.7459,-23.549,-3.6857,-12.513,-4.5058,10.301,13.258,14.955,24.389,20.175,3.3068,5.9374,-4.3713,20.205,14.648,0.43225,-10.663,12.413,4.7925,6.9314,9.7452,16.904,-1.6705,2.0104,5.4044,-6.4253,0.92013,1.1462,-9.2118,14.035,3.8532,7.8627,3.2151,-22.131,-5.4185,13.41,-5.4125,4.6418,-1.4982,-23.455,-11.572,-19.703,14.865,-15.339,-13.211,-1.6364,-8.5808,0,-8.3821,-5.2366,-16.991,-14.526,-3.1409,8.2023,-2.435,16.166,5.6091,-16.426,-2.227,-11.311,-18.053,-8.345,-11.52,-8.2035,3.5387,-5.3557,-12.147,8.5435,-19.173,-23.607,-19.192,-5.8689,0.08946,-10.138,-4.0402,5.2735,-14.861,12.707,-2.2593,9.162,23.127,-8.2427,13.629,12.508,7.6982,-8.8568,-22.763,-15.143,9.9336,19.329,3.617,2.0949,0.67313,18.032,19.191,-1.5647,12.622,-23.684,19.89,15.204,-2.6523,19.578,-8.3821,0,12.383,5.8281,10.201,24.814,1.0005,-0.50345,6.5738,-1.3787,-11.844,-8.3519,-5.6184,-1.7193,-5.4722,-2.1888,-1.4268,2.4104,-18.188,-3.0619,4.6249,-10.004,-3.0294,-3.9335,-4.8058,1.5429,-6.746,0.22437,-3.4857,-3.8777,5.3327,-2.4496,3.4502,3.7868,-15.313,2.2851,10.131,1.6346,-10.044,-7.6377,-3.1534,5.7881,3.0264,5.4591,-6.9876,16.386,2.1952,8.4476,-7.2528,1.9226,-8.5115,3.7725,-0.29794,-6.322,4.8906,-5.2366,12.383,0,5.3735,4.7322,16.289,6.4559,-8.2899,18.243,9.06,2.1495,0.75789,-0.83477,-11.479,-12.622,-20.89,-18.527,-12.865,-7.9748,-11.694,18.934,-7.2513,-8.8466,-2.5511,5.4562,-0.019254,-18.851,-24.446,0.96914,-11.91,12.141,9.3234,4.1278,7.2179,6.9077,6.0162,-0.87054,-4.0256,-17.298,-8.9327,-8.8516,16.476,0.25611,-5.1908,-5.7962,5.2434,0.92748,12.053,5.4413,20.502,-14.895,9.1224,4.6918,1.1742,15.158,-16.991,5.8281,5.3735,0,24.91,0.57026,3.6062,-6.1601,30.321,7.0878,-3.8459,-0.94362,-5.1319,-17.416,-9.2155,-35.217,-19.972,-10.397,-10.639,-23.271,25.046,-9.2382,-13.698,-10.857,2.1487,-1.3297,-18.578,-20.991,6.054,-18.686,15.121,5.0531,9.7413,13.503,3.1071,13.046,3.7055,1.1012,-20.471,-18.375,-16.822,21.31,5.9288,-4.13,-4.0439,2.3279,8.4386,17.611,0.67808,31.902,-20.346,15.206,8.0563,-1.384,22.837,-14.526,10.201,4.7322,24.91,0,3.6291,4.3245,1.6723,9.5209,-0.057145,-23.98,-6.9103,-10.906,-8.9725,-0.83219,-2.1895,-3.2861,7.1974,-8.0139,-6.7044,3.1856,-13.058,-10.847,-11.724,-12.891,1.8911,-7.2655,0.13774,3.8481,-4.7109,9.7756,-2.0681,8.9151,11.906,-15.771,7.0568,11.089,8.9047,-6.9307,-13.033,-9.9182,5.0059,12.783,5.5582,-0.85952,4.3938,10.343,11.889,-7.6919,4.5067,-10.858,10.626,5.7593,-5.7472,9.4475,-3.1409,24.814,16.289,0.57026,3.6291,0,4.7858,17.13,8.7014,-12.297,-8.5193,-21.206,-16.863,-1.7854,0.83198,-0.91033,5.0722,9.4113,-14.631,-5.1358,13.084,8.2212,4.6727,-6.8491,-19.347,22.147,-15.319,-10.483,14.885,2.3681,14.382,15.397,21.57,2.9023,0.10444,10.4,-8.8388,13.971,-19.544,-5.1572,-10.717,-4.9389,-2.6335,17.323,-18.036,19.132,1.5131,-5.009,-12.972,-1.5477,-1.4584,-2.6814,-8.7823,-1.68,5.7816,8.2023,1.0005,6.4559,3.6062,4.3245,4.7858,0
