0,-5.5848,-7.0699,-5.6051,6.4719,1.4945,9.1169,-5.0918,6.9514,-3.3017,-3.8569,-5.5085,-3.3115,4.84,5.5815,-10.961,4.4362,0.49082,4.0066,6.2232,-5.8793,-5.5848,0,-0.1751,8.5299,-2.7724,3.489,-3.737,6.8933,-1.0924,-0.93657,1.2366,0.85955,8.6255,-5.2829,-6.7593,1.9734,-5.8442,-6.7522,-6.1948,-3.1633,2.0476,-7.0699,-0.1751,0,-1.632,-11.458,-9.369,-1.5343,-3.59,-5.5178,12.17,1.3767,9.1417,-0.021763,-2.2476,-2.5466,10.556,-3.9092,4.6799,-4.9603,-4.8306,-0.27338,-5.6051,8.5299,-1.632,0,-2.1196,4.9527,-6.5628,13.93,0.14417,-1.7791,5.0423,1.3333,8.4028,-1.7358,-6.6827,0.59445,-0.61634,-3.0067,-2.4934,0.66461,3.6976,6.4719,-2.7724,-11.458,-2.1196,0,8.0252,2.0845,1.2136,3.1418,-11.687,-2.5626,-10.009,-2.4878,-0.020254,6.6479,-8.3358,3.4133,-3.4847,7.96,1.4408,0.81971,1.4945,3.489,-9.369,4.9527,8.0252,0,-2.4083,6.0144,4.4938,-11.681,-1.242,-6.3977,4.1782,-1.9486,1.2703,-5.9548,1.7482,-7.3968,1.852,0.49081,1.8972,9.1169,-3.737,-1.5343,-6.5628,2.0845,-2.4083,0,-5.6627,3.7007,0.87495,-1.3912,-1.1987,-2.5304,2.4766,2.1298,-3.8069,0.95282,1.7519,2.0132,3.6734,-4.9466,-5.0918,6.8933,-3.59,13.93,1.2136,6.0144,-5.6627,0,-1.2236,-4.2793,4.7098,-0.2045,5.6944,-2.5111,-4.3628,-0.29524,0.10033,-3.4537,1.2042,0.16321,6.2898,6.9514,-1.0924,-5.5178,0.14417,3.1418,4.4938,3.7007,-1.2236,0,-3.5853,-2.3983,-3.6365,1.0642,4.2675,0.50845,-5.7553,3.0555,-0.97125,1.219,6.4015,-4.2893,-3.3017,-0.93657,12.17,-1.7791,-11.687,-11.681,0.87495,-4.2793,-3.5853,0,3.2169,9.9072,-0.90723,0.87355,-3.6215,8.3486,-2.3541,6.6818,-5.0301,-1.2029,-2.081,-3.8569,1.2366,1.3767,5.0423,-2.5626,-1.242,-1.3912,4.7098,-2.3983,3.2169,0,5.9068,-1.2493,2.5103,-5.1531,3.981,1.5304,4.4028,-0.77546,1.6094,0.63408,-5.5085,0.85955,9.1417,1.3333,-10.009,-6.3977,-1.1987,-0.2045,-3.6365,9.9072,5.9068,0,-0.44852,0.43921,-4.8473,7.4556,-1.2976,5.7472,-3.7374,-1.2349,-0.24261,-3.3115,8.6255,-0.021763,8.4028,-2.4878,4.1782,-2.5304,5.6944,1.0642,-0.90723,-1.2493,-0.44852,0,-5.6729,-4.1415,-0.66591,-5.0526,-6.5565,-5.0253,-2.018,2.8182,4.84,-5.2829,-2.2476,-1.7358,-0.020254,-1.9486,2.4766,-2.5111,4.2675,0.87355,2.5103,0.43921,-5.6729,0,-0.77773,-1.8156,7.942,5.5462,2.0128,9.6248,-4.9999,5.5815,-6.7593,-2.5466,-6.6827,6.6479,1.2703,2.1298,-4.3628,0.50845,-3.6215,-5.1531,-4.8473,-4.1415,-0.77773,0,-4.2206,3.1553,1.3548,5.9232,-1.5249,0.13453,-10.961,1.9734,10.556,0.59445,-8.3358,-5.9548,-3.8069,-0.29524,-5.7553,8.3486,3.981,7.4556,-0.66591,-1.8156,-4.2206,0,-3.9311,3.2803,-4.2487,-4.9755,3.0621,4.4362,-5.8442,-3.9092,-0.61634,3.4133,1.7482,0.95282,0.10033,3.0555,-2.3541,1.5304,-1.2976,-5.0526,7.942,3.1553,-3.9311,0,4.7904,7.386,7.4177,-1.0443,0.49082,-6.7522,4.6799,-3.0067,-3.4847,-7.3968,1.7519,-3.4537,-0.97125,6.6818,4.4028,5.7472,-6.5565,5.5462,1.3548,3.2803,4.7904,0,2.7611,3.1995,-2.3632,4.0066,-6.1948,-4.9603,-2.4934,7.96,1.852,2.0132,1.2042,1.219,-5.0301,-0.77546,-3.7374,-5.0253,2.0128,5.9232,-4.2487,7.386,2.7611,0,2.5725,3.0464,6.2232,-3.1633,-4.8306,0.66461,1.4408,0.49081,3.6734,0.16321,6.4015,-1.2029,1.6094,-1.2349,-2.018,9.6248,-1.5249,-4.9755,7.4177,3.1995,2.5725,0,-4.4947,-5.8793,2.0476,-0.27338,3.6976,0.81971,1.8972,-4.9466,6.2898,-4.2893,-2.081,0.63408,-0.24261,2.8182,-4.9999,0.13453,3.0621,-1.0443,-2.3632,3.0464,-4.4947,0
