0,-8.3371,-10.344,31.832,-10.378,-8.4492,-13.111,-32.12,7.1022,13.029,-14.925,-17.464,-4.3337,5.8957,12.093,-2.2744,-8.224,1.8526,-9.4875,-5.4433,-6.3622,-20.731,-12.051,5.844,1.5935,-1.9376,8.4656,2.2726,1.6522,3.4881,-8.8285,-9.7376,2.861,17.643,6.5989,19.616,-20.463,16.322,28.119,-3.6362,-1.3831,16.667,-3.4332,14.022,-1.529,-10.383,12.825,-4.992,15.094,7.0162,6.6042,-7.2534,19.336,-18.456,14.31,-8.3371,0,-9.9174,-16.045,24.318,12.612,0.020578,1.8196,-15.776,2.6299,3.6763,24.964,29.721,-28.517,-7.4632,-18.081,6.7477,11.46,-7.9134,-3.9651,21.399,9.5133,2.2606,19.717,-18.666,19.939,9.0451,17.145,-18.159,20.118,16.464,-2.8087,-19.324,-1.988,6.2765,-7.4637,16.562,-9.7947,0.1518,19.388,-25.483,-28.507,-19.53,-10.719,27.569,49.177,-1.1524,13.325,-29.151,-26.969,8.9542,10.718,-20.283,-5.4742,-27.936,-10.344,-9.9174,0,-5.0062,-1.7366,-6.7222,24.869,20.435,-2.4368,-4.0565,17.58,-4.0739,-18.433,7.1749,-11.999,29.985,11.082,-21.354,33.256,12.063,-14.356,12.377,19.782,-21.533,4.1784,-7.2102,-29.787,-32.119,15.497,-21.194,-4.1298,20.786,3.0569,-6.0287,-10.274,-0.27988,-2.8598,-5.5258,-17.826,-17.741,17.397,3.138,16.632,-9.7817,-19.363,-9.5609,-4.65,-15.29,4.7766,7.8352,-4.5084,-11.873,-3.1136,33.712,1.6311,31.832,-16.045,-5.0062,0,-15.215,-7.525,-11.286,-20.383,11.936,7.0426,-16.289,-28.203,-9.7002,14.725,15.879,3.2499,-10.555,-3.0268,-3.9076,-6.3969,-9.0095,-20.577,-11.642,-0.99967,8.6297,-9.9861,2.5215,-2.3774,4.0236,-3.8704,-9.4852,-9.5509,8.9669,15.646,-0.12246,14.73,-20.939,13.368,18.4,-6.2869,4.3348,22.362,4.2755,16.257,-8.466,-18.324,6.3727,-6.0656,20.069,16.057,0.41875,-7.9912,24.62,-11.045,20.437,-10.378,24.318,-1.7366,-15.215,0,13.574,8.064,6.3592,-28.755,5.2379,8.2335,14.134,14.02,-17.15,-12.672,-5.9238,16.197,-0.24129,2.1934,-5.4655,14.05,20.068,10.764,12.62,-18.755,12.5,-1.3887,6.2402,-15.789,8.4984,24.667,0.17284,-25.6,2.6725,-1.8251,-5.403,12.542,-20.722,-1.4724,11.93,-19.252,-29.13,-9.5485,-23.213,11.273,20.858,-5.4094,6.2196,-27.008,-13.673,10.876,2.544,-33.928,0.032824,-44.051,-8.4492,12.612,-6.7222,-7.525,13.574,0,-3.9579,2.7877,-3.8888,-7.6058,-5.8061,9.7248,16.096,-2.744,4.3777,-8.4351,-1.8322,2.9405,-1.5886,-19.43,28.488,6.013,-3.2019,6.0027,0.2239,-1.8358,0.70777,11.798,-27.713,2.6801,30.403,-13.465,-3.285,0.52216,-10.783,-18.838,21.554,-19.513,-0.55966,25.922,-12.047,-19.646,-0.50759,-4.231,7.5424,13.49,-21.024,23.343,-21.939,-2.7407,-4.7794,15.796,-12.787,-2.6367,-15.049,-13.111,0.020578,24.869,-11.286,8.064,-3.9579,0,21.09,-14.23,2.2577,32.348,2.0642,-8.3633,-2.7946,-27.124,15.731,26.818,-16.406,24.235,11.271,-8.0034,25.059,50.184,-7.6441,-6.5174,2.4026,-20.566,-17.554,7.9525,-8.556,1.7583,23.627,-7.9366,-3.5281,-5.5686,0.86187,0.076127,-10.359,-14.559,-10.805,5.1718,-4.4258,5.3024,-23.947,-7.8428,-0.64757,-2.0747,-13.181,-2.5263,-1.0821,4.3436,-12.244,-12.373,21.741,-7.5689,-32.12,1.8196,20.435,-20.383,6.3592,2.7877,21.09,0,-6.2829,-10.712,20.351,8.9942,-3.1563,-1.3688,-14.836,10.084,11.104,-8.4759,17.917,9.2796,-0.93627,21.919,18.138,-12.052,0.41073,-1.3384,-16.24,-10.336,4.5588,-9.7649,4.1598,16.162,-0.90469,-15.047,-8.9668,-12.051,10.654,-13.687,-36.113,-3.6175,7.2525,-9.0099,8.589,-15.011,-5.308,3.1309,-10.802,-2.132,-7.4452,-1.8433,-6.5109,0.32846,-14.02,32.686,-8.6618,7.1022,-15.776,-2.4368,11.936,-28.755,-3.8888,-14.23,-6.2829,0,-11.982,-14.631,-8.7723,-6.3739,17.342,21.781,1.0534,-29.545,4.019,-5.2426,-0.65073,-4.4683,-21.588,-18.314,-10.542,26.986,-15.677,3.8524,-0.24501,6.6283,-7,-12.604,-6.5876,36.816,-4.5332,-1.328,-2.1283,-4.1225,13.281,1.0972,-3.0053,13.505,15.543,9.7842,31.122,-7.0909,-12.67,-1.1219,2.5023,13.792,12.663,-18.842,5.5811,23.297,-1.9376,23.244,13.029,2.6299,-4.0565,7.0426,5.2379,-7.6058,2.2577,-10.712,-11.982,0,1.9482,-6.0844,-0.94616,-7.1307,-6.1919,-0.97198,10.425,-2.5785,-2.2287,-0.39928,-4.9952,0.079015,4.6363,13.12,-16.777,11.088,2.9011,-0.28734,-0.39617,8.3756,-0.88214,0.87323,-15.898,19.165,8.8232,24.804,-13.907,3.9093,15.632,-4.0182,-9.4805,2.8453,-11.467,-5.2348,3.1003,-0.45305,15.975,-10.372,3.2606,-3.7258,34.546,-15.525,0.14529,-9.9308,-1.5995,-14.925,3.6763,17.58,-16.289,8.2335,-5.8061,32.348,20.351,-14.631,1.9482,0,7.3553,-4.3013,-8.4942,-39.243,8.9003,24.179,-7.6955,13.812,17.64,-6.3955,22.18,32.153,-4.5906,-10.11,8.3101,-11.197,-11.479,8.4773,-2.7469,-0.34587,31.406,-9.6799,-8.1931,0.9935,0.26073,1.9814,-6.5863,-16.379,-9.0315,3.4026,-5.993,-0.076669,-21.538,-2.1278,3.4205,1.9334,-10.751,-4.0218,-7.4842,5.6876,-8.2188,-13.135,18.422,-8.8081,-17.464,24.964,-4.0739,-28.203,14.134,9.7248,2.0642,8.9942,-8.7723,-6.0844,7.3553,0,20.284,-20.915,-8.4596,-13.291,4.0966,12.662,-5.3364,2.7292,16.258,10.248,2.9389,7.7701,-10.036,14.57,6.6163,11.943,-9.2189,12.411,9.7711,2.5224,-9.1866,-13.811,5.6502,-14.823,24.519,-8.1335,-9.3794,13.751,-10.329,-24.09,-11.523,-8.5647,19.231,30.992,-3.3265,13.353,-23.632,-25.26,0.67134,15.579,-18.04,1.949,-19.492,-4.3337,29.721,-18.433,-9.7002,14.02,16.096,-8.3633,-3.1563,-6.3739,-0.94616,-4.3013,20.284,0,-17.614,1.1111,-30.314,-1.8468,18.871,-15.262,-8.7197,32.592,1.8198,-6.212,20.313,-9.8921,12.943,15.693,31.854,-24.102,21.902,14.684,-10.339,-9.9571,-1.8788,6.1884,-9.9804,17.709,-5.9103,3.5208,32.678,-24.564,-20.116,-17.864,-2.1674,33.17,31.937,-2.5271,24.145,-22.549,-19.03,3.7133,19.351,-11.107,-10.945,-16.358,5.8957,-28.517,7.1749,14.725,-17.15,-2.744,-2.7946,-1.3688,17.342,-7.1307,-8.4942,-20.915,-17.614,0,12.989,14.59,-10.027,-11.56,7.9699,-3.7182,-9.894,-8.5526,-5.1315,-18.497,28.387,-40.251,-9.976,-11.611,7.9235,-23.548,-6.8255,-3.539,22.75,3.0152,-14.369,0.89267,-8.4199,3.2592,0.13137,-8.9668,18.054,16.17,27.049,11.009,-24.83,-25.795,-6.9976,-4.9883,15.479,44.946,-14.702,-4.5722,14.977,4.3917,18.432,12.093,-7.4632,-11.999,15.879,-12.672,4.3777,-27.124,-14.836,21.781,-6.1919,-39.243,-8.4596,1.1111,12.989,0,-5.4215,-32.362,6.0762,-10.479,-13.519,3.8717,-23.485,-31.398,-0.52548,16.527,-12.942,8.1338,7.7108,-4.6467,-1.2722,-2.2279,-22.715,16.173,4.3617,-2.9841,-2.1322,-1.8898,7.4248,10.686,6.0612,1.5403,8.4083,4.3302,26.835,-1.3451,-6.4536,-3.6845,9.4585,6.4005,10.837,-11.012,8.5574,16.127,-11.96,12.462,-2.2744,-18.081,29.985,3.2499,-5.9238,-8.4351,15.731,10.084,1.0534,-0.97198,8.9003,-13.291,-30.314,14.59,-5.4215,0,7.0766,-31.28,29.399,6.872,-19.598,5.7995,12.88,-22.102,7.7458,-12.967,-30.188,-47.116,16.16,-29.304,-6.1304,12.422,6.0276,0.73791,-12.689,4.5321,-9.4217,-2.3834,-8.3743,-22.069,19.619,9.4732,22.062,-4.6559,-34.7,-18.831,-3.5351,-19.396,11.039,16.687,-4.1404,-17.452,2.7889,18.354,7.2192,-8.224,6.7477,11.082,-10.555,16.197,-1.8322,26.818,11.104,-29.545,10.425,24.179,4.0966,-1.8468,-10.027,-32.362,7.0766,0,-10.815,13.035,6.4518,-3.2411,25.164,34.38,2.2241,-17.354,9.9491,-10.979,-8.4362,1.4223,-0.10173,6.0231,14.893,-20.145,2.4485,-0.92647,4.4184,-0.13759,-11.002,-5.587,-5.1036,-4.0107,-8.4185,-3.0629,-35.11,-0.55297,4.8133,1.7144,-10.217,-6.561,-6.7425,14.505,-12.296,-16.964,8.9675,-13.727,1.8526,11.46,-21.354,-3.0268,-0.24129,2.9405,-16.406,-8.4759,4.019,-2.5785,-7.6955,12.662,18.871,-11.56,6.0762,-31.28,-10.815,0,-32.029,-0.75212,12.101,-9.1941,-14.891,12.828,-3.7857,11.123,34.536,25.944,-7.5215,22.107,-0.70606,-7.7559,-0.73264,-6.3885,17.048,-4.5656,7.5531,7.9679,4.5076,13.526,-9.7948,-4.5639,-17.405,8.9871,24.02,13.168,6.1664,15.208,-5.7255,-15.223,0.24368,18.186,1.5007,-13.346,-1.8798,-9.4875,-7.9134,33.256,-3.9076,2.1934,-1.5886,24.235,17.917,-5.2426,-2.2287,13.812,-5.3364,-15.262,7.9699,-10.479,29.399,13.035,-32.029,0,4.684,-9.7622,15.209,20.606,-16.277,3.3202,-8.8976,-57.057,-26.263,8.3162,-22.359,1.6281,12.985,0.57947,-0.81968,-16.929,-0.85079,-1.7706,-11.212,-12.784,-12.186,11.353,0.40355,17.722,-12.833,-19.583,-8.2956,-8.8524,-12.251,1.7901,9.8558,-3.0119,-12.258,-5.8385,24.085,-1.4425,-5.4433,-3.9651,12.063,-6.3969,-5.4655,-19.43,11.271,9.2796,-0.65073,-0.39928,17.64,2.7292,-8.7197,-3.7182,-13.519,6.872,6.4518,-0.75212,4.684,0,-14.562,3.6136,9.8828,-8.1992,-2.7593,5.9749,-2.9675,-10.566,22.441,-1.9702,-16.055,29.428,0.65596,-13.324,9.486,4.4179,-4.6084,8.0585,-12.497,-16.421,11.518,5.2847,-0.099688,-3.1209,-3.2188,-3.2404,10.96,-13.535,6.825,-4.8554,1.1196,-6.8643,1.2733,12.277,4.0696,-6.3622,21.399,-14.356,-9.0095,14.05,28.488,-8.0034,-0.93627,-4.4683,-4.9952,-6.3955,16.258,32.592,-9.894,3.8717,-19.598,-3.2411,12.101,-9.7622,-14.562,0,2.9908,-6.437,13.385,-4.475,5.4141,9.3085,23.691,-33.179,11.959,21.744,-13.936,-6.2356,-1.2596,-1.1925,-15.717,22.98,-11.186,1.9072,52.665,-19.258,-22.071,-9.0057,-2.2057,18.504,23.283,-10.057,33.66,-25.586,-10.67,-1.0234,22.362,-11.98,-7.9348,-16.45,-20.731,9.5133,12.377,-20.577,20.068,6.013,25.059,21.919,-21.588,0.079015,22.18,10.248,1.8198,-8.5526,-23.485,5.7995,25.164,-9.1941,15.209,3.6136,2.9908,0,27.38,-1.0082,-10.197,5.6512,-13.405,-5.966,-2.4996,-2.6237,12.404,11.852,-13.485,-3.9194,-6.8989,-6.3274,9.6728,-22.318,-13.582,0.48413,-3.2063,-16.693,0.7631,-40.068,0.094456,8.9692,-7.7939,-2.068,-14.293,-6.7159,4.4111,-2.9564,-29.231,14.626,-20.59,-12.051,2.2606,19.782,-11.642,10.764,-3.2019,50.184,18.138,-18.314,4.6363,32.153,2.9389,-6.212,-5.1315,-31.398,12.88,34.38,-14.891,20.606,9.8828,-6.437,27.38,0,-4.4573,-9.6512,4.7696,-17.555,-14.511,5.808,-5.8322,3.3013,21.19,-11.36,-1.7737,-4.2387,1.832,0.20855,-11.1,-11.811,-8.9616,2.2147,-5.9853,2.6598,-28.921,-5.4684,1.2246,-1.0422,-12.397,-4.0499,-2.9709,7.2467,-12.466,-14.431,17.253,-9.8005,5.844,19.717,-21.533,-0.99967,12.62,6.0027,-7.6441,-12.052,-10.542,13.12,-4.5906,7.7701,20.313,-18.497,-0.52548,-22.102,2.2241,12.828,-16.277,-8.1992,13.385,-1.0082,-4.4573,0,-18.753,18.679,17.099,20.756,-16.834,30.72,9.0303,-9.504,-17.773,8.9948,11.801,3.6862,2.9459,-0.43587,14.912,14.857,-36.543,-9.6128,-29.975,-2.5018,24.866,16.405,7.1427,8.4703,-10.48,-16.011,17.322,4.5248,-6.0313,-20.895,-11.007,1.5935,-18.666,4.1784,8.6297,-18.755,0.2239,-6.5174,0.41073,26.986,-16.777,-10.11,-10.036,-9.8921,28.387,16.527,7.7458,-17.354,-3.7857,3.3202,-2.7593,-4.475,-10.197,-9.6512,-18.753,0,-31.29,-4.9805,-5.6563,5.9242,-17.061,-6.5292,-4.8179,40.387,-4.3207,-11.45,-6.0843,-1.5055,3.7967,-3.6513,-3.8868,17.763,11.332,21.963,15.332,-14.511,-14.968,-9.5117,1.5798,10.381,21.03,-28.455,3.7163,13.75,4.6491,16.315,-1.9376,19.939,-7.2102,-9.9861,12.5,-1.8358,2.4026,-1.3384,-15.677,11.088,8.3101,14.57,12.943,-40.251,-12.942,-12.967,9.9491,11.123,-8.8976,5.9749,5.4141,5.6512,4.7696,18.679,-31.29,0,11.14,9.5581,-4.3977,24.603,2.5536,4.8093,-21.97,-1.1503,19.863,3.8795,3.2502,0.9141,2.2403,5.0364,-15.507,-10.061,-31.172,-8.8212,21.198,17.717,12.663,1.1906,-9.466,-33.476,19.038,1.0382,-9.9885,-5.8728,-12.594,8.4656,9.0451,-29.787,2.5215,-1.3887,0.70777,-20.566,-16.24,3.8524,2.9011,-11.197,6.6163,15.693,-9.976,8.1338,-30.188,-10.979,34.536,-57.057,-2.9675,9.3085,-13.405,-17.555,17.099,-4.9805,11.14,0,25.442,-7.5682,25.194,-1.9739,-10.636,-1.8932,-0.014854,19.713,1.2356,1.9055,11.324,11.605,11.463,-11.744,-1.0318,-20.264,11.066,21.555,9.3943,10.264,11.229,-2.2685,-12.019,4.207,11.602,4.7775,-22.112,0.56426,2.2726,17.145,-32.119,-2.3774,6.2402,11.798,-17.554,-10.336,-0.24501,-0.28734,-11.479,11.943,31.854,-11.611,7.7108,-47.116,-8.4362,25.944,-26.263,-10.566,23.691,-5.966,-14.511,20.756,-5.6563,9.5581,25.442,0,-20.237,23.337,8.5067,-16.408,-4.8456,0.45945,8.7425,-6.2144,10.689,0.49465,9.03,27.574,-20.194,-10.153,-17.64,5.154,28.334,17.93,0.55948,23.943,-12.037,-13.199,2.4249,19.608,-2.9094,-18.976,-7.4373,1.6522,-18.159,15.497,4.0236,-15.789,-27.713,7.9525,4.5588,6.6283,-0.39617,8.4773,-9.2189,-24.102,7.9235,-4.6467,16.16,1.4223,-7.5215,8.3162,22.441,-33.179,-2.4996,5.808,-16.834,5.9242,-4.3977,-7.5682,-20.237,0,-11.107,-26.397,18.105,8.8034,-5.9681,2.8886,9.0437,-14.029,12.041,-7.3279,-35.103,24.745,17.959,8.8139,3.0499,-14.907,-17.32,8.9752,-22.107,20.489,7.1373,-2.8763,-13.212,10.744,11.512,15.599,3.4881,20.118,-21.194,-3.8704,8.4984,2.6801,-8.556,-9.7649,-7,8.3756,-2.7469,12.411,21.902,-23.548,-1.2722,-29.304,-0.10173,22.107,-22.359,-1.9702,11.959,-2.6237,-5.8322,30.72,-17.061,24.603,25.194,23.337,-11.107,0,3.9139,-5.66,-13.334,1.5662,20.235,1.8528,4.4723,3.6876,9.3962,13.08,-22.415,-8.5687,-46.628,-0.063369,36.865,18.625,10.408,9.1428,-9.2924,-23.919,12.968,7.8441,-4.4335,-17.057,-8.7474,-8.8285,16.464,-4.1298,-9.4852,24.667,30.403,1.7583,4.1598,-12.604,-0.88214,-0.34587,9.7711,14.684,-6.8255,-2.2279,-6.1304,6.0231,-0.70606,1.6281,-16.055,21.744,12.404,3.3013,9.0303,-6.5292,2.5536,-1.9739,8.5067,-26.397,3.9139,0,-8.2831,-11.208,4.0729,-9.5595,-11.527,16.617,-27.386,0.13088,19.332,-16.464,-25.203,-3.1073,-12.046,7.7973,15.54,-15.357,13.624,-26.507,-5.2662,2.2888,7.8323,-20.639,-1.6712,-24.025,-9.7376,-2.8087,20.786,-9.5509,0.17284,-13.465,23.627,16.162,-6.5876,0.87323,31.406,2.5224,-10.339,-3.539,-22.715,12.422,14.893,-7.7559,12.985,29.428,-13.936,11.852,21.19,-9.504,-4.8179,4.8093,-10.636,-16.408,18.105,-5.66,-8.2831,0,-3.1895,-9.8963,2.8863,3.3955,-3.1196,0.2831,-16.113,-17.085,10.258,1.4025,2.751,-11.203,-6.2388,-2.6937,5.54,-16.53,3.2554,-3.3792,2.793,-10.838,-4.5336,19.634,-0.78493,2.861,-19.324,3.0569,8.9669,-25.6,-3.285,-7.9366,-0.90469,36.816,-15.898,-9.6799,-9.1866,-9.9571,22.75,16.173,6.0276,-20.145,-0.73264,0.57947,0.65596,-6.2356,-13.485,-11.36,-17.773,40.387,-21.97,-1.8932,-4.8456,8.8034,-13.334,-11.208,-3.1895,0,-6.4574,-6.056,-4.2968,-2.9749,8.4419,-3.5079,-5.4028,19.668,14.254,16.768,19.591,-12.192,-15.141,-4.9218,0.61422,13.173,16.605,-25.683,3.8967,17.747,3.6671,20.759,17.643,-1.988,-6.0287,15.646,2.6725,0.52216,-3.5281,-15.047,-4.5332,19.165,-8.1931,-13.811,-1.8788,3.0152,4.3617,0.73791,2.4485,-6.3885,-0.81968,-13.324,-1.2596,-3.9194,-1.7737,8.9948,-4.3207,-1.1503,-0.014854,0.45945,-5.9681,1.5662,4.0729,-9.8963,-6.4574,0,-2.2404,14.626,-11.984,-0.062395,23.698,0.25278,-8.1373,4.2851,-2.3657,0.0064741,-2.0367,-4.8937,3.573,-4.2993,3.8229,6.4256,12.529,-10.674,3.4514,-12.882,1.3055,6.5989,6.2765,-10.274,-0.12246,-1.8251,-10.783,-5.5686,-8.9668,-1.328,8.8232,0.9935,5.6502,6.1884,-14.369,-2.9841,-12.689,-0.92647,17.048,-16.929,9.486,-1.1925,-6.8989,-4.2387,11.801,-11.45,19.863,19.713,8.7425,2.8886,20.235,-9.5595,2.8863,-6.056,-2.2404,0,8.9414,-4.3117,15.996,5.9924,-0.25989,-5.9264,2.2649,-21.983,4.0809,14.299,5.9041,26.496,-1.2851,2.2369,-15.772,11.092,0.75665,3.7991,-10.04,1.4705,19.616,-7.4637,-0.27988,14.73,-5.403,-18.838,0.86187,-12.051,-2.1283,24.804,0.26073,-14.823,-9.9804,0.89267,-2.1322,4.5321,4.4184,-4.5656,-0.85079,4.4179,-15.717,-6.3274,1.832,3.6862,-6.0843,3.8795,1.2356,-6.2144,9.0437,1.8528,-11.527,3.3955,-4.2968,14.626,8.9414,0,-32.069,12.881,13.469,-13.432,0.77779,14.689,-4.2501,1.8816,-4.1436,-10.454,21.639,-18.966,15.428,3.122,15.92,-22.117,9.9833,-6.8059,9.1444,-20.463,16.562,-2.8598,-20.939,12.542,21.554,0.076127,10.654,-4.1225,-13.907,1.9814,24.519,17.709,-8.4199,-1.8898,-9.4217,-0.13759,7.5531,-1.7706,-4.6084,22.98,9.6728,0.20855,2.9459,-1.5055,3.2502,1.9055,10.689,-14.029,4.4723,16.617,-3.1196,-2.9749,-11.984,-4.3117,-32.069,0,-15.272,-10.463,19.062,-7.5826,-25.689,-2.5954,-6.2089,10.976,20.43,-15.293,21.513,-27.001,-10.331,-7.0456,22.301,-16.985,3.6119,-17.485,16.322,-9.7947,-5.5258,13.368,-20.722,-19.513,-10.359,-13.687,13.281,3.9093,-6.5863,-8.1335,-5.9103,3.2592,7.4248,-2.3834,-11.002,7.9679,-11.212,8.0585,-11.186,-22.318,-11.1,-0.43587,3.7967,0.9141,11.324,0.49465,12.041,3.6876,-27.386,0.2831,8.4419,-0.062395,15.996,12.881,-15.272,0,7.7755,-8.7863,6.5282,20.758,-3.6186,18.713,-0.47095,-9.5786,20.342,-6.397,19.756,1.7918,0.76626,-3.2467,24.575,-7.9483,21.048,28.119,0.1518,-17.826,18.4,-1.4724,-0.55966,-14.559,-36.113,1.0972,15.632,-16.379,-9.3794,3.5208,0.13137,10.686,-8.3743,-5.587,4.5076,-12.784,-12.497,1.9072,-13.582,-11.811,14.912,-3.6513,2.2403,11.605,9.03,-7.3279,9.3962,0.13088,-16.113,-3.5079,23.698,5.9924,13.469,-10.463,7.7755,0,4.3437,-10.785,5.8284,-8.9175,8.3457,4.9544,-1.8986,8.8242,1.1267,4.6267,1.761,10.683,-2.9811,8.7078,-30.562,4.4021,-3.6362,19.388,-17.741,-6.2869,11.93,25.922,-10.805,-3.6175,-3.0053,-4.0182,-9.0315,13.751,32.678,-8.9668,6.0612,-22.069,-5.1036,13.526,-12.186,-16.421,52.665,0.48413,-8.9616,14.857,-3.8868,5.0364,11.463,27.574,-35.103,13.08,19.332,-17.085,-5.4028,0.25278,-0.25989,-13.432,19.062,-8.7863,4.3437,0,-20.13,-18.158,-9.7444,-0.044535,19.07,20.682,-8.5559,35.239,-21.112,-9.7242,-0.70353,22.263,-9.2082,-10.764,-13.652,-1.3831,-25.483,17.397,4.3348,-19.252,-12.047,5.1718,7.2525,13.505,-9.4805,3.4026,-10.329,-24.564,18.054,1.5403,19.619,-4.0107,-9.7948,11.353,11.518,-19.258,-3.2063,2.2147,-36.543,17.763,-15.507,-11.744,-20.194,24.745,-22.415,-16.464,10.258,19.668,-8.1373,-5.9264,0.77779,-7.5826,6.5282,-10.785,-20.13,0,15.918,21.436,6.0562,-23.188,-21.045,-1.2424,-11.686,17.103,15.303,-13.952,-6.4945,11.311,15.289,17.313,16.667,-28.507,3.138,22.362,-29.13,-19.646,-4.4258,-9.0099,15.543,2.8453,-5.993,-24.09,-20.116,16.17,8.4083,9.4732,-8.4185,-4.5639,0.40355,5.2847,-22.071,-16.693,-5.9853,-9.6128,11.332,-10.061,-1.0318,-10.153,17.959,-8.5687,-25.203,1.4025,14.254,4.2851,2.2649,14.689,-25.689,20.758,5.8284,-18.158,15.918,0,8.0755,15.348,-14.24,-29.739,9.8085,-13.899,59.458,15.556,-2.9767,-11.186,32.636,-1.3932,40.293,-3.4332,-19.53,16.632,4.2755,-9.5485,-0.50759,5.3024,8.589,9.7842,-11.467,-0.076669,-11.523,-17.864,27.049,4.3302,22.062,-3.0629,-17.405,17.722,-0.099688,-9.0057,0.7631,2.6598,-29.975,21.963,-31.172,-20.264,-17.64,8.8139,-46.628,-3.1073,2.751,16.768,-2.3657,-21.983,-4.2501,-2.5954,-3.6186,-8.9175,-9.7444,21.436,8.0755,0,2.4204,-29.719,-17.313,-12.87,-5.5838,8.4059,25.515,-17.197,-4.3788,5.3225,14.74,9.3061,14.022,-10.719,-9.7817,16.257,-23.213,-4.231,-23.947,-15.011,31.122,-5.2348,-21.538,-8.5647,-2.1674,11.009,26.835,-4.6559,-35.11,8.9871,-12.833,-3.1209,-2.2057,-40.068,-28.921,-2.5018,15.332,-8.8212,11.066,5.154,3.0499,-0.063369,-12.046,-11.203,19.591,0.0064741,4.0809,1.8816,-6.2089,18.713,8.3457,-0.044535,6.0562,15.348,2.4204,0,-1.5071,-9.1878,3.844,3.9372,13.098,8.1082,-9.814,5.8235,27.372,-10.066,21.302,-1.529,27.569,-19.363,-8.466,11.273,7.5424,-7.8428,-5.308,-7.0909,3.1003,-2.1278,19.231,33.17,-24.83,-1.3451,-34.7,-0.55297,24.02,-19.583,-3.2188,18.504,0.094456,-5.4684,24.866,-14.511,21.198,21.555,28.334,-14.907,36.865,7.7973,-6.2388,-12.192,-2.0367,14.299,-4.1436,10.976,-0.47095,4.9544,19.07,-23.188,-14.24,-29.719,-1.5071,0,27.686,4.5652,14.876,-15.335,-27.428,8.1325,13.557,-8.2353,-12.759,-12.869,-10.383,49.177,-9.5609,-18.324,20.858,13.49,-0.64757,3.1309,-12.67,-0.45305,3.4205,30.992,31.937,-25.795,-6.4536,-18.831,4.8133,13.168,-8.2956,-3.2404,23.283,8.9692,1.2246,16.405,-14.968,17.717,9.3943,17.93,-17.32,18.625,15.54,-2.6937,-15.141,-4.8937,5.9041,-10.454,20.43,-9.5786,-1.8986,20.682,-21.045,-29.739,-17.313,-9.1878,27.686,0,-2.4757,15.791,-30.871,-26.992,5.7531,13.994,-19.558,-4.2086,-25.748,12.825,-1.1524,-4.65,6.3727,-5.4094,-21.024,-2.0747,-10.802,-1.1219,15.975,1.9334,-3.3265,-2.5271,-6.9976,-3.6845,-3.5351,1.7144,6.1664,-8.8524,10.96,-10.057,-7.7939,-1.0422,7.1427,-9.5117,12.663,10.264,0.55948,8.9752,10.408,-15.357,5.54,-4.9218,3.573,26.496,21.639,-15.293,20.342,8.8242,-8.5559,-1.2424,9.8085,-12.87,3.844,4.5652,-2.4757,0,-10.746,10.241,-6.5412,14.584,-9.0455,8.4063,-8.1257,6.8121,-4.992,13.325,-15.29,-6.0656,6.2196,23.343,-13.181,-2.132,2.5023,-10.372,-10.751,13.353,24.145,-4.9883,9.4585,-19.396,-10.217,15.208,-12.251,-13.535,33.66,-2.068,-12.397,8.4703,1.5798,1.1906,11.229,23.943,-22.107,9.1428,13.624,-16.53,0.61422,-4.2993,-1.2851,-18.966,21.513,-6.397,1.1267,35.239,-11.686,-13.899,-5.5838,3.9372,14.876,15.791,-10.746,0,-16.269,-6.9256,-6.9131,35.514,-5.6721,-7.881,-8.7035,15.094,-29.151,4.7766,20.069,-27.008,-21.939,-2.5263,-7.4452,13.792,3.2606,-4.0218,-23.632,-22.549,15.479,6.4005,11.039,-6.561,-5.7255,1.7901,6.825,-25.586,-14.293,-4.0499,-10.48,10.381,-9.466,-2.2685,-12.037,20.489,-9.2924,-26.507,3.2554,13.173,3.8229,2.2369,15.428,-27.001,19.756,4.6267,-21.112,17.103,59.458,8.4059,13.098,-15.335,-30.871,10.241,-16.269,0,15.117,-2.3836,-12.914,28.153,0.040326,35.429,7.0162,-26.969,7.8352,16.057,-13.673,-2.7407,-1.0821,-1.8433,12.663,-3.7258,-7.4842,-25.26,-19.03,44.946,10.837,16.687,-6.7425,-15.223,9.8558,-4.8554,-10.67,-6.7159,-2.9709,-16.011,21.03,-33.476,-12.019,-13.199,7.1373,-23.919,-5.2662,-3.3792,16.605,6.4256,-15.772,3.122,-10.331,1.7918,1.761,-9.7242,15.303,15.556,25.515,8.1082,-27.428,-26.992,-6.5412,-6.9256,15.117,0,-10.446,-7.6429,13.065,3.9332,16.002,6.6042,8.9542,-4.5084,0.41875,10.876,-4.7794,4.3436,-6.5109,-18.842,34.546,5.6876,0.67134,3.7133,-14.702,-11.012,-4.1404,14.505,0.24368,-3.0119,1.1196,-1.0234,4.4111,7.2467,17.322,-28.455,19.038,4.207,2.4249,-2.8763,12.968,2.2888,2.793,-25.683,12.529,11.092,15.92,-7.0456,0.76626,10.683,-0.70353,-13.952,-2.9767,-17.197,-9.814,8.1325,5.7531,14.584,-6.9131,-2.3836,-10.446,0,-10.645,-5.512,-8.2917,-7.5014,-7.2534,10.718,-11.873,-7.9912,2.544,15.796,-12.244,0.32846,5.5811,-15.525,-8.2188,15.579,19.351,-4.5722,8.5574,-17.452,-12.296,18.186,-12.258,-6.8643,22.362,-2.9564,-12.466,4.5248,3.7163,1.0382,11.602,19.608,-13.212,7.8441,7.8323,-10.838,3.8967,-10.674,0.75665,-22.117,22.301,-3.2467,-2.9811,22.263,-6.4945,-11.186,-4.3788,5.8235,13.557,13.994,-9.0455,35.514,-12.914,-7.6429,-10.645,0,-3.8007,-4.447,-5.848,19.336,-20.283,-3.1136,24.62,-33.928,-12.787,-12.373,-14.02,23.297,0.14529,-13.135,-18.04,-11.107,14.977,16.127,2.7889,-16.964,1.5007,-5.8385,1.2733,-11.98,-29.231,-14.431,-6.0313,13.75,-9.9885,4.7775,-2.9094,10.744,-4.4335,-20.639,-4.5336,17.747,3.4514,3.7991,9.9833,-16.985,24.575,8.7078,-9.2082,11.311,32.636,5.3225,27.372,-8.2353,-19.558,8.4063,-5.6721,28.153,13.065,-5.512,-3.8007,0,-6.3631,41.41,-18.456,-5.4742,33.712,-11.045,0.032824,-2.6367,21.741,32.686,-1.9376,-9.9308,18.422,1.949,-10.945,4.3917,-11.96,18.354,8.9675,-13.346,24.085,12.277,-7.9348,14.626,17.253,-20.895,4.6491,-5.8728,-22.112,-18.976,11.512,-17.057,-1.6712,19.634,3.6671,-12.882,-10.04,-6.8059,3.6119,-7.9483,-30.562,-10.764,15.289,-1.3932,14.74,-10.066,-12.759,-4.2086,-8.1257,-7.881,0.040326,3.9332,-8.2917,-4.447,-6.3631,0,-1.505,14.31,-27.936,1.6311,20.437,-44.051,-15.049,-7.5689,-8.6618,23.244,-1.5995,-8.8081,-19.492,-16.358,18.432,12.462,7.2192,-13.727,-1.8798,-1.4425,4.0696,-16.45,-20.59,-9.8005,-11.007,16.315,-12.594,0.56426,-7.4373,15.599,-8.7474,-24.025,-0.78493,20.759,1.3055,1.4705,9.1444,-17.485,21.048,4.4021,-13.652,17.313,40.293,9.3061,21.302,-12.869,-25.748,6.8121,-8.7035,35.429,16.002,-7.5014,-5.848,41.41,-1.505,0
