0,2.8755,22.219,10.525,-8.9481,-1.2781,2.6822,20.98,10.896,10.663,7.267,-10.829,-0.28066,19.864,3.0181,10.104,-7.0079,-7.343,5.4016,6.6331,19.785,0.77503,8.4746,-17.736,11.469,-20.957,-1.1441,9.5686,5.1324,1.0171,-11.624,-3.5452,7.4807,-21.072,-9.8235,6.4986,-1.861,-4.0411,-4.3273,2.7409,0.96071,19.217,-0.67546,15.381,13.228,0.94099,24.187,11.049,19.647,-15.063,10.422,-7.066,-17.199,5.8992,-6.9995,2.8755,0,2.8778,11.452,-11.042,8.8707,-6.475,-9.5467,3.987,-11.952,0.61234,-7.7028,8.5488,4.8171,10.278,4.1788,-14.675,7.2316,14.034,-5.5207,-4.5228,8.6177,-1.5942,-5.4506,-5.7891,-5.1671,34.415,18.934,5.5055,13.54,-13.062,-8.7037,-4.2339,3.1529,20.78,-3.7381,-11.085,23.262,-6.2839,8.0897,8.1616,-9.4787,-0.0041806,-12.324,5.6387,2.1837,0.097394,-10.548,-5.093,-1.9327,11.801,0.94381,-0.19222,-4.1781,-43.2,22.219,2.8778,0,8.6709,-3.5052,0.28262,6.7453,16.624,5.8987,6.1005,12.768,-13.489,-0.82849,32.08,9.4441,5.8311,2.5753,-15.608,5.9134,6.1796,25.166,-7.4199,14.592,-26.104,2.0574,-47.763,-2.3573,8.1659,3.759,1.7087,-9.4235,-1.1448,1.0958,-15.646,-6.8636,13.627,-8.9699,-3.6278,-3.3145,-5.0487,8.1411,10.914,-6.8582,9.917,11.361,5.3769,10.497,4.2953,17.487,-25.31,1.5116,-4.7753,-11.849,2.4939,-5.7177,10.525,11.452,8.6709,0,-13.707,-6.785,-15.594,1.0885,-4.6731,4.1111,0.14244,-21.979,-7.6909,11.852,0.87631,15.465,-6.8433,4.9058,0.19281,-10.517,-0.17599,11.679,4.8431,-11.381,2.44,-11.045,12.612,14.383,-6.1398,2.7947,-23.666,-10.435,-0.60115,-3.2478,2.3237,1.8269,0.90872,9.969,-7.349,9.1165,3.0409,4.0672,-3.6998,0.078278,7.0073,2.8353,9.5277,-6.6935,5.841,-8.0401,16.107,0.96956,3.8842,-12.533,-14.76,-8.9481,-11.042,-3.5052,-13.707,0,8.9575,14.021,1.3977,-8.9405,4.7934,8.9455,17.856,3.5304,-10.394,6.1927,-12.373,13.499,-0.60435,2.0259,8.4505,1.6369,-21.467,10.496,12.67,-12.105,3.3426,-11.85,-26.432,-6.5602,4.3384,25.14,-3.6507,-15.723,-2.3889,-3.2801,-1.3064,-6.6308,-9.1007,-6.473,-6.7105,-8.2175,0.93141,-12.997,-3.3036,-21.873,4.6423,-15.156,-3.8381,-8.362,9.2379,-9.0153,-10.184,-0.91937,-3.1795,13.96,-1.2781,8.8707,0.28262,-6.785,8.9575,0,13.077,-2.7646,5.1606,-6.031,9.146,11.379,26.211,-4.5395,20.236,-9.7225,-5.242,3.4675,27.674,10.889,1.5417,-8.7739,5.2835,5.6513,-12.721,-1.4815,4.8502,-1.8164,6.0598,19.322,8.0147,-9.0523,-12.662,-3.7381,9.3092,-6.6536,-22.339,3.2742,-11.408,0.36747,-0.92835,-4.5342,-5.8423,-10.423,-6.7697,2.6776,-8.0288,-4.6366,-10.334,6.767,2.3794,-12.985,-10.326,2.5708,-6.8597,2.6822,-6.475,6.7453,-15.594,14.021,13.077,0,10.286,8.216,1.0736,9.9609,9.9431,12.604,1.3654,11.78,-13.645,6.8039,-12.409,10.098,27.22,14.069,-25.296,7.6032,0.22604,-4.9132,-5.1165,-13.108,-7.5999,5.9218,1.9682,14.534,3.3411,-3.2393,-10.881,-6.7559,2.1823,-11.092,-14.176,-2.0728,-13.481,1.1538,4.402,-3.5353,3.4477,-1.8866,-0.36363,-2.3355,7.9003,2.9319,-1.4663,-9.8095,-11.981,-16.071,12.039,6.6432,20.98,-9.5467,16.624,1.0885,1.3977,-2.7646,10.286,0,6.6097,18.113,7.5043,-3.1134,-1.8156,11.784,1.1836,2.2781,2.625,-12.311,0.84199,14.145,25.412,-7.667,11.137,-9.3202,9.6685,-13.807,-15.019,-1.6728,0.32349,-4.8455,0.12741,0.51393,6.0319,-28.413,-26.266,6.6312,1.2777,-18.769,-2.9147,-4.8146,-2.7305,31.44,-2.2185,22.332,6.0065,-1.1643,16.05,16.943,21.732,-10.198,1.1463,-10.885,-16.476,7.7725,5.4538,10.896,3.987,5.8987,-4.6731,-8.9405,5.1606,8.216,6.6097,0,-4.8235,-0.6031,-0.45728,11.26,6.9187,1.8881,-0.86429,-10.435,-8.1557,8.2992,11.014,9.2391,1.1222,-6.5322,-7.716,9.5837,-3.9504,-0.23845,9.5756,22.615,-1.0405,-2.9597,7.9397,14.618,-6.0846,-1.8764,0.89398,-2.331,-2.8345,6.0728,-1.7443,5.61,2.5607,12.924,7.2377,15.629,-6.0479,11.567,17.301,8.4299,-6.548,0.92453,-0.95301,-18.545,29.111,-5.5544,10.663,-11.952,6.1005,4.1111,4.7934,-6.031,1.0736,18.113,-4.8235,0,8.3511,0.64471,-10.095,2.2083,-5.2327,8.3761,2.7186,-0.99794,-5.5898,2.9253,10.478,-3.4018,13.999,-0.78365,9.2683,-5.987,-11.731,-9.2701,-7.0862,-0.87473,0.55644,-7.1252,0.25703,-14.482,-18.735,4.732,5.3525,-10.765,-6.3636,4.8778,-15.885,29.768,-8.905,16.502,-4.7917,5.0818,8.0949,6.5462,7.8027,-1.8273,6.2166,-8.9438,-6.0899,-2.8842,8.648,7.267,0.61234,12.768,0.14244,8.9455,9.146,9.9609,7.5043,-0.6031,8.3511,0,2.5465,0.42988,5.752,9.0159,5.3004,4.3834,-6.4466,6.5197,3.7765,15.986,-15.449,24.905,-5.2848,-3.0384,-14.361,-3.1243,-5.4989,4.8892,15.416,-0.047502,-8.0133,-9.6809,-7.8796,-0.68908,12.997,-17.584,0.062841,-6.4912,2.1788,-4.5455,6.5887,-22.94,4.6668,-5.8597,22.764,-3.734,-2.5574,-0.70719,-6.783,1.212,-6.8212,-11.455,-1.4036,-0.53133,-10.829,-7.7028,-13.489,-21.979,17.856,11.379,9.9431,-3.1134,-0.45728,0.64471,2.5465,0,8.3884,-22.943,-0.17209,-10.659,1.011,5.4828,2.6612,7.5112,-3.6217,-7.8141,-0.81254,23.454,-3.9324,13.79,-6.9333,-20.463,1.6463,5.2992,24.386,-1.5694,-5.9552,1.9093,0.60002,-7.5219,-2.0429,-5.0287,-1.8796,1.0096,-14.044,-1.9005,-1.7855,-3.4386,-18.386,0.61356,-11.784,1.2482,-14.138,19.189,-4.0439,-6.7927,-3.6204,4.3055,10.672,-0.28066,8.5488,-0.82849,-7.6909,3.5304,26.211,12.604,-1.8156,11.26,-10.095,0.42988,8.3884,0,-3.3115,16.939,-15.005,-8.2604,2.3503,27.346,15.406,-0.022246,-4.2333,-1.871,4.5809,-8.9294,0.71994,4.4572,2.8346,6.7122,8.3618,7.7668,-3.2743,-4.6606,-4.5573,6.565,-12.02,-12.397,0.21502,-7.6111,-3.4545,3.5935,-4.8982,3.4985,-9.5879,0.062326,-7.0296,-2.2471,0.82066,-4.9296,6.5384,1.2929,-11.88,-10.4,8.0585,-7.4969,19.864,4.8171,32.08,11.852,-10.394,-4.5395,1.3654,11.784,6.9187,2.2083,5.752,-22.943,-3.3115,0,5.2617,7.9038,1.0784,-15.351,2.4221,1.7083,16.549,-1.5331,6.9155,-46.175,4.5171,-28.673,0.60883,14.886,4.4411,-2.4553,-15.67,2.7537,5.8476,-9.6131,-5.0022,13.573,-4.3786,-0.88837,1.269,-4.9759,13.477,7.0929,-1.3221,9.2693,19.711,2.3165,13.417,4.5078,21.024,-35.793,1.1693,1.16,-6.8398,2.8213,-7.9758,3.0181,10.278,9.4441,0.87631,6.1927,20.236,11.78,1.1836,1.8881,-5.2327,9.0159,-0.17209,16.939,5.2617,0,-9.5113,0.10105,-1.8963,26.667,10.673,5.2086,-10.778,10.638,-2.9907,-18.152,-10.982,4.8083,3.7405,0.028895,11.887,2.7828,-8.6209,-14.61,-8.0552,5.7871,-2.9238,-25.455,1.5738,-14.591,-6.4935,7.8582,-2.4771,-8.6117,-9.8378,-0.74743,1.1093,-4.0302,-7.0503,-1.6541,-1.6183,0.72948,-13.499,-6.9881,-2.0324,-9.7073,10.104,4.1788,5.8311,15.465,-12.373,-9.7225,-13.645,2.2781,-0.86429,8.3761,5.3004,-10.659,-15.005,7.9038,-9.5113,0,-5.9175,1.112,-7.2618,-14.341,3.7098,9.7048,3.3193,-10.107,13.64,-6.9621,5.6841,6.0901,3.5771,3.4273,-21.663,-4.0847,5.8047,0.6271,0.20127,11.427,3.4959,8.9207,2.5359,16.736,-4.5202,6.2615,-3.6213,9.5491,4.5313,12.231,7.9816,-0.23651,4.0266,-9.4714,11.771,7.8256,-0.21174,-4.2128,-5.9127,-7.0079,-14.675,2.5753,-6.8433,13.499,-5.242,6.8039,2.625,-10.435,2.7186,4.3834,1.011,-8.2604,1.0784,0.10105,-5.9175,0,-12.249,-9.2077,0.87538,4.1146,-16.73,6.8699,-0.52122,-6.7621,-1.55,-14.898,-11.679,-6.9586,-7.4128,8.6149,7.8901,-5.1916,1.9099,-6.8949,10.253,-0.55489,-9.7248,5.0258,-16.513,3.2548,-0.42901,-8.2981,2.196,-5.4372,4.4403,-9.2555,-2.2712,1.946,-4.2008,-22.213,2.9682,6.2491,-3.4748,16.547,-7.343,7.2316,-15.608,4.9058,-0.60435,3.4675,-12.409,-12.311,-8.1557,-0.99794,-6.4466,5.4828,2.3503,-15.351,-1.8963,1.112,-12.249,0,2.329,-7.7491,-19.734,12.964,-4.2086,15.542,-3.5955,11.903,12.8,-1.1564,-8.035,7.9573,0.4713,-15.27,-7.2465,5.61,10.024,-18.454,3.1939,10.857,-10.485,16.535,-10.676,-4.7161,-0.085416,-12.725,-10.617,-2,-4.3086,-10.657,-15.562,20.527,14.647,-3.1702,7.8514,-11.623,-5.8899,5.4016,14.034,5.9134,0.19281,2.0259,27.674,10.098,0.84199,8.2992,-5.5898,6.5197,2.6612,27.346,2.4221,26.667,-7.2618,-9.2077,2.329,0,12.133,3.8378,-4.5708,5.4384,-0.75786,-9.8708,-7.1867,7.9287,5.8934,5.0118,15.087,1.6184,-10.223,-8.6099,-8.8252,7.1636,-7.3841,-19.872,3.3902,-14.585,-0.1842,3.6873,-1.3953,-3.0626,-8.4396,0.68598,-1.2549,-0.19785,-2.7295,-2.8696,1.6723,6.7048,-15.294,-12.376,2.64,-13.886,6.6331,-5.5207,6.1796,-10.517,8.4505,10.889,27.22,14.145,11.014,2.9253,3.7765,7.5112,15.406,1.7083,10.673,-14.341,0.87538,-7.7491,12.133,0,11.981,-13.029,4.7105,0.69625,-1.6039,-4.399,-11.367,-3.8483,2.934,-0.92337,12.428,1.2451,0.15138,-17.935,-10.383,-4.1446,-5.5398,-17.711,-5.4827,-11.173,0.25867,8.6943,1.5304,4.4148,1.3977,-8.0108,4.5752,12.393,6.8054,0.49555,-3.6869,-18.586,-18.402,13.225,4.2153,19.785,-4.5228,25.166,-0.17599,1.6369,1.5417,14.069,25.412,9.2391,10.478,15.986,-3.6217,-0.022246,16.549,5.2086,3.7098,4.1146,-19.734,3.8378,11.981,0,-12.71,14.008,-14.904,6.1501,-21.114,-10.832,0.20241,7.433,0.6236,-2.0614,1.8917,3.6652,-18.448,-13.012,14.776,-6.7723,-10.663,-0.32877,-5.4527,1.4082,16.246,-5.8644,17.938,6.8802,5.8696,9.4707,11.851,16.099,-17.1,-1.6645,-6.6691,-20.504,9.3417,1.9711,0.77503,8.6177,-7.4199,11.679,-21.467,-8.7739,-25.296,-7.667,1.1222,-3.4018,-15.449,-7.8141,-4.2333,-1.5331,-10.778,9.7048,-16.73,12.964,-4.5708,-13.029,-12.71,0,-14.357,0.078952,9.1361,6.6044,14.061,12.281,-0.68117,-3.0357,-13.415,-1.5765,9.3652,6.776,5.6483,-7.5614,12.548,11.189,2.3856,13.703,-0.48182,-3.03,12.479,-2.1558,6.9376,-6.6492,8.2686,-0.77637,-0.50009,2.9188,13.311,8.0972,7.4931,-2.897,-9.7288,8.4746,-1.5942,14.592,4.8431,10.496,5.2835,7.6032,11.137,-6.5322,13.999,24.905,-0.81254,-1.871,6.9155,10.638,3.3193,6.8699,-4.2086,5.4384,4.7105,14.008,-14.357,0,-4.738,-5.373,-16.823,-4.6548,-5.9183,-5.0445,10.033,0.62796,-12.584,-13.308,-13.49,-5.2566,8.1005,-12.029,-3.6064,-13.738,-0.21312,-4.6401,11.339,-28.909,3.9529,-6.7106,13.623,-1.1559,-4.2016,2.6112,-5.6259,2.916,-12.457,-7.1288,-7.5479,0.67094,-17.736,-5.4506,-26.104,-11.381,12.67,5.6513,0.22604,-9.3202,-7.716,-0.78365,-5.2848,23.454,4.5809,-46.175,-2.9907,-10.107,-0.52122,15.542,-0.75786,0.69625,-14.904,0.078952,-4.738,0,-6.0758,23.851,-1.6489,-16.021,-6.8917,2.4791,18.454,-4.49,-7.6777,6.3366,3.3081,-16.034,3.6877,-1.0892,-4.1862,3.5609,-13.829,-5.1516,0.21015,-9.5719,-21.34,-3.6243,-12.486,-4.4607,-18.708,43.191,-0.71629,-4.5062,5.874,-3.6213,8.3133,11.469,-5.7891,2.0574,2.44,-12.105,-12.721,-4.9132,9.6685,9.5837,9.2683,-3.0384,-3.9324,-8.9294,4.5171,-18.152,13.64,-6.7621,-3.5955,-9.8708,-1.6039,6.1501,9.1361,-5.373,-6.0758,0,-0.38058,-4.9935,2.9987,7.3333,-8.3021,-8.1585,6.4755,25.433,-3.7161,-11.04,5.6117,14.404,-4.4473,9.8352,7.0949,-5.6535,12.212,9.7348,22.868,9.8576,-1.6919,18.359,19.046,11.875,-6.2277,5.15,5.2672,-6.3621,10.46,2.9329,-20.957,-5.1671,-47.763,-11.045,3.3426,-1.4815,-5.1165,-13.807,-3.9504,-5.987,-14.361,13.79,0.71994,-28.673,-10.982,-6.9621,-1.55,11.903,-7.1867,-4.399,-21.114,6.6044,-16.823,23.851,-0.38058,0,-0.13967,-8.5418,-2.6902,-4.4732,10.64,4.1569,1.4265,14.612,4.4122,-12.568,10.88,1.0108,5.7028,2.8404,-7.2705,-9.7695,9.2897,-7.404,-9.299,-7.2276,-8.8576,-1.2799,-13.812,22.15,-3.6247,5.3519,10.529,0.27029,7.9196,-1.1441,34.415,-2.3573,12.612,-11.85,4.8502,-13.108,-15.019,-0.23845,-11.731,-3.1243,-6.9333,4.4572,0.60883,4.8083,5.6841,-14.898,12.8,7.9287,-11.367,-10.832,14.061,-4.6548,-1.6489,-4.9935,-0.13967,0,15.683,2.1197,11.203,-13.128,-9.0668,-4.1036,7.8313,24.296,-5.8912,-5.6351,31.957,-5.0148,11.726,5.1853,-11.92,1.0467,-14.778,2.8914,1.7016,-1.623,-13.798,-8.4353,1.6974,12.882,4.0396,5.3599,-7.9499,-28.334,9.5686,18.934,8.1659,14.383,-26.432,-1.8164,-7.5999,-1.6728,9.5756,-9.2701,-5.4989,-20.463,2.8346,14.886,3.7405,6.0901,-11.679,-1.1564,5.8934,-3.8483,0.20241,12.281,-5.9183,-16.021,2.9987,-8.5418,15.683,0,6.145,-0.3763,-21.484,1.0793,7.555,-0.21162,6.6569,0.21167,-1.6291,10.248,1.3076,1.8254,16.263,-3.5434,8.6062,-1.9236,23.316,-4.8047,11.406,-0.074004,7.7908,-11.15,7.6099,5.0918,-0.8968,1.9242,-23.326,5.1324,5.5055,3.759,-6.1398,-6.5602,6.0598,5.9218,0.32349,22.615,-7.0862,4.8892,1.6463,6.7122,4.4411,0.028895,3.5771,-6.9586,-8.035,5.0118,2.934,7.433,-0.68117,-5.0445,-6.8917,7.3333,-2.6902,2.1197,6.145,0,4.4381,-4.2857,8.0256,9.6316,1.7459,4.5431,7.4866,-6.3926,3.7746,10.447,1.9612,3.98,-2.9598,6.0496,5.014,8.8414,4.1574,2.5341,8.4929,1.0915,-7.0884,-1.386,5.6664,-12.955,19.113,-5.1959,1.0171,13.54,1.7087,2.7947,4.3384,19.322,1.9682,-4.8455,-1.0405,-0.87473,15.416,5.2992,8.3618,-2.4553,11.887,3.4273,-7.4128,7.9573,15.087,-0.92337,0.6236,-3.0357,10.033,2.4791,-8.3021,-4.4732,11.203,-0.3763,4.4381,0,-1.4239,-18.586,-15.234,-0.83706,13.446,-0.84919,-20.186,12.752,-13.023,11.667,-5.481,-2.9343,-13.969,-8.3311,-8.98,14.293,-7.7093,-11.463,-12.902,3.7532,10.367,-7.0926,-5.8732,-5.7931,-11.356,-11.624,-13.062,-9.4235,-23.666,25.14,8.0147,14.534,0.12741,-2.9597,0.55644,-0.047502,24.386,7.7668,-15.67,2.7828,-21.663,8.6149,0.4713,1.6184,12.428,-2.0614,-13.415,0.62796,18.454,-8.1585,10.64,-13.128,-21.484,-4.2857,-1.4239,0,1.8453,-6.9814,-0.90246,-4.3464,-7.7,-0.90961,-12.768,-2.2434,-9.085,-6.8003,-0.94727,-1.5139,-3.5964,-14.697,-4.5232,-11.04,1.8584,-7.3809,14.544,-11.022,-8.8993,-1.1146,3.3059,16.243,-3.5452,-8.7037,-1.1448,-10.435,-3.6507,-9.0523,3.3411,0.51393,7.9397,-7.1252,-8.0133,-1.5694,-3.2743,2.7537,-8.6209,-4.0847,7.8901,-15.27,-10.223,1.2451,1.8917,-1.5765,-12.584,-4.49,6.4755,4.1569,-9.0668,1.0793,8.0256,-18.586,1.8453,0,15.995,6.5064,-4.9269,7.0239,7.6327,-7.1474,30.259,-13.307,9.9809,-4.2784,13.824,6.6334,10.199,-6.3254,1.4918,11.233,7.2933,-6.8753,-19.546,13.92,1.7119,14.426,8.9487,7.4807,-4.2339,1.0958,-0.60115,-15.723,-12.662,-3.2393,6.0319,14.618,0.25703,-9.6809,-5.9552,-4.6606,5.8476,-14.61,5.8047,-5.1916,-7.2465,-8.6099,0.15138,3.6652,9.3652,-13.308,-7.6777,25.433,1.4265,-4.1036,7.555,9.6316,-15.234,-6.9814,15.995,0,-0.36588,-8.3271,3.73,14.622,-4.9162,16.947,-0.36477,3.1211,4.837,20.927,14.973,18.101,-8.4828,16.882,21.188,13.847,-7.6592,-0.93074,9.1727,-3.9528,16.341,1.938,-21.072,3.1529,-15.646,-3.2478,-2.3889,-3.7381,-10.881,-28.413,-6.0846,-14.482,-7.8796,1.9093,-4.5573,-9.6131,-8.0552,0.6271,1.9099,5.61,-8.8252,-17.935,-18.448,6.776,-13.49,6.3366,-3.7161,14.612,7.8313,-0.21162,1.7459,-0.83706,-0.90246,6.5064,-0.36588,0,15.556,-0.10341,3.2433,13.213,11.738,2.7388,2.9265,-24.472,3.9729,-10.863,-3.7564,2.7327,-14.097,-10.399,-14.367,5.4821,-6.2668,21.527,18.489,-4.4691,0.19149,-9.8235,20.78,-6.8636,2.3237,-3.2801,9.3092,-6.7559,-26.266,-1.8764,-18.735,-0.68908,0.60002,6.565,-5.0022,5.7871,0.20127,-6.8949,10.024,7.1636,-10.383,-13.012,5.6483,-5.2566,3.3081,-11.04,4.4122,24.296,6.6569,4.5431,13.446,-4.3464,-4.9269,-8.3271,15.556,0,-4.1351,-9.8599,29.053,-1.3322,6.9717,4.9407,-24.201,-1.242,-22.056,-3.012,5.1029,-12.43,-18.215,-18.339,5.0273,3.2947,6.4528,7.0839,-6.3961,-14.626,6.4986,-3.7381,13.627,1.8269,-1.3064,-6.6536,2.1823,6.6312,0.89398,4.732,12.997,-7.5219,-12.02,13.573,-2.9238,11.427,10.253,-18.454,-7.3841,-4.1446,14.776,-7.5614,8.1005,-16.034,5.6117,-12.568,-5.8912,0.21167,7.4866,-0.84919,-7.7,7.0239,3.73,-0.10341,-4.1351,0,-3.5725,-0.73648,9.8496,-2.68,3.9005,3.8839,-7.4688,12.603,5.0014,15.998,0.99439,2.5079,7.896,-21.652,-6.7653,9.0346,-3.0866,2.2101,3.1347,-1.861,-11.085,-8.9699,0.90872,-6.6308,-22.339,-11.092,1.2777,-2.331,5.3525,-17.584,-2.0429,-12.397,-4.3786,-25.455,3.4959,-0.55489,3.1939,-19.872,-5.5398,-6.7723,12.548,-12.029,3.6877,14.404,10.88,-5.6351,-1.6291,-6.3926,-20.186,-0.90961,7.6327,14.622,3.2433,-9.8599,-3.5725,0,-6.0285,8.7648,1.9155,-4.9656,4.5741,13.042,7.761,3.0343,-10.606,8.2376,8.5577,5.625,3.341,0.040912,7.0557,8.1415,1.1437,9.2592,-4.0411,23.262,-3.6278,9.969,-9.1007,3.2742,-14.176,-18.769,-2.8345,-10.765,0.062841,-5.0287,0.21502,-0.88837,1.5738,8.9207,-9.7248,10.857,3.3902,-17.711,-10.663,11.189,-3.6064,-1.0892,-4.4473,1.0108,31.957,10.248,3.7746,12.752,-12.768,-7.1474,-4.9162,13.213,29.053,-0.73648,-6.0285,0,-1.2485,13.602,3.0867,-14.31,-2.076,-12.923,-0.20779,7.9807,-5.9386,-16.713,-11.992,0.98973,9.03,8.8172,7.4403,-9.1783,-18.564,-4.3273,-6.2839,-3.3145,-7.349,-6.473,-11.408,-2.0728,-2.9147,6.0728,-6.3636,-6.4912,-1.8796,-7.6111,1.269,-14.591,2.5359,5.0258,-10.485,-14.585,-5.4827,-0.32877,2.3856,-13.738,-4.1862,9.8352,5.7028,-5.0148,1.3076,10.447,-13.023,-2.2434,30.259,16.947,11.738,-1.3322,9.8496,8.7648,-1.2485,0,-4.8397,6.0686,-5.6995,11.764,6.9942,8.2675,-0.9056,0.3068,8.114,3.6679,-6.5441,-13.305,23.504,3.7408,10.934,6.9786,2.7409,8.0897,-5.0487,9.1165,-6.7105,0.36747,-13.481,-4.8146,-1.7443,4.8778,2.1788,1.0096,-3.4545,-4.9759,-6.4935,16.736,-16.513,16.535,-0.1842,-11.173,-5.4527,13.703,-0.21312,3.5609,7.0949,2.8404,11.726,1.8254,1.9612,11.667,-9.085,-13.307,-0.36477,2.7388,6.9717,-2.68,1.9155,13.602,-4.8397,0,-13.692,1.7863,-2.4458,-0.31129,-4.4413,7.7791,2.0592,-4.2418,-7.7245,5.4813,22.572,0.97553,-0.097437,-5.8852,-8.2102,0.96071,8.1616,8.1411,3.0409,-8.2175,-0.92835,1.1538,-2.7305,5.61,-15.885,-4.5455,-14.044,3.5935,13.477,7.8582,-4.5202,3.2548,-10.676,3.6873,0.25867,1.4082,-0.48182,-4.6401,-13.829,-5.6535,-7.2705,5.1853,16.263,3.98,-5.481,-6.8003,9.9809,3.1211,2.9265,4.9407,3.9005,-4.9656,3.0867,6.0686,-13.692,0,-9.4018,5.9264,-4.704,16.449,-5.2565,1.4728,-1.6908,6.9821,-12.706,-8.0317,7.0393,2.7323,2.9865,-8.2397,19.217,-9.4787,10.914,4.0672,0.93141,-4.5342,4.402,31.44,2.5607,29.768,6.5887,-1.9005,-4.8982,7.0929,-2.4771,6.2615,-0.42901,-4.7161,-1.3953,8.6943,16.246,-3.03,11.339,-5.1516,12.212,-9.7695,-11.92,-3.5434,-2.9598,-2.9343,-0.94727,-4.2784,4.837,-24.472,-24.201,3.8839,4.5741,-14.31,-5.6995,1.7863,-9.4018,0,-3.5757,21.414,2.0554,0.17801,16.279,13.414,15.359,-5.4333,6.6555,-11.513,-12.597,3.188,5.3429,-0.67546,-0.0041806,-6.8582,-3.6998,-12.997,-5.8423,-3.5353,-2.2185,12.924,-8.905,-22.94,-1.7855,3.4985,-1.3221,-8.6117,-3.6213,-8.2981,-0.085416,-3.0626,1.5304,-5.8644,12.479,-28.909,0.21015,9.7348,9.2897,1.0467,8.6062,6.0496,-13.969,-1.5139,13.824,20.927,3.9729,-1.242,-7.4688,13.042,-2.076,11.764,-2.4458,5.9264,-3.5757,0,1.7103,13.303,-20.595,9.1108,12.031,5.1618,1.4222,-1.5871,6.8382,0.67722,13.513,-0.7982,15.381,-12.324,9.917,0.078278,-3.3036,-10.423,3.4477,22.332,7.2377,16.502,4.6668,-3.4386,-9.5879,9.2693,-9.8378,9.5491,2.196,-12.725,-8.4396,4.4148,17.938,-2.1558,3.9529,-9.5719,22.868,-7.404,-14.778,-1.9236,5.014,-8.3311,-3.5964,6.6334,14.973,-10.863,-22.056,12.603,7.761,-12.923,6.9942,-0.31129,-4.704,21.414,1.7103,0,7.46,1.8918,15.561,21.281,18.645,-11.705,-0.3677,0.2798,-10.848,10.298,8.3362,13.228,5.6387,11.361,7.0073,-21.873,-6.7697,-1.8866,6.0065,15.629,-4.7917,-5.8597,-18.386,0.062326,19.711,-0.74743,4.5313,-5.4372,-10.617,0.68598,1.3977,6.8802,6.9376,-6.7106,-21.34,9.8576,-9.299,2.8914,23.316,8.8414,-8.98,-14.697,10.199,18.101,-3.7564,-3.012,5.0014,3.0343,-0.20779,8.2675,-4.4413,16.449,2.0554,13.303,7.46,0,-7.6373,18.37,10.403,19.135,-17.796,0.70837,6.0242,-4.8614,10.462,-8.6343,0.94099,2.1837,5.3769,2.8353,4.6423,2.6776,-0.36363,-1.1643,-6.0479,5.0818,22.764,0.61356,-7.0296,2.3165,1.1093,12.231,4.4403,-2,-1.2549,-8.0108,5.8696,-6.6492,13.623,-3.6243,-1.6919,-7.2276,1.7016,-4.8047,4.1574,14.293,-4.5232,-6.3254,-8.4828,2.7327,5.1029,15.998,-10.606,7.9807,-0.9056,7.7791,-5.2565,0.17801,-20.595,1.8918,-7.6373,0,-8.0928,-8.4564,-5.9677,-5.3421,1.3174,3.2518,-1.3307,-6.7122,-0.95593,24.187,0.097394,10.497,9.5277,-15.156,-8.0288,-2.3355,16.05,11.567,8.0949,-3.734,-11.784,-2.2471,13.417,-4.0302,7.9816,-9.2555,-4.3086,-0.19785,4.5752,9.4707,8.2686,-1.1559,-12.486,18.359,-8.8576,-1.623,11.406,2.5341,-7.7093,-11.04,1.4918,16.882,-14.097,-12.43,0.99439,8.2376,-5.9386,0.3068,2.0592,1.4728,16.279,9.1108,15.561,18.37,-8.0928,0,16.476,23.631,-10.007,9.372,-2.9773,-9.5387,7.8783,-4.3379,11.049,-10.548,4.2953,-6.6935,-3.8381,-4.6366,7.9003,16.943,17.301,6.5462,-2.5574,1.2482,0.82066,4.5078,-7.0503,-0.23651,-2.2712,-10.657,-2.7295,12.393,11.851,-0.77637,-4.2016,-4.4607,19.046,-1.2799,-13.798,-0.074004,8.4929,-11.463,1.8584,11.233,21.188,-10.399,-18.215,2.5079,8.5577,-16.713,8.114,-4.2418,-1.6908,13.414,12.031,21.281,10.403,-8.4564,16.476,0,16.065,-5.2414,-2.3024,-2.1549,-14.204,24.347,7.3118,19.647,-5.093,17.487,5.841,-8.362,-10.334,2.9319,21.732,8.4299,7.8027,-0.70719,-14.138,-4.9296,21.024,-1.6541,4.0266,1.946,-15.562,-2.8696,6.8054,16.099,-0.50009,2.6112,-18.708,11.875,-13.812,-8.4353,7.7908,1.0915,-12.902,-7.3809,7.2933,13.847,-14.367,-18.339,7.896,5.625,-11.992,3.6679,-7.7245,6.9821,15.359,5.1618,18.645,19.135,-5.9677,23.631,16.065,0,-18.616,-0.75979,-1.2783,-7.8464,8.0173,1.1222,-15.063,-1.9327,-25.31,-8.0401,9.2379,6.767,-1.4663,-10.198,-6.548,-1.8273,-6.783,19.189,6.5384,-35.793,-1.6183,-9.4714,-4.2008,20.527,1.6723,0.49555,-17.1,2.9188,-5.6259,43.191,-6.2277,22.15,1.6974,-11.15,-7.0884,3.7532,14.544,-6.8753,-7.6592,5.4821,5.0273,-21.652,3.341,0.98973,-6.5441,5.4813,-12.706,-5.4333,1.4222,-11.705,-17.796,-5.3421,-10.007,-5.2414,-18.616,0,2.6823,-5.7345,5.5328,-4.3152,4.2306,10.422,11.801,1.5116,16.107,-9.0153,2.3794,-9.8095,1.1463,0.92453,6.2166,1.212,-4.0439,1.2929,1.1693,0.72948,11.771,-22.213,14.647,6.7048,-3.6869,-1.6645,13.311,2.916,-0.71629,5.15,-3.6247,12.882,7.6099,-1.386,10.367,-11.022,-19.546,-0.93074,-6.2668,3.2947,-6.7653,0.040912,9.03,-13.305,22.572,-8.0317,6.6555,-1.5871,-0.3677,0.70837,1.3174,9.372,-2.3024,-0.75979,2.6823,0,-6.893,-4.109,-5.7547,-14.518,-7.066,0.94381,-4.7753,0.96956,-10.184,-12.985,-11.981,-10.885,-0.95301,-8.9438,-6.8212,-6.7927,-11.88,1.16,-13.499,7.8256,2.9682,-3.1702,-15.294,-18.586,-6.6691,8.0972,-12.457,-4.5062,5.2672,5.3519,4.0396,5.0918,5.6664,-7.0926,-8.8993,13.92,9.1727,21.527,6.4528,9.0346,7.0557,8.8172,23.504,0.97553,7.0393,-11.513,6.8382,0.2798,6.0242,3.2518,-2.9773,-2.1549,-1.2783,-5.7345,-6.893,0,12.309,0.28016,0.34922,-17.199,-0.19222,-11.849,3.8842,-0.91937,-10.326,-16.071,-16.476,-18.545,-6.0899,-11.455,-3.6204,-10.4,-6.8398,-6.9881,-0.21174,6.2491,7.8514,-12.376,-18.402,-20.504,7.4931,-7.1288,5.874,-6.3621,10.529,5.3599,-0.8968,-12.955,-5.8732,-1.1146,1.7119,-3.9528,18.489,7.0839,-3.0866,8.1415,7.4403,3.7408,-0.097437,2.7323,-12.597,0.67722,-10.848,-4.8614,-1.3307,-9.5387,-14.204,-7.8464,5.5328,-4.109,12.309,0,-15.659,2.1463,5.8992,-4.1781,2.4939,-12.533,-3.1795,2.5708,12.039,7.7725,29.111,-2.8842,-1.4036,4.3055,8.0585,2.8213,-2.0324,-4.2128,-3.4748,-11.623,2.64,13.225,9.3417,-2.897,-7.5479,-3.6213,10.46,0.27029,-7.9499,1.9242,19.113,-5.7931,3.3059,14.426,16.341,-4.4691,-6.3961,2.2101,1.1437,-9.1783,10.934,-5.8852,2.9865,3.188,13.513,10.298,10.462,-6.7122,7.8783,24.347,8.0173,-4.3152,-5.7547,0.28016,-15.659,0,3.1896,-6.9995,-43.2,-5.7177,-14.76,13.96,-6.8597,6.6432,5.4538,-5.5544,8.648,-0.53133,10.672,-7.4969,-7.9758,-9.7073,-5.9127,16.547,-5.8899,-13.886,4.2153,1.9711,-9.7288,0.67094,8.3133,2.9329,7.9196,-28.334,-23.326,-5.1959,-11.356,16.243,8.9487,1.938,0.19149,-14.626,3.1347,9.2592,-18.564,6.9786,-8.2102,-8.2397,5.3429,-0.7982,8.3362,-8.6343,-0.95593,-4.3379,7.3118,1.1222,4.2306,-14.518,0.34922,2.1463,3.1896,0
