0,-6.1038,-7.8486,0.34603,-1.9035,3.4941,-0.093226,0.29076,7.3179,1.3324,1.5764,0.078435,1.6337,0.34194,3.8933,-6.988,-1.3962,2.3799,1.7901,5.0219,-2.9791,-6.1038,0,6.9462,3.0084,-0.83731,-5.6916,-0.2652,4.1559,-0.50093,-2.9167,-1.9208,0.93218,-0.81301,-0.89823,0.2261,7.552,1.8978,-0.87992,2.991,-2.652,3.1839,-7.8486,6.9462,0,0.95701,-1.9296,-3.4766,0.64982,3.4941,-2.5626,-0.61141,-0.86148,0.40913,-0.67193,2.0683,-3.5783,5.803,3.6019,1.0508,2.1359,-1.7784,4.32,0.34603,3.0084,0.95701,0,-7.6099,-1.3114,4.7037,5.7769,1.9389,1.9802,1.0621,-3.0074,3.9462,3.2693,1.2981,0.088622,7.5107,3.2876,3.5385,1.6559,5.2703,-1.9035,-0.83731,-1.9296,-7.6099,0,2.6618,-4.559,-5.4912,-3.2463,-3.153,0.37238,3.7821,-7.1379,-5.7778,0.09253,0.037257,-7.9668,-4.8359,-4.1006,-3.6033,-6.8504,3.4941,-5.6916,-3.4766,-1.3114,2.6618,0,-1.2266,-4.0077,-0.096672,-1.884,2.9957,0.73806,-1.0751,-1.5353,3.2603,-7.679,-2.2755,1.6397,-1.702,1.0098,-3.395,-0.093226,-0.2652,0.64982,4.7037,-4.559,-1.2266,0,6.3509,-2.5703,5.2625,-1.4302,-4.41,2.9763,1.0494,-2.2024,0.29716,5.4881,-2.4439,-1.3777,-1.5269,8.1414,0.29076,4.1559,3.4941,5.7769,-5.4912,-4.0077,6.3509,0,2.2156,2.5317,-0.55269,-1.1751,3.0698,1.8705,-0.4017,2.6755,5.4864,0.1848,3.71,1.1359,6.2886,7.3179,-0.50093,-2.5626,1.9389,-3.2463,-0.096672,-2.5703,2.2156,0,-0.47747,1.5597,2.485,0.88677,2.1795,4.9542,-2.811,-0.48719,5.7654,7.0294,7.1081,-1.8553,1.3324,-2.9167,-0.61141,1.9802,-3.153,-1.884,5.2625,2.5317,-0.47747,0,1.8014,-2.2481,0.026358,5.8989,-4.4488,-1.5358,2.8983,-1.3979,-2.167,1.4604,2.2569,1.5764,-1.9208,-0.86148,1.0621,0.37238,2.9957,-1.4302,-0.55269,1.5597,1.8014,0,1.9281,-2.2007,2.4648,-0.2007,-3.0006,-0.028908,4.3993,1.2112,1.3869,-1.121,0.078435,0.93218,0.40913,-3.0074,3.7821,0.73806,-4.41,-1.1751,2.485,-2.2481,1.9281,0,-4.2118,-2.6579,2.1228,-1.0256,-4.6219,3.1103,0.77109,0.50124,-5.5693,1.6337,-0.81301,-0.67193,3.9462,-7.1379,-1.0751,2.9763,3.0698,0.88677,0.026358,-2.2007,-4.2118,0,0.71505,0.032093,0.90636,4.1959,1.0251,-0.87959,2.2685,6.0536,0.34194,-0.89823,2.0683,3.2693,-5.7778,-1.5353,1.0494,1.8705,2.1795,5.8989,2.4648,-2.6579,0.71505,0,-3.2916,-0.39338,3.768,4.271,2.9873,4.5989,2.1184,3.8933,0.2261,-3.5783,1.2981,0.09253,3.2603,-2.2024,-0.4017,4.9542,-4.4488,-0.2007,2.1228,0.032093,-3.2916,0,-3.6122,-2.9815,3.1562,3.2701,2.1839,-3.4384,-6.988,7.552,5.803,0.088622,0.037257,-7.679,0.29716,2.6755,-2.811,-1.5358,-3.0006,-1.0256,0.90636,-0.39338,-3.6122,0,0.22473,-3.5372,0.64349,-3.632,5.4623,-1.3962,1.8978,3.6019,7.5107,-7.9668,-2.2755,5.4881,5.4864,-0.48719,2.8983,-0.028908,-4.6219,4.1959,3.768,-2.9815,0.22473,0,2.9778,1.2003,1.3225,7.4855,2.3799,-0.87992,1.0508,3.2876,-4.8359,1.6397,-2.4439,0.1848,5.7654,-1.3979,4.3993,3.1103,1.0251,4.271,3.1562,-3.5372,2.9778,0,5.0422,5.582,-1.1974,1.7901,2.991,2.1359,3.5385,-4.1006,-1.702,-1.3777,3.71,7.0294,-2.167,1.2112,0.77109,-0.87959,2.9873,3.2701,0.64349,1.2003,5.0422,0,2.5928,0.17733,5.0219,-2.652,-1.7784,1.6559,-3.6033,1.0098,-1.5269,1.1359,7.1081,1.4604,1.3869,0.50124,2.2685,4.5989,2.1839,-3.632,1.3225,5.582,2.5928,0,-0.48437,-2.9791,3.1839,4.32,5.2703,-6.8504,-3.395,8.1414,6.2886,-1.8553,2.2569,-1.121,-5.5693,6.0536,2.1184,-3.4384,5.4623,7.4855,-1.1974,0.17733,-0.48437,0
