0,-5.558,-13.242,0.78768,-1.3006,2.9336,4.6777,1.5407,8.1512,2.2135,-0.64243,-2.0105,7.2679,7.575,-2.2626,-11.871,-4.5292,-2.4608,1.2543,6.5752,-8.1052,-5.558,0,6.7219,2.9716,-0.83729,-2.1038,1.6117,5.6868,-3.7967,2.7654,-0.55385,1.6831,-4.9097,-5.3902,2.5825,4.0643,1.4592,-2.0597,-0.33414,-4.659,1.9728,-13.242,6.7219,0,-1.1466,0.77085,-3.3433,-3.192,0.30134,-7.8261,-0.90233,0.92864,3.1684,-11.007,-7.5196,2.1961,10.95,5.5859,1.0904,-0.394,-7.6648,8.234,0.78768,2.9716,-1.1466,0,-1.4809,2.1883,5.1753,1.5733,-0.95138,0.049602,-4.2384,-1.3409,1.1067,0.96166,-0.40132,-1.1618,-1.695,1.4245,-3.6461,0.34734,-3.7642,-1.3006,-0.83729,0.77085,-1.4809,0,6.5479,-0.30338,-1.7128,-0.79781,-1.006,-2.7625,-4.6997,-1.3945,-0.61755,-1.188,1.3931,-0.65444,-1.512,-0.1037,3.358,0.80302,2.9336,-2.1038,-3.3433,2.1883,6.5479,0,2.009,0.12121,0.036988,-0.58025,-2.2612,-8.2353,3.7092,1.9309,-0.41625,-4.1103,-3.0599,-0.24363,-1.3783,5.2383,-4.5329,4.6777,1.6117,-3.192,5.1753,-0.30338,2.009,0,3.8879,1.5537,1.8279,-2.9425,-3.5863,-0.23167,-0.018983,0.65569,-3.5945,-4.0477,-2.7527,-0.24464,1.1494,-4.7528,1.5407,5.6868,0.30134,1.5733,-1.7128,0.12121,3.8879,0,2.1767,3.9247,0.64754,0.25873,-0.24599,1.1766,0.12594,-1.4579,-1.2692,-1.4013,6.0098,-1.0927,-2.488,8.1512,-3.7967,-7.8261,-0.95138,-0.79781,0.036988,1.5537,2.1767,0,0.54911,0.28533,-0.93803,6.0448,5.8186,-3.2533,-5.7294,-2.8532,-0.8432,2.5128,5.73,-3.3743,2.2135,2.7654,-0.90233,0.049602,-1.006,-0.58025,1.8279,3.9247,0.54911,0,4.8422,4.7814,-1.0872,0.27456,-1.4523,-2.7357,1.2856,-6.7053,1.4041,-0.038947,-3.7926,-0.64243,-0.55385,0.92864,-4.2384,-2.7625,-2.2612,-2.9425,0.64754,0.28533,4.8422,0,3.3102,-2.007,-2.0616,1.185,0.090971,5.7943,1.4171,2.9012,-2.0106,-0.76423,-2.0105,1.6831,3.1684,-1.3409,-4.6997,-8.2353,-3.5863,0.25873,-0.93803,4.7814,3.3102,0,-2.6075,-1.3483,-4.1702,2.5573,4.8804,-2.8116,-0.074814,-2.5476,1.9109,7.2679,-4.9097,-11.007,1.1067,-1.3945,3.7092,-0.23167,-0.24599,6.0448,-1.0872,-2.007,-2.6075,0,8.0535,-3.7164,-9.3463,-5.6513,0.88749,-1.2139,7.3463,-4.2383,7.575,-5.3902,-7.5196,0.96166,-0.61755,1.9309,-0.018983,1.1766,5.8186,0.27456,-2.0616,-1.3483,8.0535,0,-3.5558,-6.4658,-4.8444,0.21821,2.3983,5.0546,-3.9231,-2.2626,2.5825,2.1961,-0.40132,-1.188,-0.41625,0.65569,0.12594,-3.2533,-1.4523,1.185,-4.1702,-3.7164,-3.5558,0,2.2316,-0.46854,2.677,0.53991,-5.1388,0.37263,-11.871,4.0643,10.95,-1.1618,1.3931,-4.1103,-3.5945,-1.4579,-5.7294,-2.7357,0.090971,2.5573,-9.3463,-6.4658,2.2316,0,6.1731,2.0132,0.36834,-6.055,7.5936,-4.5292,1.4592,5.5859,-1.695,-0.65444,-3.0599,-4.0477,-1.2692,-2.8532,1.2856,5.7943,4.8804,-5.6513,-4.8444,-0.46854,6.1731,0,2.6583,1.2637,-3.3843,3.5125,-2.4608,-2.0597,1.0904,1.4245,-1.512,-0.24363,-2.7527,-1.4013,-0.8432,-6.7053,1.4171,-2.8116,0.88749,0.21821,2.677,2.0132,2.6583,0,1.1584,-2.2798,2.6132,1.2543,-0.33414,-0.394,-3.6461,-0.1037,-1.3783,-0.24464,6.0098,2.5128,1.4041,2.9012,-0.074814,-1.2139,2.3983,0.53991,0.36834,1.2637,1.1584,0,-0.85843,-0.283,6.5752,-4.659,-7.6648,0.34734,3.358,5.2383,1.1494,-1.0927,5.73,-0.038947,-2.0106,-2.5476,7.3463,5.0546,-5.1388,-6.055,-3.3843,-2.2798,-0.85843,0,-5.9466,-8.1052,1.9728,8.234,-3.7642,0.80302,-4.5329,-4.7528,-2.488,-3.3743,-3.7926,-0.76423,1.9109,-4.2383,-3.9231,0.37263,7.5936,3.5125,2.6132,-0.283,-5.9466,0
