0,4.7261,8.3779,2.8809,4.847,3.1547,6.8764,-7.9276,-2.2617,-12.626,-10.525,-17.434,8.5839,2.2982,-0.34927,-18.833,4.2193,4.9243,4.2875,-6.4497,0.11718,13.583,-1.6779,6.5381,-12.611,-16.91,2.6017,12.652,-4.0639,-13.671,-1.2307,1.2567,-7.4442,-11.276,-4.5276,5.1663,4.5903,10.701,3.3617,0.85659,14.971,4.1373,-4.9475,-1.0489,11.502,3.5251,4.0807,6.3098,6.0608,-21.608,-5.263,-2.0686,-2.6927,4.8137,1.6831,4.7261,0,12.723,3.1104,-9.127,8.6629,-10.484,-4.791,-22.377,10.477,-4.1072,1.8801,-14.624,-0.95792,11.108,-1.8121,-9.3028,5.3075,-6.6302,-3.755,-0.53201,18.162,-12.798,-11.164,-0.32465,2.9747,2.1205,-0.26816,6.9294,-7.7259,3.1325,-1.8475,12.297,-7.4734,3.9842,-0.57649,8.2446,15.929,8.2831,-10.346,16.929,25.698,-9.6009,2.8192,6.0448,-21.717,-3.4153,-3.6486,-1.7542,-3.2996,-11.149,-3.0326,-5.5966,-10.897,10.953,8.3779,12.723,0,11.904,-11.207,-6.9813,-5.8024,-2.9404,-11.849,4.6133,-1.4146,-2.985,-4.7918,-5.6372,5.7424,3.5367,-4.8679,10.405,-10.184,-1.9508,-1.3921,14.001,-5.4755,-6.3066,0.31532,-0.39595,10.409,8.5143,0.097644,-2.1198,4.9647,-3.8795,10.922,-2.3093,9.7547,-0.46581,3.9112,4.7184,6.4417,7.8826,16.993,12.769,-31.669,9.2785,22.632,-7.1746,5.432,-7.4755,-8.8081,-15.187,6.4363,-1.9784,2.7649,0.22301,19.355,2.8809,3.1104,11.904,0,-0.53601,-0.62836,4.722,-12.601,-5.1013,9.7364,3.9612,-2.0868,2.0998,-0.55946,2.4469,0.90943,3.9346,-8.0957,-17.549,-7.6495,16.796,7.7483,-17.101,-10.576,6.2061,-9.7794,-5.2327,8.5019,1.7857,1.3745,15.176,-27.258,3.7787,-13.33,15.746,-7.2964,6.1399,7.3512,-13.128,7.1554,2.3563,9.0829,-22.069,10.678,10.633,0.44351,0.43576,-16.054,-1.1408,-4.493,10.063,8.3798,-7.8882,1.9047,-0.16127,4.847,-9.127,-11.207,-0.53601,0,7.2126,30.206,-6.6661,7.8447,-9.472,2.5973,-6.9516,20.003,0.5907,-20.936,-17.588,9.7759,-7.2704,3.6109,3.3482,5.2,2.2241,-0.27594,15.699,-13.742,-15.944,-4.5407,0.4012,-12.494,-7.4221,8.6248,0.59436,-35.686,-6.8243,-2.0812,-4.6927,0.73977,-0.24285,-14.692,1.8389,-0.52656,-1.8291,8.3387,-9.3439,-5.7759,12.786,-11.365,-0.37323,3.1377,-1.7206,-3.2696,1.9466,-8.0988,-4.462,-10.379,3.1547,8.6629,-6.9813,-0.62836,7.2126,0,4.4983,-5.3875,-1.9053,4.8595,-8.5276,-4.6441,-3.9627,1.7148,3.5466,-12.438,5.7733,-7.2489,-2.2464,-10.476,11.1,5.5416,-10.9,-4.1029,-0.7138,-4.9947,-10.383,1.301,2.1329,-5.044,2.091,-4.9392,-3.8204,-16.335,-0.02658,-6.4854,2.0759,20.698,-4.1461,-22.386,1.7716,7.8328,6.1896,-0.1727,-10.789,-8.2255,-13.884,3.8053,13.929,3.294,-20.996,-2.7027,-25.221,-8.7336,-9.7552,6.8764,-10.484,-5.8024,4.722,30.206,4.4983,0,-5.0367,11.335,-8.0515,-0.3828,-13.11,20.007,-3.6213,-17.901,-13.51,17.381,-5.5921,-1.475,-1.0032,9.6468,1.6798,-0.083755,12.805,-8.9882,-18.292,-2.2412,7.958,-16.606,-2.5713,9.526,-3.5119,-27.578,-7.9634,3.2885,-8.8399,-3.0477,0.66939,-16.19,6.4146,-0.28007,-2.5565,2.8217,-1.584,-3.188,12.521,-9.4298,-0.89999,3.5257,-6.7351,2.3751,-0.26359,-9.7205,-0.4317,-9.1577,-7.9276,-4.791,-2.9404,-12.601,-6.6661,-5.3875,-5.0367,0,12.2,-0.38159,-7.7985,-2.6076,-8.7968,-14.763,0.61513,12.477,4.2258,14.12,-0.11082,1.4235,-7.0721,-14.102,20.824,3.1203,5.7982,19.125,13.732,2.7989,-7.2495,16.79,-11.505,10.899,3.2287,19.741,1.8767,-5.0207,-27.406,-9.3384,11.996,1.357,-4.709,-10.478,6.886,7.2531,-10.313,-5.965,-1.2685,10.551,-2.3436,-0.2965,3.7971,-20.1,5.4303,1.642,4.6471,-2.2617,-22.377,-11.849,-5.1013,7.8447,-1.9053,11.335,12.2,0,-8.0929,-6.7612,-10.631,6.9802,-6.602,-6.855,0.95569,20.927,-0.31806,2.4658,-3.5325,3.885,-18.508,15.252,9.3913,2.7499,-0.58432,1.2488,8.2108,-11.559,13.084,-6.6294,2.1902,-11.499,5.5803,-0.28685,-6.1242,-21.321,-7.3866,-3.7515,4.6875,-13.062,-22.489,11.214,4.5216,-12.557,8.852,-1.5881,11.013,7.0286,-0.89214,6.418,-7.6329,-1.2838,9.3704,-10.774,-12.626,10.477,4.6133,9.7364,-9.472,4.8595,-8.0515,-0.38159,-8.0929,0,3.3575,8.7376,-17.924,-4.6576,9.4975,11.85,-2.9127,-4.5434,-20.676,-4.4898,9.5907,1.4702,-13.662,-24.187,16.401,8.9462,-3.7541,-2.1548,7.4103,8.4601,8.1568,-13.418,16.683,-3.1368,16.48,-11.548,0.86561,6.0241,-3.5874,-5.0833,-1.6685,11.33,-8.5854,11.266,-2.8338,-16.905,-6.9393,-12.332,-3.1214,8.3282,1.5548,0.84735,-8.4618,-8.6291,2.5961,-10.525,-4.1072,-1.4146,3.9612,2.5973,-8.5276,-0.3828,-7.7985,-6.7612,3.3575,0,19.832,5.5736,5.6453,-8.9655,4.7682,-12.156,-7.5516,-0.088323,18.206,-3.6074,0.87373,-4.2636,0.7527,-2.3996,0.31993,-3.2196,-17.519,2.6468,-3.4928,12.484,-1.4898,0.24853,4.3493,0.92049,2.7939,11.083,-12.056,-9.614,8.308,-3.1938,2.5105,-2.6591,-10.532,4.3871,7.6272,-0.039024,-20.329,-15.183,9.6964,7.3103,16.442,7.6873,-6.0343,2.2612,-17.434,1.8801,-2.985,-2.0868,-6.9516,-4.6441,-13.11,-2.6076,-10.631,8.7376,19.832,0,-5.8952,8.3743,2.2635,10.401,-21.216,-5.8446,1.9647,11.996,-6.5069,-2.634,-3.9713,-7.0045,4.3186,10.299,-5.0287,-28.66,13.119,-0.64795,2.4308,0.63612,10.106,7.0824,-2.8151,6.3693,9.8664,-7.9527,-0.68168,-2.1492,-5.76,2.3717,0.93438,-8.4697,-0.061717,-1.6079,2.3699,-10.608,-9.3292,20.254,0.46204,12.197,8.6,-6.0244,2.5148,8.5839,-14.624,-4.7918,2.0998,20.003,-3.9627,20.007,-8.7968,6.9802,-17.924,5.5736,-5.8952,0,5.5377,-17.585,-12.805,5.7097,-5.679,8.1442,5.0712,0.59816,0.98114,2.9076,17.477,-13.748,-20.227,-2.852,1.5601,-8.6116,-8.228,4.816,0.9914,-23.811,-3.4286,-5.9167,4.0688,3.9042,-5.5815,-11.271,10.836,-0.97361,-6.5757,2.8746,-10.145,4.2615,32.005,1.9746,-0.79039,0.62635,-5.2895,4.3809,7.9229,2.1845,5.4145,-7.0632,2.2982,-0.95792,-5.6372,-0.55946,0.5907,1.7148,-3.6213,-14.763,-6.602,-4.6576,5.6453,8.3743,5.5377,0,5.2077,-6.4213,-8.5237,-14.032,13.884,-0.5867,-0.97258,0.15506,-6.2841,-2.6377,-1.5066,-7.2799,-18.416,-9.8791,18.584,-10.99,-4.3455,-2.3719,-0.29109,-6.3873,-17.54,20.465,18.622,2.4776,-3.0964,-6.7376,-5.2726,-2.3378,4.1456,-12.923,4.0018,8.6273,11.494,0.89152,7.8456,9.328,-6.5901,22.223,3.7591,6.5926,-9.8821,-0.34927,11.108,5.7424,2.4469,-20.936,3.5466,-17.901,0.61513,-6.855,9.4975,-8.9655,2.2635,-17.585,5.2077,0,6.4201,-3.6282,-0.83011,-2.4941,-15.162,3.2973,-1.139,-6.1118,-22.778,15.81,6.4662,-5.4241,2.7544,20.033,4.341,-10.344,-6.7309,20.944,-3.9568,-0.70821,4.4984,1.8658,11.254,8.6351,-11.681,-1.6453,2.4314,-4.6259,9.8592,1.8398,-12.843,9.2241,4.6243,9.1279,3.4708,-4.2951,0.43093,-1.6492,6.6059,-0.24902,-18.833,-1.8121,3.5367,0.90943,-17.588,-12.438,-13.51,12.477,0.95569,11.85,4.7682,10.401,-12.805,-6.4213,6.4201,0,-4.561,3.6676,-7.5516,2.6806,-2.7354,-11.349,4.6,-9.9,17.978,21.58,5.2591,-3.0797,4.0854,19.948,-2.7161,-1.4961,17.476,15.174,8.0231,-3.0962,-7.6036,-10.52,4.3104,5.3174,-8.1634,-4.0232,-4.4506,9.8666,-1.2364,-6.2855,4.4924,-4.7181,-8.8581,7.0413,13.438,-1.7837,8.5052,2.3006,6.6835,4.2193,-9.3028,-4.8679,3.9346,9.7759,5.7733,17.381,4.2258,20.927,-2.9127,-12.156,-21.216,5.7097,-8.5237,-3.6282,-4.561,0,-2.652,-5.5205,-13.128,15.272,-6.0011,3.0482,3.6513,3.1845,-7.6523,-1.4704,19.469,-11.735,9.1665,-0.13904,-6.4906,-10.868,-5.9746,6.5204,-13.381,-14.867,4.2171,-7.9867,1.9137,-5.3592,-7.504,3.0374,11.154,-8.5081,3.699,-6.0935,6.9438,11.624,-6.4314,3.5388,-8.0929,-13.059,6.2944,-11.331,4.9243,5.3075,10.405,-8.0957,-7.2704,-7.2489,-5.5921,14.12,-0.31806,-4.5434,-7.5516,-5.8446,-5.679,-14.032,-0.83011,3.6676,-2.652,0,0.36799,4.9278,-14.908,3.2959,12.743,6.4355,-5.5691,9.1584,35.942,5.0733,-9.463,0.89371,-5.7073,15.754,3.3342,11.858,1.3443,-0.049097,-8.9367,-4.0548,21.923,4.8875,13.112,1.4499,-3.0993,3.2856,4.4072,-7.437,0.91053,6.1199,-9.1621,-14.018,0.99192,-19.42,8.4081,-2.2035,21.488,4.2875,-6.6302,-10.184,-17.549,3.6109,-2.2464,-1.475,-0.11082,2.4658,-20.676,-0.088323,1.9647,8.1442,13.884,-2.4941,-7.5516,-5.5205,0.36799,0,6.1405,-13.915,-4.5663,10.425,12.029,-10.241,-1.9806,-2.3155,-8.3214,3.3977,-9.4636,-13.984,15.49,-7.6328,5.174,-45.249,22.657,3.9204,-5.9571,6.4968,-3.6109,-3.0148,-11.164,15.51,-19.387,-0.90833,10.958,9.3187,13.108,4.7635,3.013,-7.9269,3.8369,11.4,6.3482,-4.8078,-6.4497,-3.755,-1.9508,-7.6495,3.3482,-10.476,-1.0032,1.4235,-3.5325,-4.4898,18.206,11.996,5.0712,-0.5867,-15.162,2.6806,-13.128,4.9278,6.1405,0,-17.433,1.0119,6.7126,11.481,-11.406,4.9726,8.1716,-16.713,-5.2144,-5.5822,5.2098,13.68,-3.4601,14.14,-3.656,4.434,3.7819,-19.029,1.2958,8.5116,2.623,0.1827,2.9393,-15.811,2.2389,5.6402,-1.875,-7.3704,-21.749,3.1716,3.0387,2.8305,14.313,-9.1754,9.3722,0.11718,-0.53201,-1.3921,16.796,5.2,11.1,9.6468,-7.0721,3.885,9.5907,-3.6074,-6.5069,0.59816,-0.97258,3.2973,-2.7354,15.272,-14.908,-13.915,-17.433,0,0.092521,-13.767,-9.7717,9.8436,-9.2203,-13.043,10.1,0.83901,5.7912,8.1551,-28.272,-1.5942,-18.02,11.702,-13.565,-1.0416,12.588,-17.52,-2.9707,-5.5276,2.8609,-4.3213,11.922,-4.3542,-1.0273,-6.6226,-4.5205,11.058,1.2717,1.8341,3.1502,-23.478,1.656,-13.089,13.583,18.162,14.001,7.7483,2.2241,5.5416,1.6798,-14.102,-18.508,1.4702,0.87373,-2.634,0.98114,0.15506,-1.139,-11.349,-6.0011,3.2959,-4.5663,1.0119,0.092521,0,-13.507,-0.56983,-11.721,-9.1348,2.7468,1.769,-1.0394,-18.737,12.03,-1.971,0.0013358,-12.181,3.5643,-0.10167,13.826,11.943,0.39311,-0.76935,28.657,27.314,-12.522,-2.8754,13.508,-5.1235,-4.3895,-8.328,-4.9391,-10.874,-6.693,1.4571,-5.173,-10.613,9.9308,-1.6779,-12.798,-5.4755,-17.101,-0.27594,-10.9,-0.083755,20.824,15.252,-13.662,-4.2636,-3.9713,2.9076,-6.2841,-6.1118,4.6,3.0482,12.743,10.425,6.7126,-13.767,-13.507,0,14.675,-3.1473,7.9224,12.92,0.98476,-9.6468,6.8019,-13.781,19.264,-5.107,21.693,-7.0288,3.4906,-15.99,-16.599,10.336,6.4756,-4.3846,-18.972,10.639,-1.9433,-5.0252,5.6477,4.3951,13.756,-2.4414,-3.0588,4.5732,-11.009,13.312,6.7274,2.4917,6.5381,-11.164,-6.3066,-10.576,15.699,-4.1029,12.805,3.1203,9.3913,-24.187,0.7527,-7.0045,17.477,-2.6377,-22.778,-9.9,3.6513,6.4355,12.029,11.481,-9.7717,-0.56983,14.675,0,-21.617,-5.8786,8.2739,-0.29021,-17.669,-6.6209,-0.84308,16.327,-23.109,6.2821,-8.0564,2.7702,-4.0191,-10.188,0.52411,7.8497,3.0459,-7.6661,9.5221,-12.123,-1.2528,13.733,-2.5036,6.1668,-3.511,-7.4011,-0.18045,-4.5134,5.9513,-0.49008,0.35138,-12.611,-0.32465,0.31532,6.2061,-13.742,-0.7138,-8.9882,5.7982,2.7499,16.401,-2.3996,4.3186,-13.748,-1.5066,15.81,17.978,3.1845,-5.5691,-10.241,-11.406,9.8436,-11.721,-3.1473,-21.617,0,9.8764,-5.9197,2.8244,10.035,21.584,-4.0398,-12.787,15.856,1.0668,8.2542,-5.4907,-6.3074,1.7048,-1.2895,-3.0969,-13.374,-3.7054,-3.3659,17.29,-5.1,-7.6819,3.5961,-1.1486,4.8671,9.1402,6.8375,0.62407,-3.0278,6.6183,-4.3895,-16.91,2.9747,-0.39595,-9.7794,-15.944,-4.9947,-18.292,19.125,-0.58432,8.9462,0.31993,10.299,-20.227,-7.2799,6.4662,21.58,-7.6523,9.1584,-1.9806,4.9726,-9.2203,-9.1348,7.9224,-5.8786,9.8764,0,8.2393,-7.1786,3.2723,12.158,-7.4626,7.5206,14.978,18.937,2.1448,-1.5027,-8.8486,-7.895,12.785,-2.9872,-3.9942,-2.2053,2.9309,4.0991,-6.8919,-12.988,-0.21208,1.7973,-7.2213,8.1415,1.3138,-8.5208,7.5689,-3.9926,8.6017,2.6017,2.1205,10.409,-5.2327,-4.5407,-10.383,-2.2412,13.732,1.2488,-3.7541,-3.2196,-5.0287,-2.852,-18.416,-5.4241,5.2591,-1.4704,35.942,-2.3155,8.1716,-13.043,2.7468,12.92,8.2739,-5.9197,8.2393,0,4.7881,-14.191,2.5245,-1.0973,13.46,1.4277,13.665,4.9359,-3.1761,-9.9457,-7.8123,13.684,10.382,11.684,1.2204,-4.6481,3.5555,4.6726,-4.6424,-1.1029,1.7027,-14.362,-14.067,5.6518,-17.08,8.7168,-3.4774,22.826,12.652,-0.26816,8.5143,8.5019,0.4012,1.301,7.958,2.7989,8.2108,-2.1548,-17.519,-28.66,1.5601,-9.8791,2.7544,-3.0797,19.469,5.0733,-8.3214,-16.713,10.1,1.769,0.98476,-0.29021,2.8244,-7.1786,4.7881,0,-8.5209,5.7939,-1.2254,-6.5999,-2.3923,-7.0475,8.7116,-8.421,-10.09,8.4726,0.20589,4.5748,4.2781,-0.98951,-7.7334,18.343,3.2001,-1.2143,0.66368,5.7912,7.4105,-19.014,5.1137,-10.029,-8.0828,8.8339,-0.42967,-4.0639,6.9294,0.097644,1.7857,-12.494,2.1329,-16.606,-7.2495,-11.559,7.4103,2.6468,13.119,-8.6116,18.584,20.033,4.0854,-11.735,-9.463,3.3977,-5.2144,0.83901,-1.0394,-9.6468,-17.669,10.035,3.2723,-14.191,-8.5209,0,-1.9732,-5.9422,-6.4057,14.735,-4.0598,-6.9033,11.947,12.518,5.7654,2.1668,-11.245,-5.3896,2.0061,-1.2668,-1.6233,2.8169,-4.0908,10.957,-1.0227,6.0588,12.844,-5.2781,13.213,2.1621,4.4293,-3.9555,-13.671,-7.7259,-2.1198,1.3745,-7.4221,-5.044,-2.5713,16.79,13.084,8.4601,-3.4928,-0.64795,-8.228,-10.99,4.341,19.948,9.1665,0.89371,-9.4636,-5.5822,5.7912,-18.737,6.8019,-6.6209,21.584,12.158,2.5245,5.7939,-1.9732,0,-4.3005,-4.7848,6.7588,8.7681,10.4,-10.844,-20.201,-5.9984,-0.46048,3.6252,-13.847,-10.003,0.35659,17.826,-9.2289,-3.911,-0.17886,1.7244,0.74586,4.2409,12.513,-7.1886,-0.49894,6.0334,-2.2512,-1.2307,3.1325,4.9647,15.176,8.6248,2.091,9.526,-11.505,-6.6294,8.1568,12.484,2.4308,4.816,-4.3455,-10.344,-2.7161,-0.13904,-5.7073,-13.984,5.2098,8.1551,12.03,-13.781,-0.84308,-4.0398,-7.4626,-1.0973,-1.2254,-5.9422,-4.3005,0,-9.7507,-3.3571,-7.7886,14.762,-11.53,7.1899,1.7503,-16.109,6.8664,6.2134,14.611,-10.545,-0.24734,4.4134,0.61109,-12.372,-26.58,-10.208,-1.5678,4.6166,5.759,-7.9665,-13.303,3.0862,1.2567,-1.8475,-3.8795,-27.258,0.59436,-4.9392,-3.5119,10.899,2.1902,-13.418,-1.4898,0.63612,0.9914,-2.3719,-6.7309,-1.4961,-6.4906,15.754,15.49,13.68,-28.272,-1.971,19.264,16.327,-12.787,7.5206,13.46,-6.5999,-6.4057,-4.7848,-9.7507,0,-4.556,15.984,-12.389,8.1034,-4.3446,-10.404,15.803,0.18356,4.5407,-5.4327,11.124,-11.697,-2.3366,1.1708,0.84952,10.518,-5.8908,-2.4537,-5.525,-9.148,13.15,-3.0332,7.8372,-7.4442,12.297,10.922,3.7787,-35.686,-3.8204,-27.578,3.2287,-11.499,16.683,0.24853,10.106,-23.811,-0.29109,20.944,17.476,-10.868,3.3342,-7.6328,-3.4601,-1.5942,0.0013358,-5.107,-23.109,15.856,14.978,1.4277,-2.3923,14.735,6.7588,-3.3571,-4.556,0,3.4812,5.3566,1.6142,1.9464,2.5666,9.191,-3.6068,0.54702,6.1549,-10.221,9.5483,4.7896,-16.089,6.7602,-4.3414,-3.9101,4.5862,2.3086,0.41727,3.9319,0.29173,9.2897,-11.276,-7.4734,-2.3093,-13.33,-6.8243,-16.335,-7.9634,19.741,5.5803,-3.1368,4.3493,7.0824,-3.4286,-6.3873,-3.9568,15.174,-5.9746,11.858,5.174,14.14,-18.02,-12.181,21.693,6.2821,1.0668,18.937,13.665,-7.0475,-4.0598,8.7681,-7.7886,15.984,3.4812,0,-2.6714,2.9768,-10.067,-25.327,10.48,7.3879,-4.6653,-10.505,5.4831,-2.1877,-3.1158,0.75994,3.8725,3.072,-11.977,3.2172,7.6323,-6.3873,19.692,0.88635,8.6508,-4.5276,3.9842,9.7547,15.746,-2.0812,-0.02658,3.2885,1.8767,-0.28685,16.48,0.92049,-2.8151,-5.9167,-17.54,-0.70821,8.0231,6.5204,1.3443,-45.249,-3.656,11.702,3.5643,-7.0288,-8.0564,8.2542,2.1448,4.9359,8.7116,-6.9033,10.4,14.762,-12.389,5.3566,-2.6714,0,-25.174,-5.994,2.7886,-6.6269,6.8059,3.0289,9.0698,-14.561,18.228,0.78746,-8.5766,-9.9659,-13.12,-7.038,-4.3934,10.525,-5.1903,-9.286,-6.3518,5.8961,5.1663,-0.57649,-0.46581,-7.2964,-4.6927,-6.4854,-8.8399,-5.0207,-6.1242,-11.548,2.7939,6.3693,4.0688,20.465,4.4984,-3.0962,-13.381,-0.049097,22.657,4.434,-13.565,-0.10167,3.4906,2.7702,-5.4907,-1.5027,-3.1761,-8.421,11.947,-10.844,-11.53,8.1034,1.6142,2.9768,-25.174,0,11.522,-3.4009,8.2419,-1.7973,-0.0085787,-4.963,3.4126,-13.621,8.7121,7.5636,20.401,5.8531,1.7665,2.2273,-4.2866,9.9929,15.93,8.9223,0.20631,4.5903,8.2446,3.9112,6.1399,0.73977,2.0759,-3.0477,-27.406,-21.321,0.86561,11.083,9.8664,3.9042,18.622,1.8658,-7.6036,-14.867,-8.9367,3.9204,3.7819,-1.0416,13.826,-15.99,-4.0191,-6.3074,-8.8486,-9.9457,-10.09,12.518,-20.201,7.1899,-4.3446,1.9464,-10.067,-5.994,11.522,0,5.4917,-4.2265,-3.061,6.0245,11.436,-5.7833,-12.047,12.183,2.956,4.4471,-10.167,-1.8829,3.407,-5.8703,20.91,1.3042,-3.5567,0.52299,10.701,15.929,4.7184,7.3512,-0.24285,20.698,0.66939,-9.3384,-7.3866,6.0241,-12.056,-7.9527,-5.5815,2.4776,11.254,-10.52,4.2171,-4.0548,-5.9571,-19.029,12.588,11.943,-16.599,-10.188,1.7048,-7.895,-7.8123,8.4726,5.7654,-5.9984,1.7503,-10.404,2.5666,-25.327,2.7886,-3.4009,5.4917,0,-0.84541,-14.419,7.6518,12.757,-4.8886,6.1005,1,-10.34,-4.1614,1.9422,13.276,-4.119,-13.005,-1.1404,-19.527,-2.425,-3.8027,3.3617,8.2831,6.4417,-13.128,-14.692,-4.1461,-16.19,11.996,-3.7515,-3.5874,-9.614,-0.68168,-11.271,-3.0964,8.6351,4.3104,-7.9867,21.923,6.4968,1.2958,-17.52,0.39311,10.336,0.52411,-1.2895,12.785,13.684,0.20589,2.1668,-0.46048,-16.109,15.803,9.191,10.48,-6.6269,8.2419,-4.2265,-0.84541,0,-3.9258,7.6908,-0.44617,0.93744,0.69427,2.8349,-9.9303,7.1034,11.839,-2.1568,-5.2483,-5.3128,-11.976,10.415,1.3883,13.282,0.85659,-10.346,7.8826,7.1554,1.8389,-22.386,6.4146,1.357,4.6875,-5.0833,8.308,-2.1492,10.836,-6.7376,-11.681,5.3174,1.9137,4.8875,-3.6109,8.5116,-2.9707,-0.76935,6.4756,7.8497,-3.0969,-2.9872,10.382,4.5748,-11.245,3.6252,6.8664,0.18356,-3.6068,7.3879,6.8059,-1.7973,-3.061,-14.419,-3.9258,0,1.3617,-4.0243,-9.4614,2.2668,10.717,11.354,4.6841,-8.1943,-13.98,-9.2551,26.872,1.5342,9.9582,5.0245,7.4813,14.971,16.929,16.993,2.3563,-0.52656,1.7716,-0.28007,-4.709,-13.062,-1.6685,-3.1938,-5.76,-0.97361,-5.2726,-1.6453,-8.1634,-5.3592,13.112,-3.0148,2.623,-5.5276,28.657,-4.3846,3.0459,-13.374,-3.9942,11.684,4.2781,-5.3896,-13.847,6.2134,4.5407,0.54702,-4.6653,3.0289,-0.0085787,6.0245,7.6518,7.6908,1.3617,0,18.625,-10.949,-1.108,12.946,-7.0708,-3.2434,-3.0662,-7.3875,-17.519,-5.3974,-5.8927,-0.95645,-9.2061,17.456,4.1373,25.698,12.769,9.0829,-1.8291,7.8328,-2.5565,-10.478,-22.489,11.33,2.5105,2.3717,-6.5757,-2.3378,2.4314,-4.0232,-7.504,1.4499,-11.164,0.1827,2.8609,27.314,-18.972,-7.6661,-3.7054,-2.2053,1.2204,-0.98951,2.0061,-10.003,14.611,-5.4327,6.1549,-10.505,9.0698,-4.963,11.436,12.757,-0.44617,-4.0243,18.625,0,-13.354,0.96723,7.7679,-12.877,-8.465,-12.812,-6.3497,-4.0224,-6.3782,0.75141,-8.1895,-16.821,10.282,-4.9475,-9.6009,-31.669,-22.069,8.3387,6.1896,2.8217,6.886,11.214,-8.5854,-2.6591,0.93438,2.8746,4.1456,-4.6259,-4.4506,3.0374,-3.0993,15.51,2.9393,-4.3213,-12.522,10.639,9.5221,-3.3659,2.9309,-4.6481,-7.7334,-1.2668,0.35659,-10.545,11.124,-10.221,5.4831,-14.561,3.4126,-5.7833,-4.8886,0.93744,-9.4614,-10.949,-13.354,0,-10.687,-20.553,4.7523,-3.8114,14.22,8.3798,10.242,-10.003,-2.8547,0.3094,-0.15195,-12.348,-1.0489,2.8192,9.2785,10.678,-9.3439,-0.1727,-1.584,7.2531,4.5216,11.266,-10.532,-8.4697,-10.145,-12.923,9.8592,9.8666,11.154,3.2856,-19.387,-15.811,11.922,-2.8754,-1.9433,-12.123,17.29,4.0991,3.5555,18.343,-1.6233,17.826,-0.24734,-11.697,9.5483,-2.1877,18.228,-13.621,-12.047,6.1005,0.69427,2.2668,-1.108,0.96723,-10.687,0,-0.30151,-10.003,-0.43741,-0.093401,3.054,-5.8392,8.7608,-8.9873,-7.4332,5.1005,1.931,11.502,6.0448,22.632,10.633,-5.7759,-10.789,-3.188,-10.313,-12.557,-2.8338,4.3871,-0.061717,4.2615,4.0018,1.8398,-1.2364,-8.5081,4.4072,-0.90833,2.2389,-4.3542,13.508,-5.0252,-1.2528,-5.1,-6.8919,4.6726,3.2001,2.8169,-9.2289,4.4134,-2.3366,4.7896,-3.1158,0.78746,8.7121,12.183,1,2.8349,10.717,12.946,7.7679,-20.553,-0.30151,0,3.1611,12.416,-7.8705,-7.9114,-11.947,6.5083,7.2854,8.2816,4.3893,12.014,3.5251,-21.717,-7.1746,0.44351,12.786,-8.2255,12.521,-5.965,8.852,-16.905,7.6272,-1.6079,32.005,8.6273,-12.843,-6.2855,3.699,-7.437,10.958,5.6402,-1.0273,-5.1235,5.6477,13.733,-7.6819,-12.988,-4.6424,-1.2143,-4.0908,-3.911,0.61109,1.1708,-16.089,0.75994,-8.5766,7.5636,2.956,-10.34,-9.9303,11.354,-7.0708,-12.877,4.7523,-10.003,3.1611,0,6.9873,0.25614,0.97408,-0.51818,7.3776,10.995,6.821,10.322,-8.9686,4.0807,-3.4153,5.432,0.43576,-11.365,-13.884,-9.4298,-1.2685,-1.5881,-6.9393,-0.039024,2.3699,1.9746,11.494,9.2241,4.4924,-6.0935,0.91053,9.3187,-1.875,-6.6226,-4.3895,4.3951,-2.5036,3.5961,-0.21208,-1.1029,0.66368,10.957,-0.17886,-12.372,0.84952,6.7602,3.8725,-9.9659,20.401,4.4471,-4.1614,7.1034,4.6841,-3.2434,-8.465,-3.8114,-0.43741,12.416,6.9873,0,4.5346,2.0554,-1.3688,6.1107,7.9458,16.096,22.045,1.0083,6.3098,-3.6486,-7.4755,-16.054,-0.37323,3.8053,-0.89999,10.551,11.013,-12.332,-20.329,-10.608,-0.79039,0.89152,4.6243,-4.7181,6.9438,6.1199,13.108,-7.3704,-4.5205,-8.328,13.756,6.1668,-1.1486,1.7973,1.7027,5.7912,-1.0227,1.7244,-26.58,10.518,-4.3414,3.072,-13.12,5.8531,-10.167,1.9422,11.839,-8.1943,-3.0662,-12.812,14.22,-0.093401,-7.8705,0.25614,4.5346,0,14.722,-2.8745,-8.5883,-10.812,1.1557,9.4273,-5.8155,6.0608,-1.7542,-8.8081,-1.1408,3.1377,13.929,3.5257,-2.3436,7.0286,-3.1214,-15.183,-9.3292,0.62635,7.8456,9.1279,-8.8581,11.624,-9.1621,4.7635,-21.749,11.058,-4.9391,-2.4414,-3.511,4.8671,-7.2213,-14.362,7.4105,6.0588,0.74586,-10.208,-5.8908,-3.9101,-11.977,-7.038,1.7665,-1.8829,13.276,-2.1568,-13.98,-7.3875,-6.3497,8.3798,3.054,-7.9114,0.97408,2.0554,14.722,0,2.1213,-9.6453,0.16293,-11.111,9.7931,-20.657,-21.608,-3.2996,-15.187,-4.493,-1.7206,3.294,-6.7351,-0.2965,-0.89214,8.3282,9.6964,20.254,-5.2895,9.328,3.4708,7.0413,-6.4314,-14.018,3.013,3.1716,1.2717,-10.874,-3.0588,-7.4011,9.1402,8.1415,-14.067,-19.014,12.844,4.2409,-1.5678,-2.4537,4.5862,3.2172,-4.3934,2.2273,3.407,-4.119,-5.2483,-9.2551,-17.519,-4.0224,10.242,-5.8392,-11.947,-0.51818,-1.3688,-2.8745,2.1213,0,-3.2666,9.5747,0.35548,-2.8848,-9.7446,-5.263,-11.149,6.4363,10.063,-3.2696,-20.996,2.3751,3.7971,6.418,1.5548,7.3103,0.46204,4.3809,-6.5901,-4.2951,13.438,3.5388,0.99192,-7.9269,3.0387,1.8341,-6.693,4.5732,-0.18045,6.8375,1.3138,5.6518,5.1137,-5.2781,12.513,4.6166,-5.525,2.3086,7.6323,10.525,-4.2866,-5.8703,-13.005,-5.3128,26.872,-5.3974,-6.3782,-10.003,8.7608,6.5083,7.3776,6.1107,-8.5883,-9.6453,-3.2666,0,2.4661,7.6263,8.2776,3.8278,-2.0686,-3.0326,-1.9784,8.3798,1.9466,-2.7027,-0.26359,-20.1,-7.6329,0.84735,16.442,12.197,7.9229,22.223,0.43093,-1.7837,-8.0929,-19.42,3.8369,2.8305,3.1502,1.4571,-11.009,-4.5134,0.62407,-8.5208,-17.08,-10.029,13.213,-7.1886,5.759,-9.148,0.41727,-6.3873,-5.1903,9.9929,20.91,-1.1404,-11.976,1.5342,-5.8927,0.75141,-2.8547,-8.9873,7.2854,10.995,7.9458,-10.812,0.16293,9.5747,2.4661,0,3.0996,3.7074,-7.119,-2.6927,-5.5966,2.7649,-7.8882,-8.0988,-25.221,-9.7205,5.4303,-1.2838,-8.4618,7.6873,8.6,2.1845,3.7591,-1.6492,8.5052,-13.059,8.4081,11.4,14.313,-23.478,-5.173,13.312,5.9513,-3.0278,7.5689,8.7168,-8.0828,2.1621,-0.49894,-7.9665,13.15,3.9319,19.692,-9.286,15.93,1.3042,-19.527,10.415,9.9582,-0.95645,-8.1895,0.3094,-7.4332,8.2816,6.821,16.096,1.1557,-11.111,0.35548,7.6263,3.0996,0,6.5675,9.3598,4.8137,-10.897,0.22301,1.9047,-4.462,-8.7336,-0.4317,1.642,9.3704,-8.6291,-6.0343,-6.0244,5.4145,6.5926,6.6059,2.3006,6.2944,-2.2035,6.3482,-9.1754,1.656,-10.613,6.7274,-0.49008,6.6183,-3.9926,-3.4774,8.8339,4.4293,6.0334,-13.303,-3.0332,0.29173,0.88635,-6.3518,8.9223,-3.5567,-2.425,1.3883,5.0245,-9.2061,-16.821,-0.15195,5.1005,4.3893,10.322,22.045,9.4273,9.7931,-2.8848,8.2776,3.7074,6.5675,0,-7.175,1.6831,10.953,19.355,-0.16127,-10.379,-9.7552,-9.1577,4.6471,-10.774,2.5961,2.2612,2.5148,-7.0632,-9.8821,-0.24902,6.6835,-11.331,21.488,-4.8078,9.3722,-13.089,9.9308,2.4917,0.35138,-4.3895,8.6017,22.826,-0.42967,-3.9555,-2.2512,3.0862,7.8372,9.2897,8.6508,5.8961,0.20631,0.52299,-3.8027,13.282,7.4813,17.456,10.282,-12.348,1.931,12.014,-8.9686,1.0083,-5.8155,-20.657,-9.7446,3.8278,-7.119,9.3598,-7.175,0
