0,8.1813,-13.193,37.404,-29.335,-20.588,-14.966,-11.027,-13.561,7.8287,-12.536,-18.888,-26.293,22.792,19.393,-24.665,-14.478,5.1941,-26.679,-10.532,-17.936,8.5633,4.4224,-18.927,40.94,8.1153,1.2796,-14.148,11.705,-12.164,18.241,0.35675,23.963,2.6299,11.953,-22.819,6.0714,-22.31,18.753,-13.973,17.668,-13.051,23.672,5.5394,-23.415,-8.1077,10.076,-7.8592,8.6036,29.611,-17.116,-26.483,19.847,23.045,13.62,8.1813,0,-7.0446,7.4717,-8.4796,3.1982,-19.181,-11.253,5.7242,-6.6721,-4.9544,-25.022,-2.4735,3.2682,20.546,1.1711,6.9979,5.493,-8.7435,6.3934,-14.682,6.4541,-5.7787,-4.8709,13.22,24.824,19.254,4.7233,12.374,-3.5901,-6.9852,4.9265,-2.3338,26.276,19.991,1.1798,-19.232,2.3571,14.167,5.4696,9.7207,4.2038,5.1506,14.68,-18.267,-14.505,-10.177,6.6059,-4.7788,2.9245,-3.3056,-8.6216,-5.2183,0.038406,-3.5424,-13.193,-7.0446,0,-14.179,5.2889,6.5385,2.6059,36.692,5.6712,-18.188,-1.9922,7.8291,5.5041,-5.8671,-21.246,10.119,5.6135,10.417,2.7313,-6.6661,1.3556,-15.973,8.9761,0.27528,-13.583,-9.428,-2.4914,0.44458,-3.5042,-5.1189,-6.3701,10.87,-14.147,-3.6505,-14.299,2.894,1.0684,16.572,-22.864,1.6893,-6.4449,16.599,-11.598,-6.9985,11.232,-4.3964,-5.0987,-9.145,-3.6142,-20.365,17.193,22.496,-3.9789,-20.914,4.5569,37.404,7.4717,-14.179,0,-19.838,-15.123,-16.508,-13.432,-18.791,10.952,-6.5222,-19.231,-17.801,14.539,20.989,-29.922,-18.483,0.93455,-21.757,-9.0809,-18.352,14.792,-0.14254,-12.331,36.881,4.6479,-2.4494,-9.1346,16.779,-13.572,16.496,-4.6561,21.706,4.7713,8.0048,-17.657,5.876,-21.532,14.536,-9.0373,25.064,-10.269,15.257,0.93574,-16.608,-9.2423,6.6036,-5.0682,14.483,32.092,-26.051,-35.868,18.258,21.384,10.641,-29.335,-8.4796,5.2889,-19.838,0,21.565,14.974,3.3201,7.4256,0.097219,25.02,17.294,36.072,-32.998,-12.082,15.295,8.7828,-15.083,37.108,14.809,19.858,-0.30036,-12.247,36.649,-25.377,-10.058,-5.3164,20.019,-8.1799,14.363,-15.294,-9.264,-16.133,-1.1425,-12.383,27.353,-5.3406,13.703,-14.917,18.579,-11.917,9.1694,-26.019,-9.0235,26.463,10.509,-10.516,14.348,-2.8288,-15.651,7.0618,13.249,-18.109,-13.81,-20.152,-20.588,3.1982,6.5385,-15.123,21.565,0,2.4379,1.6109,12.09,-8.0424,16.943,4.144,35.135,-31.917,-4.6228,19.848,15.382,-7.2231,16.438,17.661,6.3006,1.4933,-15.519,21.889,-13.793,-1.6215,2.6235,35.481,0.25476,7.349,-34.474,-3.7745,-30.156,10.916,-5.492,35.109,-18.063,25.225,-10.632,38.369,-4.8512,21.567,-26.855,-3.6369,12.176,-0.98514,-29.429,17.187,-5.1579,-19.199,7.4625,10.768,-31.021,-22.686,-21.707,-14.966,-19.181,2.6059,-16.508,14.974,2.4379,0,5.9128,6.0402,3.9836,7.0482,36.985,8.2634,-6.54,-16.849,8.762,4.6626,-8.3299,21.163,5.7702,42.523,-9.2821,1.4661,10.455,-20.637,-8.5931,-4.8267,1.1496,-30.16,20.272,-1.6841,-2.9759,-2.9925,-18.595,-7.5985,7.6288,5.3678,2.3342,-7.3258,-0.13254,-26.502,-4.9374,-5.2261,-2.7575,15.238,33.624,6.3976,3.2528,-6.9345,-7.6103,9.8697,12.962,-5.0403,-2.5828,-6.9841,-11.027,-11.253,36.692,-13.432,3.3201,1.6109,5.9128,0,4.4531,-14.151,-4.8402,10.933,1.8703,-1.9207,-26.253,7.7109,3.519,11.531,2.1166,-9.7033,3.4571,-21.721,14.677,-2.3492,-13.442,-10.29,-3.5102,-4.4535,-7.6189,-3.8478,-1.8507,12.348,-8.7729,-9.6891,-13.704,-0.60539,5.6782,10.803,-19.296,-3.4656,-9.2379,9.1928,-6.9493,-5.9171,10.359,-0.58013,0.87079,-13.433,-4.2253,-15.789,18.051,22.318,-0.34268,-13.933,7.7609,-13.561,5.7242,5.6712,-18.791,7.4256,12.09,6.0402,4.4531,0,-16.495,-0.78487,4.5116,9.6136,-6.0163,-5.0612,31.864,51.192,4.5039,10.342,14.01,8.0505,-12.817,0.0080692,4.6894,-11.204,10.298,19.395,7.8693,-11.355,13.664,-20.478,11.612,-18.016,3.3752,6.2898,14.334,-17.47,18.352,-0.53349,7.9935,-16.861,7.6569,-4.6237,13.477,1.0165,3.6811,-8.189,8.012,-35.785,-18.361,22.985,15.547,-22.065,-14.535,-11.701,7.8287,-6.6721,-18.188,10.952,0.097219,-8.0424,3.9836,-14.151,-16.495,0,7.6534,1.7304,-3.2656,1.973,6.4808,-15.547,-16.66,-17.949,0.95239,0.16024,3.7914,15.189,-6.9864,3.6224,5.7881,-5.7033,-12.785,-2.2637,1.1411,2.9602,13.048,-22.265,17.311,-5.7419,-1.0624,-4.4415,10.846,-20.646,5.9189,-3.7399,5.0872,-17.081,4.8372,-6.4746,0.69481,9.4734,9.7287,3.6354,13.978,18.472,-20.2,-15.101,9.6547,20.022,-0.86792,-12.536,-4.9544,-1.9922,-6.5222,25.02,16.943,7.0482,-4.8402,-0.78487,7.6534,0,8.0573,24.039,-27.617,-2.81,5.0542,1.1661,-28.104,19.045,14.049,10.778,10.904,-24.379,37.984,-10.354,-10.047,-9.4818,22.809,0.41208,8.7333,-9.6444,-22.449,-8.0745,3.4346,-10.492,19.173,-4.3263,5.752,-9.0756,20.671,-1.599,6.219,-20.227,-12.853,17.499,6.361,-11.31,18.583,5.6766,-5.0167,-3.7161,1.9397,-11.305,-5.8027,-19.548,-18.888,-25.022,7.8291,-19.231,17.294,4.144,36.985,10.933,4.5116,1.7304,8.0573,0,10.054,-9.0601,-25.392,9.1091,3.4952,-6.8932,20.57,2.8549,30.626,-10.396,2.2761,11.196,-27.02,-14.271,-8.3434,1.8042,-22.871,13.575,-2.3105,-2.648,-5.4405,-18.64,-14.059,7.7927,6.7857,5.019,-14.087,0.90949,-22.577,-0.70473,-9.3971,-7.5048,22.486,21.701,4.2442,0.8124,-4.3229,-10.899,11.187,17.151,-4.7526,-6.1986,-5.0158,-26.293,-2.4735,5.5041,-17.801,36.072,35.135,8.2634,1.8703,9.6136,-3.2656,24.039,10.054,0,-47.012,-7.9511,17.965,11.964,-12.414,25.757,18.009,12.574,1.4228,-15.886,34.22,-19.298,-5.9669,-1.6834,30.657,-3.6268,11.315,-23.279,-7.633,-22.495,4.9311,-9.1279,39.335,-11.306,18.903,-13.079,29.301,-8.1083,14.717,-30.827,-6.8224,18.999,4.7296,-18.458,17.841,-3.6444,-17.674,6.8321,11.852,-25.336,-18.065,-24.13,22.792,3.2682,-5.8671,14.539,-32.998,-31.917,-6.54,-1.9207,-6.0163,1.973,-27.617,-9.0601,-47.012,0,7.6464,-13.802,-8.3078,13.435,-21.678,-14.524,-10.334,-3.447,17.03,-34.261,17.159,8.5586,4.5779,-30.155,1.0838,-8.0056,19.467,9.8103,19.929,-5.32,11.859,-29.717,9.1896,-16.871,15.148,-29.42,5.1513,-15.781,37.705,10.367,-20.863,-3.0217,19.06,-15.855,0.15321,15.399,-4.327,-9.9892,19.976,17.004,20.189,19.393,20.546,-21.246,20.989,-12.082,-4.6228,-16.849,-26.253,-5.0612,6.4808,-2.81,-25.392,-7.9511,7.6464,0,-10.342,-4.1651,-1.597,-11.696,3.1481,-14.121,17.202,-7.7677,-5.6407,26.073,15.774,7.3676,0.20175,14.923,-4.2659,3.3421,-4.1552,9.4495,14.869,18.832,-4.9516,-6.5307,-10.243,23.746,0.10465,16.819,-6.066,11.378,9.0191,-21.029,-8.5145,-1.4987,5.7571,4.2761,17.294,-17.169,-27.24,3.672,12.93,-0.75603,-24.665,1.1711,10.119,-29.922,15.295,19.848,8.762,7.7109,31.864,-15.547,5.0542,9.1091,17.965,-13.802,-10.342,0,34.641,0.76122,16.846,14.637,11.476,-11.426,-2.8272,10.977,-19.667,2.8265,10.107,13.058,-11.016,13.442,-27.642,6.832,-29.012,2.6015,-1.0587,21.971,-15.346,28.297,-7.7882,13.285,-17.986,13.102,-12.903,4.8855,8.5673,4.3838,-12.219,9.4097,-20.737,-30.33,24.222,22.732,-29.619,-23.498,-14.762,-14.478,6.9979,5.6135,-18.483,8.7828,15.382,4.6626,3.519,51.192,-16.66,1.1661,3.4952,11.964,-8.3078,-4.1651,34.641,0,3.2106,10.986,16.099,7.1802,-10.13,-2.4231,6.4943,-11.153,9.9519,18.605,10.859,-8.826,12.875,-25.438,9.6616,-21.234,5.8278,5.6499,17.215,-21.193,21.166,-1.2427,11.107,-14.326,10.031,-6.6916,11.813,1.6891,2.2335,-11.441,10.121,-28.414,-19.483,20.323,14.746,-26.796,-16.55,-13.937,5.1941,5.493,10.417,0.93455,-15.083,-7.2231,-8.3299,11.531,4.5039,-17.949,-28.104,-6.8932,-12.414,13.435,-1.597,0.76122,3.2106,0,-14.558,-12.763,-11.427,-14.74,21.478,-21.95,4.7503,7.2678,9.9009,-12.872,0.95064,-11.032,2.4639,33.684,-0.43015,-0.11218,5.2607,-11.012,0.30863,2.747,1.6558,-10.91,0.69637,3.0191,8.5175,8.9918,-10.401,-11.257,3.2325,-17.627,-7.2482,-2.8095,9.2508,4.2549,5.0828,-3.1277,15.89,-26.679,-8.7435,2.7313,-21.757,37.108,16.438,21.163,2.1166,10.342,0.95239,19.045,20.57,25.757,-21.678,-11.696,16.846,10.986,-14.558,0,17.405,29.133,-2.6263,-9.739,28.076,-25.813,-6.6258,-2.3869,15.504,-13.964,22.814,-13.669,-7.3251,-13.169,-3.8387,-7.9129,24.871,-5.1011,11.114,-9.9923,13.864,-17.885,4.4878,-16.673,-4.2698,20.232,16.678,-6.3547,14.991,-6.8449,-14.033,8.9316,13.521,-18.037,-10.441,-21.533,-10.532,6.3934,-6.6661,-9.0809,14.809,17.661,5.7702,-9.7033,14.01,0.16024,14.049,2.8549,18.009,-14.524,3.1481,14.637,16.099,-12.763,17.405,0,10.5,4.506,-18.92,18.528,-7.2113,6.9952,8.4999,22.016,-4.428,20.599,-19.329,-6.3777,-11.312,8.6239,5.4768,25.788,-19.609,9.0331,2.6074,19.805,-7.4969,3.841,-8.2675,5.8459,3.5453,7.1419,-12.412,38.843,-9.7898,-6.9286,3.1637,2.8098,-25.01,-6.0753,-43.822,-17.936,-14.682,1.3556,-18.352,19.858,6.3006,42.523,3.4571,8.0505,3.7914,10.778,30.626,12.574,-10.334,-14.121,11.476,7.1802,-11.427,29.133,10.5,0,-6.6178,-2.6498,15.227,-22.371,-7.0685,-3.3991,5.5027,-25.122,25.913,-5.3439,-4.9166,-5.6469,-12.638,-6.6461,12.385,1.4349,4.5324,-7.0212,4.0884,-25.509,-2.8071,-7.8527,-2.3471,16.239,31.141,2.4694,7.8678,-7.7302,-9.0639,9.4198,12.667,-9.1424,-4.2868,-12.065,8.5633,6.4541,-15.973,14.792,-0.30036,1.4933,-9.2821,-21.721,-12.817,15.189,10.904,-10.396,1.4228,-3.447,17.202,-11.426,-10.13,-14.74,-2.6263,4.506,-6.6178,0,-19.689,5.6364,11.221,-0.02407,-6.0098,7.6263,17.041,-3.5448,2.2387,-21.786,6.4072,11.491,1.8371,0.88042,-2.1324,-8.284,6.1953,7.1381,18.189,-2.029,-0.78476,-5.7353,-2.8718,-4.6645,-5.2555,10.143,16.43,13.304,-28.751,-21.009,2.2338,8.8531,-5.279,4.4224,-5.7787,8.9761,-0.14254,-12.247,-15.519,1.4661,14.677,0.0080692,-6.9864,-24.379,2.2761,-15.886,17.03,-7.7677,-2.8272,-2.4231,21.478,-9.739,-18.92,-2.6498,-19.689,0,-20.326,1.0733,-0.10877,1.6687,-25.809,-7.0794,-6.325,10.883,19.502,5.8993,-13.688,0.30103,-16.373,11.754,-3.6171,-0.28651,-23.727,-4.6335,-5.3824,11.229,4.4096,-4.8256,-0.29145,15.59,-28.531,-4.6527,0.13476,8.5525,5.3576,11.875,2.3032,22.006,-18.927,-4.8709,0.27528,-12.331,36.649,21.889,10.455,-2.3492,4.6894,3.6224,37.984,11.196,34.22,-34.261,-5.6407,10.977,6.4943,-21.95,28.076,18.528,15.227,5.6364,-20.326,0,-15.704,-7.8604,-5.4087,26.001,-3.7767,13.47,-14.523,-14.899,-12.705,2.5983,-9.2407,27.929,-7.0954,10.08,-10.009,23.262,-6.6935,7.7472,-22.806,-8.8679,19.348,8.6652,-12.471,20.839,0.084207,-9.8896,1.6148,6.6216,-17.324,-9.6291,-25.619,40.94,13.22,-13.583,36.881,-25.377,-13.793,-20.637,-13.442,-11.204,5.7881,-10.354,-27.02,-19.298,17.159,26.073,-19.667,-11.153,4.7503,-25.813,-7.2113,-22.371,11.221,1.0733,-15.704,0,10.679,3.4564,-9.0094,16.206,-12.679,12.098,-0.023717,16.938,7.7303,13.847,-16.422,1.5542,-16.278,19.542,-8.6452,21.881,-8.6532,18.441,6.3562,-25.88,-11.754,4.8847,-4.5286,8.044,24.1,-17.771,-28.716,13.864,17.538,9.8799,8.1153,24.824,-9.428,4.6479,-10.058,-1.6215,-8.5931,-10.29,10.298,-5.7033,-10.047,-14.271,-5.9669,8.5586,15.774,2.8265,9.9519,7.2678,-6.6258,6.9952,-7.0685,-0.02407,-0.10877,-7.8604,10.679,0,32.238,-0.72748,1.9506,2.8449,-4.0755,9.3554,0.7385,11.021,40.492,-0.75893,-14.37,-0.49848,22.289,-0.61158,1.4444,-3.0794,12.085,34.386,-22.995,-4.7008,-1.8754,4.898,-12.77,3.5557,1.0292,-6.0578,-4.0989,3.4962,-2.7961,1.2796,19.254,-2.4914,-2.4494,-5.3164,2.6235,-4.8267,-3.5102,19.395,-12.785,-9.4818,-8.3434,-1.6834,4.5779,7.3676,10.107,18.605,9.9009,-2.3869,8.4999,-3.3991,-6.0098,1.6687,-5.4087,3.4564,32.238,0,1.352,-2.0928,5.1189,-9.5012,14.715,-5.6409,9.3993,22.797,3.2409,-18.124,6.212,12.257,1.6993,-4.0008,1.6774,6.5987,32.902,-13.983,-3.6241,-4.558,4.7267,-21.948,-3.8293,8.6548,1.5647,-9.2717,-3.2447,-4.5472,-14.148,4.7233,0.44458,-9.1346,20.019,35.481,1.1496,-4.4535,7.8693,-2.2637,22.809,1.8042,30.657,-30.155,0.20175,13.058,10.859,-12.872,15.504,22.016,5.5027,7.6263,-25.809,26.001,-9.0094,-0.72748,1.352,0,2.8282,8.0409,-24.565,-9.3782,-18.386,13.379,-3.4214,32.065,-17.888,15.244,-6.304,59.545,-1.4843,14.859,-21.447,-3.9321,9.8313,-0.3119,-27.127,25.411,-1.7712,-10.947,1.4742,4.4246,-24.767,-13.428,-27.764,11.705,12.374,-3.5042,16.779,-8.1799,0.25476,-30.16,-7.6189,-11.355,1.1411,0.41208,-22.871,-3.6268,1.0838,14.923,-11.016,-8.826,0.95064,-13.964,-4.428,-25.122,17.041,-7.0794,-3.7767,16.206,1.9506,-2.0928,2.8282,0,-19.444,1.7626,-4.7466,2.9194,18.06,1.6174,-4.6676,-3.2724,-2.9775,3.1369,3.8694,38.709,5.9536,0.15213,-4.4326,-7.5528,-24.855,-8.4834,-0.26554,14.817,8.3379,-15.909,-14.777,4.8092,2.6144,4.0058,-12.164,-3.5901,-5.1189,-13.572,14.363,7.349,20.272,-3.8478,13.664,2.9602,8.7333,13.575,11.315,-8.0056,-4.2659,13.442,12.875,-11.032,22.814,20.599,25.913,-3.5448,-6.325,13.47,-12.679,2.8449,5.1189,8.0409,-19.444,0,-8.8721,-3.5959,-5.5909,-4.7005,3.0456,14.922,-6.1148,4.1694,1.5403,6.3957,-20.756,-4.2038,-3.5405,6.1833,6.2969,23.504,-0.098471,15.408,-13.615,-6.3592,7.7765,7.2253,-13.784,-2.2046,-19.163,18.241,-6.9852,-6.3701,16.496,-15.294,-34.474,-1.6841,-1.8507,-20.478,13.048,-9.6444,-2.3105,-23.279,19.467,3.3421,-27.642,-25.438,2.4639,-13.669,-19.329,-5.3439,2.2387,10.883,-14.523,12.098,-4.0755,-9.5012,-24.565,1.7626,-8.8721,0,-1.7878,34.093,-11.881,0.16762,-29.562,25.898,-29.571,6.2895,-25.954,7.2164,-19.495,16.935,-2.8033,-6.7777,1.4361,25.734,-15.897,11.891,21.309,-11.799,-12.176,43.89,23.393,20.334,0.35675,4.9265,10.87,-4.6561,-9.264,-3.7745,-2.9759,12.348,11.612,-22.265,-22.449,-2.648,-7.633,9.8103,-4.1552,6.832,9.6616,33.684,-7.3251,-6.3777,-4.9166,-21.786,19.502,-14.899,-0.023717,9.3554,14.715,-9.3782,-4.7466,-3.5959,-1.7878,0,-4.1368,-1.2927,6.6118,-5.406,-2.8791,6.3666,1.4364,-8.0639,-5.7123,3.2658,6.6504,13.156,-8.0072,-5.7013,2.2981,-11.582,-15.351,-7.2033,16.494,9.0563,-0.18449,-6.0253,9.0027,23.963,-2.3338,-14.147,21.706,-16.133,-30.156,-2.9925,-8.7729,-18.016,17.311,-8.0745,-5.4405,-22.495,19.929,9.4495,-29.012,-21.234,-0.43015,-13.169,-11.312,-5.6469,6.4072,5.8993,-12.705,16.938,0.7385,-5.6409,-18.386,2.9194,-5.5909,34.093,-4.1368,0,-7.445,5.4956,-23.013,16.223,-55.205,13.094,-19.964,8.6411,-26.418,21.625,1.0095,-10.988,2.136,22.037,-8.732,10.392,33.98,-16.404,-19.309,27.543,41.251,13.097,2.6299,26.276,-3.6505,4.7713,-1.1425,10.916,-18.595,-9.6891,3.3752,-5.7419,3.4346,-18.64,4.9311,-5.32,14.869,2.6015,5.8278,-0.11218,-3.8387,8.6239,-12.638,11.491,-13.688,2.5983,7.7303,11.021,9.3993,13.379,18.06,-4.7005,-11.881,-1.2927,-7.445,0,7.9575,6.888,-21.575,6.8271,4.9412,14.711,12.26,11.769,-3.9346,4.1817,-7.1893,-17.006,-21.54,10.833,0.39091,-0.68109,-4.9098,-6.473,-9.0701,-5.0411,-7.7666,11.953,19.991,-14.299,8.0048,-12.383,-5.492,-7.5985,-13.704,6.2898,-1.0624,-10.492,-14.059,-9.1279,11.859,18.832,-1.0587,5.6499,5.2607,-7.9129,5.4768,-6.6461,1.8371,0.30103,-9.2407,13.847,40.492,22.797,-3.4214,1.6174,3.0456,0.16762,6.6118,5.4956,7.9575,0,-3.6511,-9.5271,-5.4015,32.671,-3.6409,2.438,-8.0957,17.096,31.475,-27.221,-2.4537,2.082,4.0142,-9.5837,8.228,-2.295,-9.8916,-0.45761,8.6674,-1.2742,-22.819,1.1798,2.894,-17.657,27.353,35.109,7.6288,-0.60539,14.334,-4.4415,19.173,7.7927,39.335,-29.717,-4.9516,21.971,17.215,-11.012,24.871,25.788,12.385,0.88042,-16.373,27.929,-16.422,-0.75893,3.2409,32.065,-4.6676,14.922,-29.562,-5.406,-23.013,6.888,-3.6511,0,-16.559,19.218,-7.783,29.956,-9.4604,12.746,-21.105,-1.4551,12.76,5.1484,-18.92,22.962,-7.8374,-16.982,7.9927,10.822,-36.484,-16.605,-32.626,6.0714,-19.232,1.0684,5.876,-5.3406,-18.063,5.3678,5.6782,-17.47,10.846,-4.3263,6.7857,-11.306,9.1896,-6.5307,-15.346,-21.193,0.30863,-5.1011,-19.609,1.4349,-2.1324,11.754,-7.0954,1.5542,-14.37,-18.124,-17.888,-3.2724,-6.1148,25.898,-2.8791,16.223,-21.575,-9.5271,-16.559,0,-15.092,-3.4621,-18.737,1.0976,-12.208,6.3832,-10.242,3.2336,5.6733,21.942,-17.103,11.761,9.2275,-5.4234,-2.7549,23.55,11.235,16.836,-22.31,2.3571,16.572,-21.532,13.703,25.225,2.3342,10.803,18.352,-20.646,5.752,5.019,18.903,-16.871,-10.243,28.297,21.166,2.747,11.114,9.0331,4.5324,-8.284,-3.6171,10.08,-16.278,-0.49848,6.212,15.244,-2.9775,4.1694,-29.571,6.3666,-55.205,6.8271,-5.4015,19.218,-15.092,0,-13.391,16.79,-8.6429,27.405,-19.409,-0.49023,9.988,-3.158,-20.091,6.3401,-11.055,-36.893,18.429,20.888,-23.822,-48.098,-10.434,18.753,14.167,-22.864,14.536,-14.917,-10.632,-7.3258,-19.296,-0.53349,5.9189,-9.0756,-14.087,-13.079,15.148,23.746,-7.7882,-1.2427,1.6558,-9.9923,2.6074,-7.0212,6.1953,-0.28651,-10.009,19.542,22.289,12.257,-6.304,3.1369,1.5403,6.2895,1.4364,13.094,4.9412,32.671,-7.783,-3.4621,-13.391,0,-6.9346,5.7264,-14.912,22.903,19.228,-27.691,-0.74595,6.5739,2.6496,-3.0748,16.913,-8.8013,-17.614,5.072,17.589,1.0862,-13.973,5.4696,1.6893,-9.0373,18.579,38.369,-0.13254,-3.4656,7.9935,-3.7399,20.671,0.90949,29.301,-29.42,0.10465,13.285,11.107,-10.91,13.864,19.805,4.0884,7.1381,-23.727,23.262,-8.6452,-0.61158,1.6993,59.545,3.8694,6.3957,-25.954,-8.0639,-19.964,14.711,-3.6409,29.956,-18.737,16.79,-6.9346,0,-0.73272,17.28,-22.274,-4.0457,9.4329,-2.0029,-31.451,22.506,-1.7013,-11.784,1.9141,4.8108,-24.654,-14.968,-24.45,17.668,9.7207,-6.4449,25.064,-11.917,-4.8512,-26.502,-9.2379,-16.861,5.0872,-1.599,-22.577,-8.1083,5.1513,16.819,-17.986,-14.326,0.69637,-17.885,-7.4969,-25.509,18.189,-4.6335,-6.6935,21.881,1.4444,-4.0008,-1.4843,38.709,-20.756,7.2164,-5.7123,8.6411,12.26,2.438,-9.4604,1.0976,-8.6429,5.7264,-0.73272,0,0.67898,4.3151,-4.3226,-9.7075,-19.303,-2.8999,-2.8023,18.582,14.381,-21.886,-20.828,10.183,7.9919,7.3429,-13.051,4.2038,16.599,-10.269,9.1694,21.567,-4.9374,9.1928,7.6569,-17.081,6.219,-0.70473,14.717,-15.781,-6.066,13.102,10.031,3.0191,4.4878,3.841,-2.8071,-2.029,-5.3824,7.7472,-8.6532,-3.0794,1.6774,14.859,5.9536,-4.2038,-19.495,3.2658,-26.418,11.769,-8.0957,12.746,-12.208,27.405,-14.912,17.28,0.67898,0,-20.783,-5.695,8.437,-11.399,-26.407,3.6863,-1.9861,-19.579,8.4968,11.484,-14.15,-29.966,-5.8287,23.672,5.1506,-11.598,15.257,-26.019,-26.855,-5.2261,-6.9493,-4.6237,4.8372,-20.227,-9.3971,-30.827,37.705,11.378,-12.903,-6.6916,8.5175,-16.673,-8.2675,-7.8527,-0.78476,11.229,-22.806,18.441,12.085,6.5987,-21.447,0.15213,-3.5405,16.935,6.6504,21.625,-3.9346,17.096,-21.105,6.3832,-19.409,22.903,-22.274,4.3151,-20.783,0,13.857,-24.248,-0.29393,18.278,-9.0787,-1.1725,18.493,-6.0452,-12.933,15.687,21.628,12.623,5.5394,14.68,-6.9985,0.93574,-9.0235,-3.6369,-2.7575,-5.9171,13.477,-6.4746,-12.853,-7.5048,-6.8224,10.367,9.0191,4.8855,11.813,8.9918,-4.2698,5.8459,-2.3471,-5.7353,4.4096,-8.8679,6.3562,34.386,32.902,-3.9321,-4.4326,6.1833,-2.8033,13.156,1.0095,4.1817,31.475,-1.4551,-10.242,-0.49023,19.228,-4.0457,-4.3226,-5.695,13.857,0,-18.538,0.18059,2.3376,2.3748,-19.055,1.6066,5.518,-1.867,-3.5943,3.3176,-1.5837,-23.415,-18.267,11.232,-16.608,26.463,12.176,15.238,10.359,1.0165,0.69481,17.499,22.486,18.999,-20.863,-21.029,8.5673,1.6891,-10.401,20.232,3.5453,16.239,-2.8718,-4.8256,19.348,-25.88,-22.995,-13.983,9.8313,-7.5528,6.2969,-6.7777,-8.0072,-10.988,-7.1893,-27.221,12.76,3.2336,9.988,-27.691,9.4329,-9.7075,8.437,-24.248,-18.538,0,8.8887,-5.0028,3.7589,2.4819,-13.785,6.4245,14.895,-7.6197,-12.306,-7.5462,-8.1077,-14.505,-4.3964,-9.2423,10.509,-0.98514,33.624,-0.58013,3.6811,9.4734,6.361,21.701,4.7296,-3.0217,-8.5145,4.3838,2.2335,-11.257,16.678,7.1419,31.141,-4.6645,-0.29145,8.6652,-11.754,-4.7008,-3.6241,-0.3119,-24.855,23.504,1.4361,-5.7013,2.136,-17.006,-2.4537,5.1484,5.6733,-3.158,-0.74595,-2.0029,-19.303,-11.399,-0.29393,0.18059,8.8887,0,9.6224,5.2072,-5.6554,-1.2946,4.3436,5.5753,-2.5643,3.5813,-7.4217,10.076,-10.177,-5.0987,6.6036,-10.516,-29.429,6.3976,0.87079,-8.189,9.7287,-11.31,4.2442,-18.458,19.06,-1.4987,-12.219,-11.441,3.2325,-6.3547,-12.412,2.4694,-5.2555,15.59,-12.471,4.8847,-1.8754,-4.558,-27.127,-8.4834,-0.098471,25.734,2.2981,22.037,-21.54,2.082,-18.92,21.942,-20.091,6.5739,-31.451,-2.8999,-26.407,18.278,2.3376,-5.0028,9.6224,0,-13.626,1.919,12.496,-2.9188,-4.6005,20.057,18.233,14.21,-7.8592,6.6059,-9.145,-5.0682,14.348,17.187,3.2528,-13.433,8.012,3.6354,18.583,0.8124,17.841,-15.855,5.7571,9.4097,10.121,-17.627,14.991,38.843,7.8678,10.143,-28.531,20.839,-4.5286,4.898,4.7267,25.411,-0.26554,15.408,-15.897,-11.582,-8.732,10.833,4.0142,22.962,-17.103,6.3401,2.6496,22.506,-2.8023,3.6863,-9.0787,2.3748,3.7589,5.2072,-13.626,0,-4.0683,-3.6419,-1.755,-0.97712,-19.452,-3.9072,-39.977,8.6036,-4.7788,-3.6142,14.483,-2.8288,-5.1579,-6.9345,-4.2253,-35.785,13.978,5.6766,-4.3229,-3.6444,0.15321,4.2761,-20.737,-28.414,-7.2482,-6.8449,-9.7898,-7.7302,16.43,-4.6527,0.084207,8.044,-12.77,-21.948,-1.7712,14.817,-13.615,11.891,-15.351,10.392,0.39091,-9.5837,-7.8374,11.761,-11.055,-3.0748,-1.7013,18.582,-1.9861,-1.1725,-19.055,2.4819,-5.6554,1.919,-4.0683,0,12.384,-22.209,-12.875,13.452,8.4033,6.9347,29.611,2.9245,-20.365,32.092,-15.651,-19.199,-7.6103,-15.789,-18.361,18.472,-5.0167,-10.899,-17.674,15.399,17.294,-30.33,-19.483,-2.8095,-14.033,-6.9286,-9.0639,13.304,0.13476,-9.8896,24.1,3.5557,-3.8293,-10.947,8.3379,-6.3592,21.309,-7.2033,33.98,-0.68109,8.228,-16.982,9.2275,-36.893,16.913,-11.784,14.381,-19.579,18.493,1.6066,-13.785,-1.2946,12.496,-3.6419,12.384,0,-25.304,-33.214,19.557,38.716,8.5134,-17.116,-3.3056,17.193,-26.051,7.0618,7.4625,9.8697,18.051,22.985,-20.2,-3.7161,11.187,6.8321,-4.327,-17.169,24.222,20.323,9.2508,8.9316,3.1637,9.4198,-28.751,8.5525,1.6148,-17.771,1.0292,8.6548,1.4742,-15.909,7.7765,-11.799,16.494,-16.404,-4.9098,-2.295,7.9927,-5.4234,18.429,-8.8013,1.9141,-21.886,8.4968,-6.0452,5.518,6.4245,4.3436,-2.9188,-1.755,-22.209,-25.304,0,32.377,-11.778,-17.983,-2.8659,-26.483,-8.6216,22.496,-35.868,13.249,10.768,12.962,22.318,15.547,-15.101,1.9397,17.151,11.852,-9.9892,-27.24,22.732,14.746,4.2549,13.521,2.8098,12.667,-21.009,5.3576,6.6216,-28.716,-6.0578,1.5647,4.4246,-14.777,7.2253,-12.176,9.0563,-19.309,-6.473,-9.8916,10.822,-2.7549,20.888,-17.614,4.8108,-20.828,11.484,-12.933,-1.867,14.895,5.5753,-4.6005,-0.97712,-12.875,-33.214,32.377,0,-12.123,-22.765,-4.1477,19.847,-5.2183,-3.9789,18.258,-18.109,-31.021,-5.0403,-0.34268,-22.065,9.6547,-11.305,-4.7526,-25.336,19.976,3.672,-29.619,-26.796,5.0828,-18.037,-25.01,-9.1424,2.2338,11.875,-17.324,13.864,-4.0989,-9.2717,-24.767,4.8092,-13.784,43.89,-0.18449,27.543,-9.0701,-0.45761,-36.484,23.55,-23.822,5.072,-24.654,10.183,-14.15,15.687,-3.5943,-7.6197,-2.5643,20.057,-19.452,13.452,19.557,-11.778,-12.123,0,19.048,26.101,23.045,0.038406,-20.914,21.384,-13.81,-22.686,-2.5828,-13.933,-14.535,20.022,-5.8027,-6.1986,-18.065,17.004,12.93,-23.498,-16.55,-3.1277,-10.441,-6.0753,-4.2868,8.8531,2.3032,-9.6291,17.538,3.4962,-3.2447,-13.428,2.6144,-2.2046,23.393,-6.0253,41.251,-5.0411,8.6674,-16.605,11.235,-48.098,17.589,-14.968,7.9919,-29.966,21.628,3.3176,-12.306,3.5813,18.233,-3.9072,8.4033,38.716,-17.983,-22.765,19.048,0,7.9414,13.62,-3.5424,4.5569,10.641,-20.152,-21.707,-6.9841,7.7609,-11.701,-0.86792,-19.548,-5.0158,-24.13,20.189,-0.75603,-14.762,-13.937,15.89,-21.533,-43.822,-12.065,-5.279,22.006,-25.619,9.8799,-2.7961,-4.5472,-27.764,4.0058,-19.163,20.334,9.0027,13.097,-7.7666,-1.2742,-32.626,16.836,-10.434,1.0862,-24.45,7.3429,-5.8287,12.623,-1.5837,-7.5462,-7.4217,14.21,-39.977,6.9347,8.5134,-2.8659,-4.1477,26.101,7.9414,0
