0,5.3224,2.4218,23.011,-2.0267,16.429,-1.018,6.7618,4.1944,-3.1482,-35.385,-28.583,-6.9788,8.5895,4.6475,-19.232,-3.5323,9.9987,8.8064,-3.3786,-30.4,10.694,0.58,3.5345,-4.4979,-16.206,7.551,9.0671,-9.277,13.76,-2.8056,-3.5423,-17.356,20.92,16.645,-5.3096,-14.107,-10.515,3.6548,-8.7123,10.833,12.944,10.267,-18.034,-12.909,-2.6165,-10.074,-7.1607,-2.4174,-2.3252,-1.0987,1.317,-16.868,-21.362,-13.803,5.3224,0,0.90012,0.6412,17.527,-3.6632,10.064,-1.923,7.6712,-9.6811,-1.694,-8.2253,-5.0064,-10.249,0.91244,-8.9532,-2.1195,3.5265,3.7666,0.46633,0.15669,14.458,5.1867,8.1533,-1.9894,-2.2876,12.004,6.4915,-19.77,12.973,-17.31,1.3927,-3.8466,3.5132,10.791,-2.4695,-25.982,7.8098,-6.6718,-4.5004,7.7367,-0.77189,5.9009,-5.4935,-24.068,2.7378,-23.356,-9.6483,0.96973,-16.338,-18.223,4.274,-19.395,-1.8291,-9.1827,2.4218,0.90012,0,-8.006,-4.8008,-0.96241,-1.2664,17.845,8.2667,-5.4028,0.6097,1.9968,-0.38859,4.9531,-11.883,0.091883,-15.788,-15.617,-1.1212,1.9182,-1.6068,2.4926,10.361,1.1506,-0.099233,-10.298,5.0812,31.538,-1.5484,13.064,-12.157,4.9264,1.5378,4.9325,-0.34922,2.8844,-2.1561,-18.31,2.8367,-4.4707,-0.84873,16.353,-5.3147,0.47959,1.5367,-34.654,6.5984,15.071,19.9,-13.568,9.4418,-4.7449,-3.4056,8.1981,-9.8139,23.011,0.6412,-8.006,0,-0.79651,17.269,-4.5034,0.013245,-1.9696,4.1438,-29.955,-23.418,-3.7742,8.3568,10.255,-12.606,1.0297,20.507,8.2044,-7.6211,-21.209,3.4739,-8.2294,1.874,-7.2448,-11.013,2.2307,-2.2912,-2.5855,2.7775,5.3367,-9.6371,-21.867,14.076,12.623,-4.536,-7.5885,-3.6064,5.704,-1.1689,13.057,6.4039,12.931,-18.932,-8.5072,5.2286,-9.8315,-10.037,-12.092,6.1818,-2.2938,3.6673,-7.3672,-26.702,-3.2642,-2.0267,17.527,-4.8008,-0.79651,0,-1.2663,-1.9887,-4.9636,-2.3496,4.836,4.8371,-0.41769,-8.277,-6.5046,-5.1584,1.8336,2.5566,2.979,-3.007,-5.9405,4.1084,1.3628,1.6093,14.068,-1.1409,-0.74342,5.6321,-1.0667,-2.3618,5.4246,-7.4324,-7.7156,-5.4062,3.6378,7.0961,1.0745,-9.1792,15.61,3.6079,6.3174,6.5465,-5.4182,-2.4109,-5.8531,-9.6069,4.9406,-11.035,-2.7047,-3.1233,-13.455,-20.498,9.4344,-8.4829,-0.25209,-0.78595,16.429,-3.6632,-0.96241,17.269,-1.2663,0,-13.824,1.5729,-0.56932,8.6969,-15.827,-12.829,-11.543,10.853,-4.5113,-2.5657,2.2869,9.0348,6.097,-1.5722,-20.396,-2.7148,-1.1611,2.3719,4.0766,-10.544,6.4434,3.0441,3.8745,9.2127,2.4388,-5.3093,-15.773,26.352,6.166,2.7231,0.36104,-8.1523,15.171,-0.25557,5.8029,7.8035,-1.8606,-10.166,0.6984,-2.4629,1.354,0.36389,-0.25749,-0.037759,-1.6727,-1.8456,-7.6252,-20.885,-4.4941,-1.018,10.064,-1.2664,-4.5034,-1.9887,-13.824,0,-5.2849,9.5981,-31.15,1.4004,-2.2641,6.3823,-15.264,11.495,-9.3166,1.3145,0.64552,4.9292,11.114,5.3344,15.285,3.2277,-6.2765,1.3555,10.332,2.7118,-0.45186,-22.981,-0.38633,-6.4157,15.317,10.503,-11.749,-0.4075,-5.3428,-8.8762,5.5706,-45.32,-12.092,-3.5339,-6.8395,9.7586,7.6823,-9.9194,7.3829,-10.864,-14.869,0.79889,0.59127,-4.6079,-3.4487,-4.3917,3.0309,-3.5279,6.7618,-1.923,17.845,0.013245,-4.9636,1.5729,-5.2849,0,-4.6164,0.055085,-3.7458,1.2465,-5.0558,19.715,-5.4111,-7.3155,-8.3469,-13.282,-9.9149,-10.196,-9.8596,6.1409,10.399,10.323,-7.4916,-14.768,-5.941,16.972,1.1632,6.8193,0.14227,-6.649,-2.2505,7.6983,10.142,-9.4956,-4.3516,-16.903,7.6277,-7.0743,-1.388,14.21,-2.511,-10.085,-2.5773,-17.532,4.4088,10.059,2.5753,-6.7457,15.459,8.0597,-3.6348,0.84386,-14.908,4.1944,7.6712,8.2667,-1.9696,-2.3496,-0.56932,9.5981,-4.6164,0,-13.779,-4.2651,-9.1924,7.4523,-12.948,0.13626,-0.3082,-11.685,3.7775,22.427,15.759,2.5286,2.322,-1.9287,-13.217,3.6961,-1.8559,24.508,9.7836,-11.953,11.001,-22.295,17.818,-0.9914,0.74724,-6.5149,12.879,-5.239,-5.3284,-9.0287,-1.6261,7.0714,7.6123,6.045,6.4012,-2.2248,-6.0418,-4.6834,-1.4357,16.82,-6.053,-5.0834,-21.438,-5.382,2.9872,-0.32579,-3.1482,-9.6811,-5.4028,4.1438,4.836,8.6969,-31.15,0.055085,-13.779,0,1.4797,4.3559,-3.5185,10.2,-6.5326,11.384,1.8418,2.1566,-6.093,-13.344,-0.90776,-18.366,-7.526,5.7484,-3.1572,-5.19,-5.9149,-6.8006,26.429,-5.7864,10.152,-18.97,-8.893,5.6345,-0.96894,4.616,10.114,1.2628,25.537,17.73,3.7054,1.0044,-7.3831,-6.3151,9.6969,-0.70081,8.0931,10.053,-6.2792,3.1901,1.8806,5.9337,8.1695,-1.7825,9.1136,-35.385,-1.694,0.6097,-29.955,4.8371,-15.827,1.4004,-3.7458,-4.2651,1.4797,0,31.387,1.7218,-7.9105,-9.0112,15.764,4.4938,-14.817,-12.207,3.704,24.122,-6.373,5.4385,1.0191,6.9057,14.949,-6.0764,-4.5607,6.5701,-7.6382,-0.024872,3.9693,19.344,-15.417,-11.362,3.1486,9.9978,10.439,-3.0618,4.826,-13.531,-13.046,-14.772,16.06,9.2126,0.73817,9.1106,7.6999,4.6684,-3.1374,-0.57737,0.87788,9.7355,20.163,6.97,-28.583,-8.2253,1.9968,-23.418,-0.41769,-12.829,-2.2641,1.2465,-9.1924,4.3559,31.387,0,1.687,-0.63818,-8.6874,14.547,4.3114,-19.432,-17.978,0.23913,16.081,-7.871,5.5756,1.5653,4.6614,11.466,-12.935,-4.4023,11.776,-10.827,5.6375,0.85203,18.897,-13.958,-10.385,0.1691,14.595,4.9641,0.33796,3.9845,-17.115,-9.6417,-16.355,12.869,13.378,-1.693,15.67,11.548,2.6909,0.52075,6.6386,2.8241,14.161,18.184,6.1958,-6.9788,-5.0064,-0.38859,-3.7742,-8.277,-11.543,6.3823,-5.0558,7.4523,-3.5185,1.7218,1.687,0,-7.4828,11.054,5.092,-11.374,2.8065,8.1735,2.3656,11.793,-6.9263,-16.375,-19.287,-8.7801,2.3069,-0.978,-4.7474,1.0615,-11.688,-0.6452,5.0699,2.7086,-15.453,-14.19,7.6443,4.694,-1.4349,-8.9482,8.4989,5.0741,2.8067,11.005,7.7062,5.9907,-0.42136,1.0185,1.4387,0.99787,10.38,6.4666,-9.9107,15.836,12.319,15.789,8.5895,-10.249,4.9531,8.3568,-6.5046,10.853,-15.264,19.715,-12.948,10.2,-7.9105,-0.63818,-7.4828,0,-3.0815,-4.7842,-1.0742,-4.2793,-9.2584,-14.617,-16.388,-0.5948,3.1072,9.2121,-6.2303,-13.545,-10.325,4.8971,9.4429,0.87434,11.153,-14.453,-7.3744,11.581,9.6478,-8.8003,1.982,-13.758,16.887,-2.3088,-0.62857,10.113,-3.0548,-13.909,2.1018,-8.3058,7.3535,7.8168,-5.0588,2.1792,15.145,9.5507,0.21621,-7.2493,-7.4597,4.6475,0.91244,-11.883,10.255,-5.1584,-4.5113,11.495,-5.4111,0.13626,-6.5326,-9.0112,-8.6874,11.054,-3.0815,0,-11.655,0.83245,13.315,6.5567,-2.3138,-1.8822,6.3679,-11.728,-6.8398,-11.073,2.3414,-4.5361,-10.155,-8.0911,-9.9972,6.4066,-0.67043,-2.3224,-7.3174,2.9835,-7.6491,-5.8808,3.5595,-12.217,-2.603,5.5875,-2.5326,27.412,-3.3999,-7.9484,13.24,-12.13,-17.791,-15.181,15.576,0.46585,1.7453,2.1856,-5.1272,3.6386,-19.232,-8.9532,0.091883,-12.606,1.8336,-2.5657,-9.3166,-7.3155,-0.3082,11.384,15.764,14.547,5.092,-4.7842,-11.655,0,-0.92629,-4.7835,-1.5716,3.6577,16.43,-27.946,-5.1258,-6.0378,6.5801,6.059,0.28408,-5.1813,18.008,-6.626,0.18586,1.6298,5.1333,-6.3139,-21.759,18.859,20.452,3.5048,6.1698,18.531,-3.2174,-3.6051,-13.56,13.062,23.002,-3.3139,15.478,15.093,7.7731,0.58214,0.38345,-7.9242,15.651,13.446,18.205,-3.5323,-2.1195,-15.788,1.0297,2.5566,2.2869,1.3145,-8.3469,-11.685,1.8418,4.4938,4.3114,-11.374,-1.0742,0.83245,-0.92629,0,1.7303,-7.5305,3.3095,-1.2124,2.5545,5.6168,4.5418,12.242,16.034,-7.4381,-13.972,0.90194,-6.0126,12.244,0.10892,7.4641,-2.2857,2.3312,-8.3676,4.4091,13.286,-2.1247,-6.1243,-13.75,-23.97,-6.8306,3.6218,0.21216,18.495,0.5159,-10.172,-9.5133,5.8789,-6.5973,6.4403,-1.4932,-8.5847,-0.8677,9.9987,3.5265,-15.617,20.507,2.979,9.0348,0.64552,-13.282,3.7775,2.1566,-14.817,-19.432,2.8065,-4.2793,13.315,-4.7835,1.7303,0,16.805,-0.67021,-5.7858,-0.84512,-16.91,-5.3898,-3.9531,-2.3091,7.409,-9.1213,-4.0638,-1.0034,1.2576,-3.0937,-14.888,4.7335,2.8271,3.387,-5.1211,4.8143,-0.85059,4.788,15.577,-0.059259,15.517,-6.8739,-6.1531,12.306,-13.212,-14.539,-9.7208,7.8751,-10.661,-2.7683,-3.3751,-14.355,5.9516,8.8064,3.7666,-1.1212,8.2044,-3.007,6.097,4.9292,-9.9149,22.427,-6.093,-12.207,-17.978,8.1735,-9.2584,6.5567,-1.5716,-7.5305,16.805,0,10.039,-2.1295,-1.1141,-11.481,-15.963,0.70048,-3.2943,20.067,1.5233,-7.8825,5.6889,-9.7931,9.1006,-8.5329,3.5224,-4.8072,12.73,-3.7785,-3.5937,-5.1583,2.3066,13.579,6.8882,12.292,1.3163,-2.013,0.56248,-7.2454,-6.3238,5.4994,2.1149,-6.5848,-18.582,-3.489,-4.9762,4.3788,-3.3786,0.46633,1.9182,-7.6211,-5.9405,-1.5722,11.114,-10.196,15.759,-13.344,3.704,0.23913,2.3656,-14.617,-2.3138,3.6577,3.3095,-0.67021,10.039,0,5.5219,0.96988,3.9073,-14.716,20.43,12.645,10.516,1.0609,-7.2009,3.5129,-7.7161,38.622,11.534,-5.0429,-12.365,8.5256,4.3723,0.46451,-12.683,-6.4635,-7.9066,-5.3611,-3.405,20.833,4.6854,1.2878,2.964,-3.4199,14.198,-0.27851,-4.7299,-20.943,-1.3109,2.3767,1.0696,-30.4,0.15669,-1.6068,-21.209,4.1084,-20.396,5.3344,-9.8596,2.5286,-0.90776,24.122,16.081,11.793,-16.388,-1.8822,16.43,-1.2124,-5.7858,-2.1295,5.5219,0,-8.5739,-3.5715,-6.6666,2.1762,13.658,-1.2515,-6.8228,3.5563,-9.9407,-3.5131,6.4599,13.29,-22.241,-17.628,8.9932,7.8535,11.313,-7.7876,10.066,-4.3749,-9.7752,-4.2364,17.93,8.0147,2.4532,3.9446,4.4189,4.5733,0.10302,-2.6639,-4.7895,12.952,24.895,15.101,10.694,14.458,2.4926,3.4739,1.3628,-2.7148,15.285,6.1409,2.322,-18.366,-6.373,-7.871,-6.9263,-0.5948,6.3679,-27.946,2.5545,-0.84512,-1.1141,0.96988,-8.5739,0,12.43,7.5094,-1.42,-0.87586,1.2685,7.3252,-25.724,8.9581,-4.8295,3.3982,1.5773,2.6398,17.187,-17.778,-21.597,0.12035,-10.911,-25.016,-1.7429,-0.67211,7.3838,-6.1415,-24.266,2.9088,-14.697,-13.945,-2.7252,-6.1315,-3.5001,7.1981,-18.849,-6.9661,-22.611,0.58,5.1867,10.361,-8.2294,1.6093,-1.1611,3.2277,10.399,-1.9287,-7.526,5.4385,5.5756,-16.375,3.1072,-11.728,-5.1258,5.6168,-16.91,-11.481,3.9073,-3.5715,12.43,0,11.686,10.063,2.1679,-0.92222,11.578,-5.8878,10.83,-4.1198,4.7701,9.5608,3.723,7.2455,-9.3467,-4.1611,-2.0094,-1.1477,-17.529,-14.44,-2.5692,-12.489,1.4962,-4.3744,-5.3861,2.5604,1.8692,7.1218,-13.559,0.31158,5.3564,-11.282,0.14216,-21.044,3.5345,8.1533,1.1506,1.874,14.068,2.3719,-6.2765,10.323,-13.217,5.7484,1.0191,1.5653,-19.287,9.2121,-6.8398,-6.0378,4.5418,-5.3898,-15.963,-14.716,-6.6666,7.5094,11.686,0,-3.4606,-6.2661,-4.813,4.4533,0.020012,6.4343,1.0341,-15.146,-4.3394,9.2227,20.363,-12.532,-9.1977,3.6528,9.3676,-3.3506,-0.60993,-0.91603,-5.82,-14.422,-10.308,-0.71791,-4.586,0.74822,-6.4051,-11.851,-3.5063,26.053,-10.668,-4.6828,-13.013,-4.4979,-1.9894,-0.099233,-7.2448,-1.1409,4.0766,1.3555,-7.4916,3.6961,-3.1572,6.9057,4.6614,-8.7801,-6.2303,-11.073,6.5801,12.242,-3.9531,0.70048,20.43,2.1762,-1.42,10.063,-3.4606,0,12.883,5.5455,-0.47286,-0.096295,4.292,-1.9945,14.431,10.751,0.40569,-7.4345,5.3056,8.1536,2.8913,-2.2253,-5.8243,-14.335,-9.6094,-15.491,14.624,7.1834,1.9981,7.7914,-0.074635,10.369,-2.8157,-5.9602,-9.1267,-2.8307,-1.4685,-1.5131,-16.206,-2.2876,-10.298,-11.013,-0.74342,-10.544,10.332,-14.768,-1.8559,-5.19,14.949,11.466,2.3069,-13.545,2.3414,6.059,16.034,-2.3091,-3.2943,12.645,13.658,-0.87586,2.1679,-6.2661,12.883,0,-4.9549,-14.382,-0.81261,-11.416,4.8868,11.2,22,-18.461,-10.609,-0.46605,8.6469,15.368,-13.559,-2.4859,-16.5,-29.712,-5.216,20.854,5.399,14.501,2.9977,-6.6881,-1.2812,6.8634,-4.7794,-3.0132,6.584,5.2786,7.1481,7.551,12.004,5.0812,2.2307,5.6321,6.4434,2.7118,-5.941,24.508,-5.9149,-6.0764,-12.935,-0.978,-10.325,-4.5361,0.28408,-7.4381,7.409,20.067,10.516,-1.2515,1.2685,-0.92222,-4.813,5.5455,-4.9549,0,9.5443,-9.5176,18.409,-24.045,9.0585,-7.4596,8.8586,-1.3364,14.077,-7.6361,-2.0661,-1.4155,0.89209,10.937,6.8811,2.5744,0.68818,-4.7731,-4.4231,-7.2944,-1.8148,13.419,-11.528,-13.166,-13.444,-11.749,-2.7909,-2.1556,9.0671,6.4915,31.538,-2.2912,-1.0667,3.0441,-0.45186,16.972,9.7836,-6.8006,-4.5607,-4.4023,-4.7474,4.8971,-10.155,-5.1813,-13.972,-9.1213,1.5233,1.0609,-6.8228,7.3252,11.578,4.4533,-0.47286,-14.382,9.5443,0,-6.4465,23.313,-15.891,3.4222,-3.2955,11.15,5.7225,0.89615,-8.8298,-16.457,3.1811,-7.2771,2.9336,18.132,-2.2908,-4.6195,-4.8751,-24.132,0.26412,8.3678,16.007,-18.58,3.8566,-2.7032,-11.436,1.6997,-16.254,-9.277,-19.77,-1.5484,-2.5855,-2.3618,3.8745,-22.981,1.1632,-11.953,26.429,6.5701,11.776,1.0615,9.4429,-8.0911,18.008,0.90194,-4.0638,-7.8825,-7.2009,3.5563,-25.724,-5.8878,0.020012,-0.096295,-0.81261,-9.5176,-6.4465,0,-10.146,12.033,-9.6828,-0.73432,-0.47949,-8.5829,6.3851,21.914,-1.8964,17.306,15.598,-2.8014,0.32065,-11.498,1.5593,21.868,-3.8763,19.706,16.754,-1.4407,6.2918,8.8892,1.0163,17.424,4.5632,12.27,13.76,12.973,13.064,2.7775,5.4246,9.2127,-0.38633,6.8193,11.001,-5.7864,-7.6382,-10.827,-11.688,0.87434,-9.9972,-6.626,-6.0126,-1.0034,5.6889,3.5129,-9.9407,8.9581,10.83,6.4343,4.292,-11.416,18.409,23.313,-10.146,0,-18.599,3.3738,-7.4357,18.75,9.1573,2.1305,-12.94,-7.712,3.5408,-7.4765,5.5212,10.828,-1.9775,-6.5212,-9.5447,-10.736,-5.5999,1.094,12.142,-22.247,-6.5293,-2.5727,-24.087,-5.9781,-17.332,-2.8056,-17.31,-12.157,5.3367,-7.4324,2.4388,-6.4157,0.14227,-22.295,10.152,-0.024872,5.6375,-0.6452,11.153,6.4066,0.18586,12.244,1.2576,-9.7931,-7.7161,-3.5131,-4.8295,-4.1198,1.0341,-1.9945,4.8868,-24.045,-15.891,12.033,-18.599,0,-9.2949,2.0817,-3.7594,0.43825,-9.3535,10.952,1.9435,4.3624,0.81315,-7.6403,-7.2999,-1.263,-1.7743,7.028,8.9533,7.2141,-1.5997,-17.133,20.426,9.1347,8.3352,10.971,-5.272,5.1522,-3.5423,1.3927,4.9264,-9.6371,-7.7156,-5.3093,15.317,-6.649,17.818,-18.97,3.9693,0.85203,5.0699,-14.453,-0.67043,1.6298,0.10892,-3.0937,9.1006,38.622,6.4599,3.3982,4.7701,-15.146,14.431,11.2,9.0585,3.4222,-9.6828,3.3738,-9.2949,0,13.578,-7.3475,-11.627,6.4028,2.3626,-1.3285,-16.839,-8.319,-7.8561,-3.3992,-1.2384,20.594,3.109,-0.78002,2.1902,-2.9058,15.299,-0.8727,-1.9493,-19.6,-0.93928,5.2601,-0.35283,-17.356,-3.8466,1.5378,-21.867,-5.4062,-15.773,10.503,-2.2505,-0.9914,-8.893,19.344,18.897,2.7086,-7.3744,-2.3224,5.1333,7.4641,-14.888,-8.5329,11.534,13.29,1.5773,9.5608,-4.3394,10.751,22,-7.4596,-3.2955,-0.73432,-7.4357,2.0817,13.578,0,-18.798,-10.206,-2.7055,8.4634,4.9929,-12.714,-6.759,-26.387,-13.735,-8.9647,22.59,6.8929,2.4501,8.5392,1.0073,5.0807,1.987,3.7204,-2.713,6.9732,12.569,1.2588,20.92,3.5132,4.9325,14.076,3.6378,26.352,-11.749,7.6983,0.74724,5.6345,-15.417,-13.958,-15.453,11.581,-7.3174,-6.3139,-2.2857,4.7335,3.5224,-5.0429,-22.241,2.6398,3.723,9.2227,0.40569,-18.461,8.8586,11.15,-0.47949,18.75,-3.7594,-7.3475,-18.798,0,13.227,0.08799,-7.2249,-9.3906,15.622,-2.3944,8.617,12.535,-1.4418,-16.697,-5.7111,-7.266,-2.7535,1.7637,1.8505,-8.849,-2.8723,2.3127,-15.361,-16.358,-11.836,16.645,10.791,-0.34922,12.623,7.0961,6.166,-0.4075,10.142,-6.5149,-0.96894,-11.362,-10.385,-14.19,9.6478,2.9835,-21.759,2.3312,2.8271,-4.8072,-12.365,-17.628,17.187,7.2455,20.363,-7.4345,-10.609,-1.3364,5.7225,-8.5829,9.1573,0.43825,-11.627,-10.206,13.227,0,-17.963,-20.036,-0.66938,3.7932,-9.8335,4.9208,3.5434,5.3954,-24.835,-22.415,1.6098,-13.488,-8.0538,-9.8343,-6.5774,-3.3251,18.485,-18.63,-14.37,-19.499,-5.3096,-2.4695,2.8844,-4.536,1.0745,2.7231,-5.3428,-9.4956,12.879,4.616,3.1486,0.1691,7.6443,-8.8003,-7.6491,18.859,-8.3676,3.387,12.73,8.5256,8.9932,-17.778,-9.3467,-12.532,5.3056,-0.46605,14.077,0.89615,6.3851,2.1305,-9.3535,6.4028,-2.7055,0.08799,-17.963,0,8.5702,-1.4858,3.5786,15.626,6.6001,4.3737,-3.6545,8.9376,11.973,-5.9659,5.9768,9.1723,13.806,-2.1792,-3.9797,-19.954,6.1209,7.0147,13.759,-14.107,-25.982,-2.1561,-7.5885,-9.1792,0.36104,-8.8762,-4.3516,-5.239,10.114,9.9978,14.595,4.694,1.982,-5.8808,20.452,4.4091,-5.1211,-3.7785,4.3723,7.8535,-21.597,-4.1611,-9.1977,8.1536,8.6469,-7.6361,-8.8298,21.914,-12.94,10.952,2.3626,8.4634,-7.2249,-20.036,8.5702,0,-1.0698,4.9908,8.5403,-10.434,-4.8362,-12.299,13.64,42.421,-0.96852,27.355,11.296,3.072,10.756,8.8039,-7.3354,22.027,6.8627,14.749,-10.515,7.8098,-18.31,-3.6064,15.61,-8.1523,5.5706,-16.903,-5.3284,1.2628,10.439,4.9641,-1.4349,-13.758,3.5595,3.5048,13.286,4.8143,-3.5937,0.46451,11.313,0.12035,-2.0094,3.6528,2.8913,15.368,-2.0661,-16.457,-1.8964,-7.712,1.9435,-1.3285,4.9929,-9.3906,-0.66938,-1.4858,-1.0698,0,-6.3994,4.2775,-2.2844,-24.988,-0.59698,4.2112,-4.0396,21.687,-8.0123,-10.431,-9.27,0.91488,-17.093,6.4156,0.57707,1.3643,6.9409,3.6548,-6.6718,2.8367,5.704,3.6079,15.171,-45.32,7.6277,-9.0287,25.537,-3.0618,0.33796,-8.9482,16.887,-12.217,6.1698,-2.1247,-0.85059,-5.1583,-12.683,-7.7876,-10.911,-1.1477,9.3676,-2.2253,-13.559,-1.4155,3.1811,17.306,3.5408,4.3624,-16.839,-12.714,15.622,3.7932,3.5786,4.9908,-6.3994,0,9.5528,4.7895,8.6287,-8.9649,-10.948,6.1383,-8.6325,8.041,13.708,-0.62457,-3.4519,3.5881,5.2216,0.82874,-4.5146,0.094819,-8.7123,-4.5004,-4.4707,-1.1689,6.3174,-0.25557,-12.092,-7.0743,-1.6261,17.73,4.826,3.9845,8.4989,-2.3088,-2.603,18.531,-6.1243,4.788,2.3066,-6.4635,10.066,-25.016,-17.529,-3.3506,-5.8243,-2.4859,0.89209,-7.2771,15.598,-7.4765,0.81315,-8.319,-6.759,-2.3944,-9.8335,15.626,8.5403,4.2775,9.5528,0,9.8772,1.5785,-1.1328,0.46427,9.8952,-0.78341,3.9271,9.2527,-1.103,2.5338,-1.6985,-2.3783,13.003,7.3154,22.397,10.833,7.7367,-0.84873,13.057,6.5465,5.8029,-3.5339,-1.388,7.0714,3.7054,-13.531,-17.115,5.0741,-0.62857,5.5875,-3.2174,-13.75,15.577,13.579,-7.9066,-4.3749,-1.7429,-14.44,-0.60993,-14.335,-16.5,10.937,2.9336,-2.8014,5.5212,-7.6403,-7.8561,-26.387,8.617,4.9208,6.6001,-10.434,-2.2844,4.7895,9.8772,0,12.993,14.787,-13.566,-7.8672,-2.077,-12.456,-1.9132,-2.5358,-2.5253,-5.632,-1.0959,-4.3144,-4.5345,2.9153,12.944,-0.77189,16.353,6.4039,-5.4182,7.8035,-6.8395,14.21,7.6123,1.0044,-13.046,-9.6417,2.8067,10.113,-2.5326,-3.6051,-23.97,-0.059259,6.8882,-5.3611,-9.7752,-0.67211,-2.5692,-0.91603,-9.6094,-29.712,6.8811,18.132,0.32065,10.828,-7.2999,-3.3992,-13.735,12.535,3.5434,4.3737,-4.8362,-24.988,8.6287,1.5785,12.993,0,5.0975,-10.271,-0.9896,-21.564,0.89343,9.5247,7.4143,-5.1996,8.8717,-4.1973,-3.1503,-1.0308,-5.1132,10.267,5.9009,-5.3147,12.931,-2.4109,-1.8606,9.7586,-2.511,6.045,-7.3831,-14.772,-16.355,11.005,-3.0548,27.412,-13.56,-6.8306,15.517,12.292,-3.405,-4.2364,7.3838,-12.489,-5.82,-15.491,-5.216,2.5744,-2.2908,-11.498,-1.9775,-1.263,-1.2384,-8.9647,-1.4418,5.3954,-3.6545,-12.299,-0.59698,-8.9649,-1.1328,14.787,5.0975,0,-7.877,-12.27,5.8741,-17.5,-13.755,-8.9206,7.0564,-1.27,-0.27394,-2.4461,-5.3508,0.96381,-18.034,-5.4935,0.47959,-18.932,-5.8531,-10.166,7.6823,-10.085,6.4012,-6.3151,16.06,12.869,7.7062,-13.909,-3.3999,13.062,3.6218,-6.8739,1.3163,20.833,17.93,-6.1415,1.4962,-14.422,14.624,20.854,0.68818,-4.6195,1.5593,-6.5212,-1.7743,20.594,22.59,-16.697,-24.835,8.9376,13.64,4.2112,-10.948,0.46427,-13.566,-10.271,-7.877,0,13.33,1.5846,10.167,2.7351,10.664,3.3569,0.37016,-14.297,10.131,13.265,9.182,-12.909,-24.068,1.5367,-8.5072,-9.6069,0.6984,-9.9194,-2.5773,-2.2248,9.6969,9.2126,13.378,5.9907,2.1018,-7.9484,23.002,0.21216,-6.1531,-2.013,4.6854,8.0147,-24.266,-4.3744,-10.308,7.1834,5.399,-4.7731,-4.8751,21.868,-9.5447,7.028,3.109,6.8929,-5.7111,-22.415,11.973,42.421,-4.0396,6.1383,9.8952,-7.8672,-0.9896,-12.27,13.33,0,-5.0361,30.824,15.608,6.6702,7.8532,9.9703,-9.9457,21.183,8.8453,14.269,-2.6165,2.7378,-34.654,5.2286,4.9406,-2.4629,7.3829,-17.532,-6.0418,-0.70081,0.73817,-1.693,-0.42136,-8.3058,13.24,-3.3139,18.495,12.306,0.56248,1.2878,2.4532,2.9088,-5.3861,-0.71791,1.9981,14.501,-4.4231,-24.132,-3.8763,-10.736,8.9533,-0.78002,2.4501,-7.266,1.6098,-5.9659,-0.96852,21.687,-8.6325,-0.78341,-2.077,-21.564,5.8741,1.5846,-5.0361,0,-9.4674,-21.846,-17.197,10.657,-11.343,4.9669,0.31249,-7.2916,5.6065,-10.074,-23.356,6.5984,-9.8315,-11.035,1.354,-10.864,4.4088,-4.6834,8.0931,9.1106,15.67,1.0185,7.3535,-12.13,15.478,0.5159,-13.212,-7.2454,2.964,3.9446,-14.697,2.5604,-4.586,7.7914,2.9977,-7.2944,0.26412,19.706,-5.5999,7.2141,2.1902,8.5392,-2.7535,-13.488,5.9768,27.355,-8.0123,8.041,3.9271,-12.456,0.89343,-17.5,10.167,30.824,-9.4674,0,19.913,8.1398,3.9972,14.784,-5.7518,14.515,8.0431,5.5725,-7.1607,-9.6483,15.071,-10.037,-2.7047,0.36389,-14.869,10.059,-1.4357,10.053,7.6999,11.548,1.4387,7.8168,-17.791,15.093,-10.172,-14.539,-6.3238,-3.4199,4.4189,-13.945,1.8692,0.74822,-0.074635,-6.6881,-1.8148,8.3678,16.754,1.094,-1.5997,-2.9058,1.0073,1.7637,-8.0538,9.1723,11.296,-10.431,13.708,9.2527,-1.9132,9.5247,-13.755,2.7351,15.608,-21.846,19.913,0,11.813,-5.4408,11.692,-3.0251,9.0842,12.498,3.332,-2.4174,0.96973,19.9,-12.092,-3.1233,-0.25749,0.79889,2.5753,16.82,-6.2792,4.6684,2.6909,0.99787,-5.0588,-15.181,7.7731,-9.5133,-9.7208,5.4994,14.198,4.5733,-2.7252,7.1218,-6.4051,10.369,-1.2812,13.419,16.007,-1.4407,12.142,-17.133,15.299,5.0807,1.8505,-9.8343,13.806,3.072,-9.27,-0.62457,-1.103,-2.5358,7.4143,-8.9206,10.664,6.6702,-17.197,8.1398,11.813,0,-11.976,1.1867,-16.759,-1.8013,9.2701,-2.3748,-2.3252,-16.338,-13.568,6.1818,-13.455,-0.037759,0.59127,-6.7457,-6.053,3.1901,-3.1374,0.52075,10.38,2.1792,15.576,0.58214,5.8789,7.8751,2.1149,-0.27851,0.10302,-6.1315,-13.559,-11.851,-2.8157,6.8634,-11.528,-18.58,6.2918,-22.247,20.426,-0.8727,1.987,-8.849,-6.5774,-2.1792,10.756,0.91488,-3.4519,2.5338,-2.5253,-5.1996,7.0564,3.3569,7.8532,10.657,3.9972,-5.4408,-11.976,0,7.731,-2.2199,14.855,-3.1701,12.135,-1.0987,-18.223,9.4418,-2.2938,-20.498,-1.6727,-4.6079,15.459,-5.0834,1.8806,-0.57737,6.6386,6.4666,15.145,0.46585,0.38345,-6.5973,-10.661,-6.5848,-4.7299,-2.6639,-3.5001,0.31158,-3.5063,-5.9602,-4.7794,-13.166,3.8566,8.8892,-6.5293,9.1347,-1.9493,3.7204,-2.8723,-3.3251,-3.9797,8.8039,-17.093,3.5881,-1.6985,-5.632,8.8717,-1.27,0.37016,9.9703,-11.343,14.784,11.692,1.1867,7.731,0,-0.18763,11.563,5.4792,-0.17701,1.317,4.274,-4.7449,3.6673,9.4344,-1.8456,-3.4487,8.0597,-21.438,5.9337,0.87788,2.8241,-9.9107,9.5507,1.7453,-7.9242,6.4403,-2.7683,-18.582,-20.943,-4.7895,7.1981,5.3564,26.053,-9.1267,-3.0132,-13.444,-2.7032,1.0163,-2.5727,8.3352,-19.6,-2.713,2.3127,18.485,-19.954,-7.3354,6.4156,5.2216,-2.3783,-1.0959,-4.1973,-0.27394,-14.297,-9.9457,4.9669,-5.7518,-3.0251,-16.759,-2.2199,-0.18763,0,-4.0618,-4.1109,-7.3336,-16.868,-19.395,-3.4056,-7.3672,-8.4829,-7.6252,-4.3917,-3.6348,-5.382,8.1695,9.7355,14.161,15.836,0.21621,2.1856,15.651,-1.4932,-3.3751,-3.489,-1.3109,12.952,-18.849,-11.282,-10.668,-2.8307,6.584,-11.749,-11.436,17.424,-24.087,10.971,-0.93928,6.9732,-15.361,-18.63,6.1209,22.027,0.57707,0.82874,13.003,-4.3144,-3.1503,-2.4461,10.131,21.183,0.31249,14.515,9.0842,-1.8013,14.855,11.563,-4.0618,0,12.839,22.365,-21.362,-1.8291,8.1981,-26.702,-0.25209,-20.885,3.0309,0.84386,2.9872,-1.7825,20.163,18.184,12.319,-7.2493,-5.1272,13.446,-8.5847,-14.355,-4.9762,2.3767,24.895,-6.9661,0.14216,-4.6828,-1.4685,5.2786,-2.7909,1.6997,4.5632,-5.9781,-5.272,5.2601,12.569,-16.358,-14.37,7.0147,6.8627,1.3643,-4.5146,7.3154,-4.5345,-1.0308,-5.3508,13.265,8.8453,-7.2916,8.0431,12.498,9.2701,-3.1701,5.4792,-4.1109,12.839,0,8.3428,-13.803,-9.1827,-9.8139,-3.2642,-0.78595,-4.4941,-3.5279,-14.908,-0.32579,9.1136,6.97,6.1958,15.789,-7.4597,3.6386,18.205,-0.8677,5.9516,4.3788,1.0696,15.101,-22.611,-21.044,-13.013,-1.5131,7.1481,-2.1556,-16.254,12.27,-17.332,5.1522,-0.35283,1.2588,-11.836,-19.499,13.759,14.749,6.9409,0.094819,22.397,2.9153,-5.1132,0.96381,9.182,14.269,5.6065,5.5725,3.332,-2.3748,12.135,-0.17701,-7.3336,22.365,8.3428,0
