0,-5.8421,2.0931,-4.5245,4.6526,11.275,-7.7535,1.3916,-7.4174,18.311,-0.058111,-1.0288,1.6425,8.6824,-25.746,-0.42062,3.8311,-4.9271,-4.2381,-4.2295,-11.338,-6.8226,2.5293,16.262,2.0251,2.3518,7.0219,-10.498,-6.6135,-6.4715,22.154,10.65,-5.664,-10.901,-4.3971,-12.621,9.5105,-2.9442,8.572,8.6173,-0.75767,3.8928,-8.9096,3.4087,-13.337,-9.2512,1.4074,1.1206,-11.741,18.84,-29.918,-0.17978,8.8133,20.535,10.008,-5.8421,0,-13.197,-0.32502,-13.582,6.0186,-4.3953,-1.3334,2.395,-12.838,-9.3618,10.541,-9.7275,-8.689,14.79,-3.229,-1.6719,2.6394,29.112,-20.481,3.0737,13.793,-6.8302,-10.436,-7.923,2.3864,9.5081,-2.2073,15.358,-0.41273,-4.72,-14.29,11.898,15.07,6.3337,4.0343,6.3934,-0.46238,2.8265,-8.194,4.0982,-4.2502,-6.1265,0.94683,17.929,-4.7593,24.822,-10.177,-3.4551,5.0401,-0.37672,8.0935,-8.6904,-13.652,0.8062,2.0931,-13.197,0,-7.1432,8.9242,3.8251,5.3557,2.3285,7.7637,0.81274,-2.3253,-12.807,8.22,4.2284,-8.6027,21.835,0.14595,-15.041,-20.947,18.129,5.071,-22.294,16.987,0.2303,-3.2159,-12.315,0.50489,5.2832,-13.756,6.3571,-2.3983,12.687,-11.425,-2.3375,4.3581,-2.7708,-8.9753,12.221,-10.323,-5.8086,-9.6917,1.0996,4.014,-3.2298,-7.3091,12.103,-7.3279,2.9449,8.0495,-9.5269,4.0891,0.44381,6.5097,2.6062,1.7686,-4.5245,-0.32502,-7.1432,0,-17.763,-13.396,-16.143,-15.135,-20.341,-5.0768,-0.36449,14.213,-19.502,-6.4729,0.40144,-14.686,6.6275,18.681,5.2704,-1.6354,-6.3659,4.259,-6.3611,5.4778,20.686,25.306,-14.992,-12.401,13.516,-12.435,0.70219,-8.566,22.5,6.1974,-27.469,-8.0905,10.243,1.9015,15.751,13.342,17.531,7.8882,-9.8169,15.249,-2.4764,-0.77604,1.8467,14.587,-6.5135,2.5251,5.3047,1.979,11.603,-2.019,-0.98278,4.6526,-13.582,8.9242,-17.763,0,0.9986,20.277,13.403,12.189,14.079,9.9797,-24.253,33.676,10.35,-5.6752,8.4557,-2.5842,-10.301,-17.316,10.375,3.8897,-8.601,3.6646,0.022889,-7.7009,-18.064,2.7931,12.483,-20.818,9.518,1.0173,12.281,-41.8,-15.869,10.239,8.4882,-16.568,-5.816,-13.821,-4.0559,-12.495,-6.0623,16.315,-12.508,-5.1097,3.2236,-17.432,-4.9083,10.358,-5.3998,-2.9842,-12.563,-7.4025,10.35,-3.6176,11.275,6.0186,3.8251,-13.396,0.9986,0,-1.473,9.6609,2.5095,-0.75116,-13.756,2.3389,3.6419,-1.5641,-3.5346,11.713,-6.2965,-8.9258,3.9093,-5.2617,1.6055,0.7547,11.468,4.5529,-6.1869,-4.1506,11.242,1.5319,-3.0428,-1.6907,9.9611,4.1203,-4.2132,-3.5878,9.7384,-7.8135,7.5676,7.6053,0.29971,-2.9434,-8.0635,5.5421,-7.1,-0.63396,-3.5273,-10.207,10.267,-3.5682,-8.1786,6.1304,-12.61,10.46,-0.54512,-1.3624,18.844,-7.7535,-4.3953,5.3557,-16.143,20.277,-1.473,0,12.928,21.782,1.5194,7.9686,-15.732,24.056,4.4719,7.4798,9.0099,-9.5577,-8.2467,-8.4628,10.773,10.025,-0.74503,3.739,-9.3812,-11.362,-21.498,1.1858,28.936,-12.869,17.132,-9.2604,5.2131,-19.727,-6.7101,18.981,17.687,-24.507,-3.8445,-27.464,-10.797,-15.82,-8.111,30.67,-19.897,4.3378,6.2915,-13.522,-8.4668,15.599,-16.641,7.4967,-6.869,-15.997,-2.683,-7.4703,1.3916,-1.3334,2.3285,-15.135,13.403,9.6609,12.928,0,8.1851,0.48244,-5.7221,-7.012,22.461,-6.5001,2.9397,12.172,-4.6874,-0.61433,-0.80473,1.6222,15.16,3.4192,4.7515,1.5048,-4.8707,-9.3606,-0.14136,17.013,-3.8018,-1.3185,6.1729,-1.4236,-12.336,-12.067,13.144,4.8987,-5.3579,3.6648,-5.3871,-3.6655,-5.9227,3.2558,4.4118,-2.2024,-5.2621,-8.6877,-3.5602,-0.075451,5.2953,-3.833,-4.8727,-6.0133,-14.693,-1.6541,8.5763,-7.4174,2.395,7.7637,-20.341,12.189,2.5095,21.782,8.1851,0,-2.3348,2.087,-17.514,13.497,3.3928,7.657,13.753,-3.8041,-15.58,-5.0424,4.2544,12.605,-5.0206,2.1415,-20.155,-27.801,-36.693,11,15.729,-8.0289,21.13,-14.635,2.6164,-14.04,3.1979,29.502,20.012,-23.165,-1.0898,-28.065,-29.862,-12.512,-15.978,16.503,-17.127,11.753,11.763,-2.6212,-17.166,19.513,-11.253,6.4546,-4.2475,-15.774,-4.5549,-8.9436,18.311,-12.838,0.81274,-5.0768,14.079,-0.75116,1.5194,0.48244,-2.3348,0,15.069,-9.1351,7.3547,19.171,-18.809,-4.9947,3.3963,-5.0801,-11.433,1.3838,-12.2,-8.2153,-2.9891,9.0337,0.15369,-2.144,4.1851,-4.9023,-13.214,1.4255,9.6593,14.239,-12.846,-14.903,-3.3798,-1.2668,-1.5346,-14.751,0.99561,7.0236,-3.0601,-4.1448,3.5239,-4.4924,-8.593,-1.921,-10.051,-2.553,-2.6213,9.3494,-13.977,-9.6609,3.4563,35.704,-2.688,-0.058111,-9.3618,-2.3253,-0.36449,9.9797,-13.756,7.9686,-5.7221,2.087,15.069,0,-7.8546,4.3183,20.385,-2.9682,-10.197,-1.9659,-3.047,-9.9238,6.2331,-10.577,-3.0243,-6.0051,-1.5687,-0.79587,-3.1639,-0.45473,0.79133,-11.347,11.276,-5.1349,10.116,-8.3782,-6.1662,-1.8753,7.8641,-9.3878,-22.199,-6.8452,2.7158,-5.1182,-10.358,16.14,-13.112,2.282,7.0606,-16.422,-5.8982,3.464,-2.2733,2.5877,-8.24,-0.41754,10.679,-17.564,-1.0288,10.541,-12.807,14.213,-24.253,2.3389,-15.732,-7.012,-17.514,-9.1351,-7.8546,0,-18.353,-8.5808,4.896,-10.48,-4.8909,12.878,18.111,-8.7461,-7.23,16.797,9.8614e-05,7.1754,12.824,24,-5.9646,-7.9704,13.51,-11.7,5.4959,-7.8126,22.662,4.1097,-9.9792,-12.925,25.107,3.7362,15.158,11.653,6.8965,13.498,-13.759,9.5756,-0.13658,-12.661,11.495,7.4946,-20.884,5.9557,-0.76133,16.114,6.8555,-8.932,9.7869,1.6425,-9.7275,8.22,-19.502,33.676,3.6419,24.056,22.461,13.497,7.3547,4.3183,-18.353,0,3.7808,-1.1597,12.282,-5.24,-7.5425,-11.86,9.9001,9.4813,-4.1772,5.8925,-0.43156,-7.3973,-17.959,0.80288,19.744,-15.306,7.2795,1.2977,7.5694,-29.929,-15.696,13.885,8.6719,-15.254,-1.4163,-14.201,-5.1439,-12.774,-2.5985,14.887,-10.557,-5.0442,0.28575,-14.122,-3.1517,10.71,-8.2301,-1.5138,-10.078,-11.277,4.1803,0.18847,8.6824,-8.689,4.2284,-6.4729,10.35,-1.5641,4.4719,-6.5001,3.3928,19.171,20.385,-8.5808,3.7808,0,-10.752,-3.1132,-3.3935,-14.823,-12.973,5.4463,-15.706,-9.6421,1.522,0.83822,-4.9948,-6.653,8.2897,-2.507,-20.101,13.898,-1.4033,24.013,-12.262,-6.0777,1.1977,1.0929,-5.2519,-13.993,-7.6006,0.489,-11.705,-9.2881,9.871,-15.535,0.11956,6.9414,-9.2296,-9.3807,-1.1457,1.9969,-3.4766,-0.98833,5.0609,14.768,-8.7316,-25.746,14.79,-8.6027,0.40144,-5.6752,-3.5346,7.4798,2.9397,7.657,-18.809,-2.9682,4.896,-1.1597,-10.752,0,-0.66566,-7.7335,5.4897,12.808,-3.0041,11.012,16.173,-3.682,-15.359,-5.0039,-1.7541,-2.0779,11.361,9.1673,4.9808,-14.214,-13.904,6.1535,9.2435,8.9984,12.645,-4.6014,0.70486,-6.5038,-9.0784,-0.40782,-3.407,6.3564,-4.44,17.07,0.99067,4.2063,-5.3602,6.0161,-10.893,14.198,3.0311,-15.592,-26.106,-4.9445,-0.42062,-3.229,21.835,-14.686,8.4557,11.713,9.0099,12.172,13.753,-4.9947,-10.197,-10.48,12.282,-3.1132,-0.66566,0,-3.0391,-13.084,-8.1718,9.1387,14.992,-9.506,16.411,-3.3942,-8.9081,-16.765,3.8239,12.169,-7.9167,5.2454,-1.9209,4.7999,-11.178,-1.3395,14.316,0.97165,-8.3687,15.901,-11.886,-12.05,-10.711,1.3339,3.1593,-3.498,-3.1035,5.0634,-1.016,-0.71989,9.0707,-9.6943,2.3193,1.6882,-2.9845,-4.3428,6.427,3.8311,-1.6719,0.14595,6.6275,-2.5842,-6.2965,-9.5577,-4.6874,-3.8041,3.3963,-1.9659,-4.8909,-5.24,-3.3935,-7.7335,-3.0391,0,4.7716,-0.83222,-6.7448,1.9222,-9.6734,-13.604,-0.81354,0.73725,3.0683,1.3513,-13.664,8.9496,-9.0063,2.0068,-7.7619,4.8704,6.8639,-9.0593,0.92651,0.1445,-0.65081,9.9778,-0.74616,20.66,-5.2479,-9.5406,14.233,-1.4111,4.0051,4.1378,2.7262,5.5111,9.8068,-4.9809,-13.623,2.6451,9.2238,-4.434,-4.9271,2.6394,-15.041,18.681,-10.301,-8.9258,-8.2467,-0.61433,-15.58,-5.0801,-3.047,12.878,-7.5425,-14.823,5.4897,-13.084,4.7716,0,11.184,-6.0001,1.1289,13.838,-9.9977,6.1239,16.976,20.528,-16.734,-4.0825,18.237,-18.997,5.3753,-17.613,15.482,0.10258,-14.027,-2.851,9.0492,0.20144,16.465,12.802,19.202,9.5232,-8.16,16.273,-3.3676,-10.528,1.7389,13.623,-4.7369,3.2037,0.91493,-3.4979,-0.40232,-3.8143,2.9709,-4.2381,29.112,-20.947,5.2704,-17.316,3.9093,-8.4628,-0.80473,-5.0424,-11.433,-9.9238,18.111,-11.86,-12.973,12.808,-8.1718,-0.83222,11.184,0,-22.704,1.2007,21.778,-8.5574,-3.0967,0.22172,10.297,2.3808,-4.3541,22.38,-7.9302,1.0229,-19.127,17.625,9.5194,-0.17138,-0.19661,12.604,-0.38653,10.054,0.0090726,9.2555,1.9685,-10.432,6.7569,9.6166,-11.787,20.953,-2.6234,-8.2242,7.7321,-2.4715,6.9781,-6.1195,-11.783,4.5241,-4.2295,-20.481,18.129,-1.6354,10.375,-5.2617,10.773,1.6222,4.2544,1.3838,6.2331,-8.7461,9.9001,5.4463,-3.0041,9.1387,-6.7448,-6.0001,-22.704,0,2.2487,-9.4568,14.659,2.164,3.8408,-6.997,-10.252,11.242,-16.14,7.8208,-4.6163,12.908,-10.762,-7.9972,0.76721,-0.44293,-11.377,5.8906,-12.395,1.0483,-11.572,3.8655,12.761,-6.9639,-8.0156,10.344,-22.321,7.0526,7.249,-19.95,11.762,-0.76314,5.0517,0.48448,-2.1934,-11.338,3.0737,5.071,-6.3659,3.8897,1.6055,10.025,15.16,12.605,-12.2,-10.577,-7.23,9.4813,-15.706,11.012,14.992,1.9222,1.1289,1.2007,2.2487,0,0.50117,1.2244,-9.8529,-7.055,-10.044,-1.8917,14.715,4.4679,0.31811,-6.0799,-10.756,-2.9236,3.4544,11.69,10.552,-10.56,10.604,-7.2859,-13.324,0.75878,-1.2691,3.3955,1.6323,3.1632,2.8158,0.79701,0.20644,16.994,-11.036,7.061,-6.2192,-14.827,-11.154,0.89892,-6.8226,13.793,-22.294,4.259,-8.601,0.7547,-0.74503,3.4192,-5.0206,-8.2153,-3.0243,16.797,-4.1772,-9.6421,16.173,-9.506,-9.6734,13.838,21.778,-9.4568,0.50117,0,-4.5655,0.28744,4.2658,9.6584,-4.6543,3.5436,11.052,-5.073,1.5153,-11.911,9.7386,0.052831,0.57365,1.073,8.3799,-2.9923,5.1181,4.7717,2.712,5.5977,-1.6794,1.1549,5.4433,-14.954,5.985,0.25304,-8.2601,0.85717,0.88927,5.9549,-8.3024,-12.299,4.2673,2.5293,-6.8302,16.987,-6.3611,3.6646,11.468,3.739,4.7515,2.1415,-2.9891,-6.0051,9.8614e-05,5.8925,1.522,-3.682,16.411,-13.604,-9.9977,-8.5574,14.659,1.2244,-4.5655,0,6.3818,1.8551,-4.8225,-2.4099,8.3397,-12.346,3.4963,2.6725,13.109,-6.9707,-6.9157,4.8631,-10.136,0.5256,15.02,-7.106,0.797,-16.572,11.613,1.7557,-4.3136,-9.2604,0.26572,-4.1512,5.5092,-3.4586,-9.2172,2.6154,12.979,7.2827,-3.9607,12.143,16.262,-10.436,0.2303,5.4778,0.022889,4.5529,-9.3812,1.5048,-20.155,9.0337,-1.5687,7.1754,-0.43156,0.83822,-15.359,-3.3942,-0.81354,6.1239,-3.0967,2.164,-9.8529,0.28744,6.3818,0,19.439,12.821,-8.9145,-6.4407,-2.8609,-15.287,28.308,6.3206,0.43133,-16.455,-13.616,-23.051,14.702,2.8387,13.834,28.051,2.0156,20.762,-9.7981,9.523,-29.171,-14.757,-3.7852,17.033,-16.959,8.4111,-12.084,2.6533,13.736,9.9334,16.449,2.0251,-7.923,-3.2159,20.686,-7.7009,-6.1869,-11.362,-4.8707,-27.801,0.15369,-0.79587,12.824,-7.3973,-4.9948,-5.0039,-8.9081,0.73725,16.976,0.22172,3.8408,-7.055,4.2658,1.8551,19.439,0,23.652,-23.656,-6.4968,4.6766,-16.854,10.501,-1.5372,9.873,-6.2376,-25.092,-16.102,12.592,4.4122,15.469,29.963,8.7198,21.135,-8.6624,14.037,-15.414,-8.0406,-4.3043,29.365,-11.459,1.8352,0.16626,2.5842,14.077,1.7189,7.8634,2.3518,2.3864,-12.315,25.306,-18.064,-4.1506,-21.498,-9.3606,-36.693,-2.144,-3.1639,24,-17.959,-6.653,-1.7541,-16.765,3.0683,20.528,10.297,-6.997,-10.044,9.6584,-4.8225,12.821,23.652,0,-11.177,-14.344,13.528,-19.756,9.5339,-7.4681,21.399,0.94066,-24.765,-14.513,23.003,0.78871,27.062,21.62,15.143,13.592,-16.04,17.034,-5.9164,-11.334,5.4964,14.233,-17.554,9.5432,-3.1374,5.4189,11.196,-0.27936,6.7418,7.0219,9.5081,0.50489,-14.992,2.7931,11.242,1.1858,-0.14136,11,4.1851,-0.45473,-5.9646,0.80288,8.2897,-2.0779,3.8239,1.3513,-16.734,2.3808,-10.252,-1.8917,-4.6543,-2.4099,-8.9145,-23.656,-11.177,0,-3.2249,-3.3474,9.403,-2.4511,3.9432,-5.5184,5.77,12.602,5.1641,-1.8725,-6.0344,-5.1526,-14.047,-5.6407,-15.076,0.10461,-8.476,10.568,2.611,10.302,-25.134,0.88345,8.4113,-8.8332,1.7008,-5.0499,3.593,-2.8881,-10.498,-2.2073,5.2832,-12.401,12.483,1.5319,28.936,17.013,15.729,-4.9023,0.79133,-7.9704,19.744,-2.507,11.361,12.169,-13.664,-4.0825,-4.3541,11.242,14.715,3.5436,8.3397,-6.4407,-6.4968,-14.344,-3.2249,0,-8.1014,10.18,-6.8762,1.6567,-12.526,-6.4978,17.612,11.035,-14.873,3.141,-19.68,-8.2389,-14.41,-0.54147,18.165,-12.444,1.9473,2.0485,-9.8521,-2.7576,11.223,-21.26,9.4803,-1.8331,-14.593,-9.3441,-0.6949,-6.6135,15.358,-13.756,13.516,-20.818,-3.0428,-12.869,-3.8018,-8.0289,-13.214,-11.347,13.51,-15.306,-20.101,9.1673,-7.9167,8.9496,18.237,22.38,-16.14,4.4679,11.052,-12.346,-2.8609,4.6766,13.528,-3.3474,-8.1014,0,-14.085,-0.12385,-33.395,26.192,13.761,-6.9728,-0.57749,9.9101,3.4604,14.869,1.0441,23.548,2.6257,-14.519,17.265,5.9524,-5.7493,16.405,4.0671,-2.7226,6.3195,0.83968,0.78142,-2.3468,-9.2864,1.897,-6.4715,-0.41273,6.3571,-12.435,9.518,-1.6907,17.132,-1.3185,21.13,1.4255,11.276,-11.7,7.2795,13.898,4.9808,5.2454,-9.0063,-18.997,-7.9302,7.8208,0.31811,-5.073,3.4963,-15.287,-16.854,-19.756,9.403,10.18,-14.085,0,-17.905,10.461,-12.162,2.3561,15.524,13.506,-17.819,-6.4951,-30.231,-14.993,-18.722,-16.118,22.903,-33.446,12.44,15.69,-6.4726,-18.004,10.235,-11.454,9.1763,0.82748,-6.2047,-2.0093,-14.203,22.154,-4.72,-2.3983,0.70219,1.0173,9.9611,-9.2604,6.1729,-14.635,9.6593,-5.1349,5.4959,1.2977,-1.4033,-14.214,-1.9209,2.0068,5.3753,1.0229,-4.6163,-6.0799,1.5153,2.6725,28.308,10.501,9.5339,-2.4511,-6.8762,-0.12385,-17.905,0,2.5987,-0.51637,-14.692,-8.0003,-16.586,15.517,1.5234,15.719,16.863,3.7838,14.561,-13.098,10.724,-20.82,-21.827,1.4246,10.108,-15.381,15.044,-23.13,0.19229,6.7079,10.789,19.718,10.65,-14.29,12.687,-8.566,12.281,4.1203,5.2131,-1.4236,2.6164,14.239,10.116,-7.8126,7.5694,24.013,-13.904,4.7999,-7.7619,-17.613,-19.127,12.908,-10.756,-11.911,13.109,6.3206,-1.5372,-7.4681,3.9432,1.6567,-33.395,10.461,2.5987,0,-16.017,-11.486,2.1297,-5.1042,-3.647,-2.916,-8.6067,2.4954,-18.662,-0.33035,7.8995,-12.569,-7.4983,4.5435,-11.536,-2.3624,-2.7903,-1.9494,-3.0963,3.2921,8.8605,11.332,0.12514,-5.664,11.898,-11.425,22.5,-41.8,-4.2132,-19.727,-12.336,-14.04,-12.846,-8.3782,22.662,-29.929,-12.262,6.1535,-11.178,4.8704,15.482,17.625,-10.762,-2.9236,9.7386,-6.9707,0.43133,9.873,21.399,-5.5184,-12.526,26.192,-12.162,-0.51637,-16.017,0,14.317,-12.888,-6.7879,15.236,4.2322,16.378,5.6549,17.463,5.9911,-15.798,15.35,4.3085,-3.9053,14.414,6.7295,-8.6559,5.5722,3.1705,7.8324,5.9398,-9.0996,2.2666,-10.901,15.07,-2.3375,6.1974,-15.869,-3.5878,-6.7101,-12.067,3.1979,-14.903,-6.1662,4.1097,-15.696,-6.0777,9.2435,-1.3395,6.8639,0.10258,9.5194,-7.9972,3.4544,0.052831,-6.9157,-16.455,-6.2376,0.94066,5.77,-6.4978,13.761,2.3561,-14.692,-11.486,14.317,0,0.40692,4.5994,0.16087,3.3392,0.64657,-11.618,7.996,-8.3094,-4.9787,3.3167,18.219,9.9767,15.123,-6.0557,4.3545,-0.22019,8.6669,4.4576,-0.57456,-10.749,-7.6339,-4.3971,6.3337,4.3581,-27.469,10.239,9.7384,18.981,13.144,29.502,-3.3798,-1.8753,-9.9792,13.885,1.1977,8.9984,14.316,-9.0593,-14.027,-0.17138,0.76721,11.69,0.57365,4.8631,-13.616,-25.092,-24.765,12.602,17.612,-6.9728,15.524,-8.0003,2.1297,-12.888,0.40692,0,13.516,-12.426,0.11336,-20.472,-21.556,-15.547,-9.4792,11.865,-16.379,9.9325,3.2196,0.9812,-17.035,9.8674,-7.8826,2.0447,0.49463,-17.949,-6.9018,-1.7675,-12.621,4.0343,-2.7708,-8.0905,8.4882,-7.8135,17.687,4.8987,20.012,-1.2668,7.8641,-12.925,8.6719,1.0929,12.645,0.97165,0.92651,-2.851,-0.19661,-0.44293,10.552,1.073,-10.136,-23.051,-16.102,-14.513,5.1641,11.035,-0.57749,13.506,-16.586,-5.1042,-6.7879,4.5994,13.516,0,-22.013,-9.4363,-14.564,-17.117,-2.2976,-21.511,17.075,-11.583,16.457,9.4483,-3.9253,-14.953,21.622,-8.1651,7.9184,-12.41,-23.556,-3.5355,-18.844,9.5105,6.3934,-8.9753,10.243,-16.568,7.5676,-24.507,-5.3579,-23.165,-1.5346,-9.3878,25.107,-15.254,-5.2519,-4.6014,-8.3687,0.1445,9.0492,12.604,-11.377,-10.56,8.3799,0.5256,14.702,12.592,23.003,-1.8725,-14.873,9.9101,-17.819,15.517,-3.647,15.236,0.16087,-12.426,-22.013,0,3.5525,24.396,15.074,8.1714,14.789,-24.448,13.934,-6.3921,-17.351,12.928,8.3425,-31.32,15.795,-10.795,12.235,11.248,0.010814,15.922,-2.9442,-0.46238,12.221,1.9015,-5.816,7.6053,-3.8445,3.6648,-1.0898,-14.751,-22.199,3.7362,-1.4163,-13.993,0.70486,15.901,-0.65081,0.20144,-0.38653,5.8906,10.604,-2.9923,15.02,2.8387,4.4122,0.78871,-6.0344,3.141,3.4604,-6.4951,1.5234,-2.916,4.2322,3.3392,0.11336,-9.4363,3.5525,0,1.2455,-1.3765,0.33819,13.716,-8.2212,9.3758,-6.7423,0.20066,4.5757,11.951,0.18777,-6.6581,4.845,8.5437,5.6892,-10.334,13.703,8.572,2.8265,-10.323,15.751,-13.821,0.29971,-27.464,-5.3871,-28.065,0.99561,-6.8452,15.158,-14.201,-7.6006,-6.5038,-11.886,9.9778,16.465,10.054,-12.395,-7.2859,5.1181,-7.106,13.834,15.469,27.062,-5.1526,-19.68,14.869,-30.231,15.719,-8.6067,16.378,0.64657,-20.472,-14.564,24.396,1.2455,0,16.407,20.739,10.821,-26.74,25.563,-7.9594,-13.79,9.3836,11.802,-15.223,18.705,-11.043,1.2094,9.3808,4.3989,9.4912,8.6173,-8.194,-5.8086,13.342,-4.0559,-2.9434,-10.797,-3.6655,-29.862,7.0236,2.7158,11.653,-5.1439,0.489,-9.0784,-12.05,-0.74616,12.802,0.0090726,1.0483,-13.324,4.7717,0.797,28.051,29.963,21.62,-14.047,-8.2389,1.0441,-14.993,16.863,2.4954,5.6549,-11.618,-21.556,-17.117,15.074,-1.3765,16.407,0,5.7588,17.32,-7.9358,9.6726,-17.104,-12.785,-4.6716,17.692,-17.334,7.1483,-6.4479,2.0486,13.214,7.3257,8.6585,-0.75767,4.0982,-9.6917,17.531,-12.495,-8.0635,-15.82,-5.9227,-12.512,-3.0601,-5.1182,6.8965,-12.774,-11.705,-0.40782,-10.711,20.66,19.202,9.2555,-11.572,0.75878,2.712,-16.572,2.0156,8.7198,15.143,-5.6407,-14.41,23.548,-18.722,3.7838,-18.662,17.463,7.996,-15.547,-2.2976,8.1714,0.33819,20.739,5.7588,0,1.898,-15.209,24.467,-0.62836,-3.5857,7.9871,8.1041,-1.4057,10.173,-2.6906,-6.7899,2.417,1.3598,-0.48357,3.8928,-4.2502,1.0996,7.8882,-6.0623,5.5421,-8.111,3.2558,-15.978,-4.1448,-10.358,13.498,-2.5985,-9.2881,-3.407,1.3339,-5.2479,9.5232,1.9685,3.8655,-1.2691,5.5977,11.613,20.762,21.135,13.592,-15.076,-0.54147,2.6257,-16.118,14.561,-0.33035,5.9911,-8.3094,-9.4792,-21.511,14.789,13.716,10.821,17.32,1.898,0,-10.603,11.923,-18.19,-13.563,-0.10512,24.42,-13.563,0.20569,-2.3186,9.1503,10.247,-3.2655,23.28,-8.9096,-6.1265,4.014,-9.8169,16.315,-7.1,30.67,4.4118,16.503,3.5239,16.14,-13.759,14.887,9.871,6.3564,3.1593,-9.5406,-8.16,-10.432,12.761,3.3955,-1.6794,1.7557,-9.7981,-8.6624,-16.04,0.10461,18.165,-14.519,22.903,-13.098,7.8995,-15.798,-4.9787,11.865,17.075,-24.448,-8.2212,-26.74,-7.9358,-15.209,-10.603,0,-25.139,6.1272,10.502,-17.346,-8.974,13.516,-16.789,10.734,-6.0048,-10.134,-0.84622,-14.028,3.4087,0.94683,-3.2298,15.249,-12.508,-0.63396,-19.897,-2.2024,-17.127,-4.4924,-13.112,9.5756,-10.557,-15.535,-4.44,-3.498,14.233,16.273,6.7569,-6.9639,1.6323,1.1549,-4.3136,9.523,14.037,17.034,-8.476,-12.444,17.265,-33.446,10.724,-12.569,15.35,3.3167,-16.379,-11.583,13.934,9.3758,25.563,9.6726,24.467,11.923,-25.139,0,-8.9575,-7.793,8.2633,17.174,-5.898,9.2851,-5.0787,-1.2049,7.7229,0.55933,9.8109,-13.337,17.929,-7.3091,-2.4764,-5.1097,-3.5273,4.3378,-5.2621,11.753,-8.593,2.282,-0.13658,-5.0442,0.11956,17.07,-3.1035,-1.4111,-3.3676,9.6166,-8.0156,3.1632,5.4433,-9.2604,-29.171,-15.414,-5.9164,10.568,1.9473,5.9524,12.44,-20.82,-7.4983,4.3085,18.219,9.9325,16.457,-6.3921,-6.7423,-7.9594,-17.104,-0.62836,-18.19,6.1272,-8.9575,0,8.306,8.2506,-19.852,7.0067,-3.0075,8.4535,1.7046,-11.566,-10.496,-14.368,-9.2512,-4.7593,12.103,-0.77604,3.2236,-10.207,6.2915,-8.6877,11.763,-1.921,7.0606,-12.661,0.28575,6.9414,0.99067,5.0634,4.0051,-10.528,-11.787,10.344,2.8158,-14.954,0.26572,-14.757,-8.0406,-11.334,2.611,2.0485,-5.7493,15.69,-21.827,4.5435,-3.9053,9.9767,3.2196,9.4483,-17.351,0.20066,-13.79,-12.785,-3.5857,-13.563,10.502,-7.793,8.306,0,-5.7907,-5.7929,16.881,-11.503,15.096,-3.6096,1.2809,-0.61295,-18.478,1.4074,24.822,-7.3279,1.8467,-17.432,10.267,-13.522,-3.5602,-2.6212,-10.051,-16.422,11.495,-14.122,-9.2296,4.2063,-1.016,4.1378,1.7389,20.953,-22.321,0.79701,5.985,-4.1512,-3.7852,-4.3043,5.4964,10.302,-9.8521,16.405,-6.4726,1.4246,-11.536,14.414,15.123,0.9812,-3.9253,12.928,4.5757,9.3836,-4.6716,7.9871,-0.10512,-17.346,8.2633,8.2506,-5.7907,0,-4.6339,-7.2899,11.608,-5.8179,9.4665,-0.48303,-7.3768,6.3912,1.1206,-10.177,2.9449,14.587,-4.9083,-3.5682,-8.4668,-0.075451,-17.166,-2.553,-5.8982,7.4946,-3.1517,-9.3807,-5.3602,-0.71989,2.7262,13.623,-2.6234,7.0526,0.20644,0.25304,5.5092,17.033,29.365,14.233,-25.134,-2.7576,4.0671,-18.004,10.108,-2.3624,6.7295,-6.0557,-17.035,-14.953,8.3425,11.951,11.802,17.692,8.1041,24.42,-8.974,17.174,-19.852,-5.7929,-4.6339,0,-5.6361,-1.4691,1.3216,0.76663,11.998,0.1952,10.854,-11.741,-3.4551,8.0495,-6.5135,10.358,-8.1786,15.599,5.2953,19.513,-2.6213,3.464,-20.884,10.71,-1.1457,6.0161,9.0707,5.5111,-4.7369,-8.2242,7.249,16.994,-8.2601,-3.4586,-16.959,-11.459,-17.554,0.88345,11.223,-2.7226,10.235,-15.381,-2.7903,-8.6559,4.3545,9.8674,21.622,-31.32,0.18777,-15.223,-17.334,-1.4057,-13.563,13.516,-5.898,7.0067,16.881,-7.2899,-5.6361,0,-13.269,11.063,-14.607,-11.949,-2.1666,-14.015,18.84,5.0401,-9.5269,2.5251,-5.3998,6.1304,-16.641,-3.833,-11.253,9.3494,-2.2733,5.9557,-8.2301,1.9969,-10.893,-9.6943,9.8068,3.2037,7.7321,-19.95,-11.036,0.85717,-9.2172,8.4111,1.8352,9.5432,8.4113,-21.26,6.3195,-11.454,15.044,-1.9494,5.5722,-0.22019,-7.8826,-8.1651,15.795,-6.6581,18.705,7.1483,10.173,0.20569,-16.789,9.2851,-3.0075,-11.503,11.608,-1.4691,-13.269,0,-25.764,-0.62154,4.7914,11.912,5.5311,-29.918,-0.37672,4.0891,5.3047,-2.9842,-12.61,7.4967,-4.8727,6.4546,-13.977,2.5877,-0.76133,-1.5138,-3.4766,14.198,2.3193,-4.9809,0.91493,-2.4715,11.762,7.061,0.88927,2.6154,-12.084,0.16626,-3.1374,-8.8332,9.4803,0.83968,9.1763,-23.13,-3.0963,3.1705,8.6669,2.0447,7.9184,-10.795,4.845,-11.043,-6.4479,-2.6906,-2.3186,10.734,-5.0787,8.4535,15.096,-5.8179,1.3216,11.063,-25.764,0,2.1233,-1.9491,-14.901,-10.418,-0.17978,8.0935,0.44381,1.979,-12.563,10.46,-6.869,-6.0133,-4.2475,-9.6609,-8.24,16.114,-10.078,-0.98833,3.0311,1.6882,-13.623,-3.4979,6.9781,-0.76314,-6.2192,5.9549,12.979,2.6533,2.5842,5.4189,1.7008,-1.8331,0.78142,0.82748,0.19229,3.2921,7.8324,4.4576,0.49463,-12.41,12.235,8.5437,1.2094,2.0486,-6.7899,9.1503,-6.0048,-1.2049,1.7046,-3.6096,9.4665,0.76663,-14.607,-0.62154,2.1233,0,8.5415,-10.832,9.8953,8.8133,-8.6904,6.5097,11.603,-7.4025,-0.54512,-15.997,-14.693,-15.774,3.4563,-0.41754,6.8555,-11.277,5.0609,-15.592,-2.9845,2.6451,-0.40232,-6.1195,5.0517,-14.827,-8.3024,7.2827,13.736,14.077,11.196,-5.0499,-14.593,-2.3468,-6.2047,6.7079,8.8605,5.9398,-0.57456,-17.949,-23.556,11.248,5.6892,9.3808,13.214,2.417,10.247,-10.134,7.7229,-11.566,1.2809,-0.48303,11.998,-11.949,4.7914,-1.9491,8.5415,0,6.702,5.4699,20.535,-13.652,2.6062,-2.019,10.35,-1.3624,-2.683,-1.6541,-4.5549,35.704,10.679,-8.932,4.1803,14.768,-26.106,-4.3428,9.2238,-3.8143,-11.783,0.48448,-11.154,-12.299,-3.9607,9.9334,1.7189,-0.27936,3.593,-9.3441,-9.2864,-2.0093,10.789,11.332,-9.0996,-10.749,-6.9018,-3.5355,0.010814,-10.334,4.3989,7.3257,1.3598,-3.2655,-0.84622,0.55933,-10.496,-0.61295,-7.3768,0.1952,-2.1666,11.912,-14.901,-10.832,6.702,0,-1.9041,10.008,0.8062,1.7686,-0.98278,-3.6176,18.844,-7.4703,8.5763,-8.9436,-2.688,-17.564,9.7869,0.18847,-8.7316,-4.9445,6.427,-4.434,2.9709,4.5241,-2.1934,0.89892,4.2673,12.143,16.449,7.8634,6.7418,-2.8881,-0.6949,1.897,-14.203,19.718,0.12514,2.2666,-7.6339,-1.7675,-18.844,15.922,13.703,9.4912,8.6585,-0.48357,23.28,-14.028,9.8109,-14.368,-18.478,6.3912,10.854,-14.015,5.5311,-10.418,9.8953,5.4699,-1.9041,0
