0,4.3426,-10.774,-0.82329,-1.8415,-4.3289,11.612,5.3432,8.0089,8.5374,7.2871,-2.0944,1.0465,10.734,-5.1563,-12.36,-7.8572,-2.9126,7.799,4.3684,-3.2525,4.3426,0,-7.4353,6.8309,-0.42691,-2.5076,2.9077,15.58,0.91948,1.8177,-0.79849,-2.1589,6.1129,3.0981,-6.5984,-1.9879,-9.3387,-6.2581,4.9549,3.3602,-2.273,-10.774,-7.4353,0,-3.3882,1.8207,2.6594,-8.7059,-9.9945,-4.5205,-3.2659,-5.5226,5.1299,-3.319,-6.6456,8.7405,6.8661,8.445,6.6499,-7.2608,-2.493,1.8574,-0.82329,6.8309,-3.3882,0,-2.9167,0.37147,-0.57255,8.3347,-1.7144,-1.4739,-0.85493,-1.9111,7.039,0.25847,-2.6142,3.4223,-2.1925,-1.7807,0.37166,1.1858,0.30653,-1.8415,-0.42691,1.8207,-2.9167,0,3.7977,-0.07994,-1.1009,1.5262,-1.9145,-2.832,-4.1202,-3.6933,-4.3186,-2.7644,2.3332,-1.7984,-5.6966,-2.7384,3.0999,-0.46553,-4.3289,-2.5076,2.6594,0.37147,3.7977,0,-2.1503,-2.9022,-0.93683,-3.2884,-0.38101,-3.0853,2.5051,-7.9254,-1.9121,5.4693,4.1607,-1.4211,-7.4558,-2.4602,-0.75091,11.612,2.9077,-8.7059,-0.57255,-0.07994,-2.1503,0,4.4464,3.7014,4.6134,8.4073,-6.2757,-1.4473,7.8997,-6.2795,-6.883,-5.6329,-5.1857,7.8309,3.2676,-2.9899,5.3432,15.58,-9.9945,8.3347,-1.1009,-2.9022,4.4464,0,1.5014,1.341,1.4856,-3.518,5.5232,4.4117,-7.7413,-2.8337,-9.1488,-6.2625,6.3981,3.2147,-1.8189,8.0089,0.91948,-4.5205,-1.7144,1.5262,-0.93683,3.7014,1.5014,0,5.7177,3.9531,-0.04388,0.73771,3.6579,-3.4464,-6.0625,-3.0583,-0.74636,1.2231,5.3198,-1.9533,8.5374,1.8177,-3.2659,-1.4739,-1.9145,-3.2884,4.6134,1.341,5.7177,0,2.0324,2.4381,1.6398,7.0069,-0.086304,-7.0647,-5.3976,-0.30731,1.89,4.5385,-1.6024,7.2871,-0.79849,-5.5226,-0.85493,-2.832,-0.38101,8.4073,1.4856,3.9531,2.0324,0,-2.5525,-1.9711,4.5706,-3.5201,-6.6359,0.20387,0.11426,5.0465,-1.1032,-3.1775,-2.0944,-2.1589,5.1299,-1.9111,-4.1202,-3.0853,-6.2757,-3.518,-0.04388,2.4381,-2.5525,0,0.082094,-0.79969,7.5229,-1.5328,2.7518,8.7521,-2.7512,-1.7722,-0.49208,1.0465,6.1129,-3.319,7.039,-3.6933,2.5051,-1.4473,5.5232,0.73771,1.6398,-1.9711,0.082094,0,0.39364,-2.3122,1.2414,-3.5234,-1.3348,-1.3757,2.4914,-0.38458,10.734,3.0981,-6.6456,0.25847,-4.3186,-7.9254,7.8997,4.4117,3.6579,7.0069,4.5706,-0.79969,0.39364,0,-1.7753,-6.921,-5.9369,-0.052983,11.08,3.682,0.77031,-5.1563,-6.5984,8.7405,-2.6142,-2.7644,-1.9121,-6.2795,-7.7413,-3.4464,-0.086304,-3.5201,7.5229,-2.3122,-1.7753,0,2.4535,5.3449,8.8775,-4.1089,-1.3223,0.69128,-12.36,-1.9879,6.8661,3.4223,2.3332,5.4693,-6.883,-2.8337,-6.0625,-7.0647,-6.6359,-1.5328,1.2414,-6.921,2.4535,0,4.7164,1.1358,-5.7821,-1.057,3.2364,-7.8572,-9.3387,8.445,-2.1925,-1.7984,4.1607,-5.6329,-9.1488,-3.0583,-5.3976,0.20387,2.7518,-3.5234,-5.9369,5.3449,4.7164,0,7.3176,-5.2338,-7.5871,2.2474,-2.9126,-6.2581,6.6499,-1.7807,-5.6966,-1.4211,-5.1857,-6.2625,-0.74636,-0.30731,0.11426,8.7521,-1.3348,-0.052983,8.8775,1.1358,7.3176,0,-1.7747,-3.2034,0.29131,7.799,4.9549,-7.2608,0.37166,-2.7384,-7.4558,7.8309,6.3981,1.2231,1.89,5.0465,-2.7512,-1.3757,11.08,-4.1089,-5.7821,-5.2338,-1.7747,0,1.4773,0.072212,4.3684,3.3602,-2.493,1.1858,3.0999,-2.4602,3.2676,3.2147,5.3198,4.5385,-1.1032,-1.7722,2.4914,3.682,-1.3223,-1.057,-7.5871,-3.2034,1.4773,0,-2.084,-3.2525,-2.273,1.8574,0.30653,-0.46553,-0.75091,-2.9899,-1.8189,-1.9533,-1.6024,-3.1775,-0.49208,-0.38458,0.77031,0.69128,3.2364,2.2474,0.29131,0.072212,-2.084,0
