0,-2.0132,-9.289,-0.99817,1.9836,3.9838,4.8443,1.0473,2.6213,1.5215,-2.1765,-4.4619,4.3294,6.1788,0.75965,-3.9584,-2.7121,-2.572,4.408,2.4959,-6.0678,-2.0132,0,-1.8457,4.6351,0.91713,-3.4191,5.131,8.7605,-0.97429,-4.1619,-4.9666,-0.79242,-2.3692,-7.7586,3.9895,2.2065,-0.74888,-1.1913,1.4862,1.7052,0.73103,-9.289,-1.8457,0,-1.0953,-4.5958,-2.6171,-4.3645,-4.6614,-1.2319,1.1269,4.3524,3.44,-2.0817,-0.7675,-3.6204,0.18947,5.2969,5.779,-4.7717,-4.5904,6.1984,-0.99817,4.6351,-1.0953,0,-3.7846,-3.8084,0.9033,5.3386,-2.1538,-0.86427,0.92064,-2.0545,-0.92661,-1.3514,3.9457,-0.17576,-0.070806,-0.63687,-0.15509,-0.4456,-2.7868,1.9836,0.91713,-4.5958,-3.7846,0,2.3396,2.401,0.52436,2.6974,0.29814,-4.7193,0.42557,-2.3217,-2.0295,0.94332,2.0617,-1.2727,-1.8658,3.6565,6.4074,-2.033,3.9838,-3.4191,-2.6171,-3.8084,2.3396,0,-2.2245,-4.2774,3.2723,0.87528,-1.2269,-1.8194,-1.5392,3.8896,-1.9448,-1.0781,0.17811,-0.40216,-2.1972,-2.7505,-0.66438,4.8443,5.131,-4.3645,0.9033,2.401,-2.2245,0,5.2673,3.4681,-1.6803,-3.9127,-1.7214,2.1026,0.99589,0.39507,-3.2757,0.37514,-0.62246,2.2714,7.0877,-1.5597,1.0473,8.7605,-4.6614,5.3386,0.52436,-4.2774,5.2673,0,-0.95121,-2.5512,-3.9514,-0.5196,0.79017,-4.0449,3.7811,-0.066254,-2.4892,-4.7455,4.4455,4.0056,-2.677,2.6213,-0.97429,-1.2319,-2.1538,2.6974,3.2723,3.4681,-0.95121,0,-1.4141,0.8085,-3.6414,0.48233,3.0003,-2.4612,-1.9374,4.6259,3.8233,0.97125,2.2465,1.6982,1.5215,-4.1619,1.1269,-0.86427,0.29814,0.87528,-1.6803,-2.5512,-1.4141,0,1.5819,1.2423,-1.9283,3.606,-5.843,-5.055,2.8827,1.471,1.3385,-2.0293,-4.3808,-2.1765,-4.9666,4.3524,0.92064,-4.7193,-1.2269,-3.9127,-3.9514,0.8085,1.5819,0,0.046883,1.3622,1.3506,-0.04649,-1.8909,3.8436,4.7556,-0.93223,-1.8059,-0.14585,-4.4619,-0.79242,3.44,-2.0545,0.42557,-1.8194,-1.7214,-0.5196,-3.6414,1.2423,0.046883,0,-2.761,-2.3148,-3.8487,-0.071888,-0.24904,-3.2245,-2.1249,0.93983,0.43637,4.3294,-2.3692,-2.0817,-0.92661,-2.3217,-1.5392,2.1026,0.79017,0.48233,-1.9283,1.3622,-2.761,0,2.744,1.4985,-1.061,-2.6162,-0.63414,1.9417,2.7413,-0.51773,6.1788,-7.7586,-0.7675,-1.3514,-2.0295,3.8896,0.99589,-4.0449,3.0003,3.606,1.3506,-2.3148,2.744,0,-5.9115,-5.8384,2.8257,0.882,-2.0118,-1.0177,-1.6165,0.75965,3.9895,-3.6204,3.9457,0.94332,-1.9448,0.39507,3.7811,-2.4612,-5.843,-0.04649,-3.8487,1.4985,-5.9115,0,6.3125,-7.1193,-1.2982,4.2571,1.9275,-2.6219,-3.9584,2.2065,0.18947,-0.17576,2.0617,-1.0781,-3.2757,-0.066254,-1.9374,-5.055,-1.8909,-0.071888,-1.061,-5.8384,6.3125,0,-5.8399,-0.70371,0.40824,-1.0908,2.0777,-2.7121,-0.74888,5.2969,-0.070806,-1.2727,0.17811,0.37514,-2.4892,4.6259,2.8827,3.8436,-0.24904,-2.6162,2.8257,-7.1193,-5.8399,0,5.8345,-3.0122,-0.84347,3.7406,-2.572,-1.1913,5.779,-0.63687,-1.8658,-0.40216,-0.62246,-4.7455,3.8233,1.471,4.7556,-3.2245,-0.63414,0.882,-1.2982,-0.70371,5.8345,0,-0.084562,-2.1968,3.4698,4.408,1.4862,-4.7717,-0.15509,3.6565,-2.1972,2.2714,4.4455,0.97125,1.3385,-0.93223,-2.1249,1.9417,-2.0118,4.2571,0.40824,-3.0122,-0.084562,0,5.3409,-6.2675,2.4959,1.7052,-4.5904,-0.4456,6.4074,-2.7505,7.0877,4.0056,2.2465,-2.0293,-1.8059,0.93983,2.7413,-1.0177,1.9275,-1.0908,-0.84347,-2.1968,5.3409,0,-2.6687,-6.0678,0.73103,6.1984,-2.7868,-2.033,-0.66438,-1.5597,-2.677,1.6982,-4.3808,-0.14585,0.43637,-0.51773,-1.6165,-2.6219,2.0777,3.7406,3.4698,-6.2675,-2.6687,0
