0,-7.6056,-12.468,0.092371,-4.0494,-6.5249,14.416,-1.0433,3.1628,-6.4907,-6.7982,-6.1722,1.6339,10.22,-3.4818,-1.4329,-9.4252,-3.7515,0.36953,12.535,3.5953,-7.6056,0,6.4775,3.5983,-1.289,1.3687,-7.3555,4.2805,-3.8403,4.1879,3.9103,3.4309,0.72321,-4.5741,-0.6921,0.29357,3.2224,-1.0264,2.0426,-4.1597,-1.8746,-12.468,6.4775,0,-3.929,2.2718,4.1048,-8.1838,-2.2564,-2.5904,5.1637,5.1794,6.6412,-0.53812,-7.1599,3.7547,2.6125,4.4544,2.023,-0.87478,-12.499,-3.5692,0.092371,3.5983,-3.929,0,-2.1811,0.23596,-1.6316,8.0398,-0.22385,0.12621,1.1121,-1.0223,0.3352,0.16414,-4.8077,-3.1178,1.9181,-0.79311,0.72628,3.4725,1.6345,-4.0494,-1.289,2.2718,-2.1811,0,7.6061,-3.6633,-0.24349,0.68308,1.9251,0.81275,-0.47535,-3.9973,-7.1692,4.0457,-3.3947,5.6217,3.3297,-2.9802,-5.7257,-5.247,-6.5249,1.3687,4.1048,0.23596,7.6061,0,-8.3252,3.758,1.7192,-0.69405,-0.086593,-2.1358,1.4486,-12.116,6.0737,-3.5183,6.6895,5.8626,-1.2369,-6.4738,-2.7781,14.416,-7.3555,-8.1838,-1.6316,-3.6633,-8.3252,0,-4.5894,1.3813,-5.8606,-7.5105,-4.7007,1.4724,10.794,-3.6773,1.3698,-9.6649,-4.0599,-0.20219,10.373,3.9437,-1.0433,4.2805,-2.2564,8.0398,-0.24349,3.758,-4.5894,0,-1.2571,-1.0967,-0.27668,-2.2665,0.45111,-2.4864,1.4678,-4.7347,2.3517,1.5075,5.7221,1.3143,1.6308,3.1628,-3.8403,-2.5904,-0.22385,0.68308,1.7192,1.3813,-1.2571,0,-2.5758,-1.4377,-4.0216,1.7476,-0.33569,-2.3399,0.40329,-2.0421,-3.2498,-5.6214,2.3698,-2.6799,-6.4907,4.1879,5.1637,0.12621,1.9251,-0.69405,-5.8606,-1.0967,-2.5758,0,16.061,11.107,-5.58,-2.913,-2.291,0.0267,4.524,-0.63649,-2.2065,-6.0309,-2.5999,-6.7982,3.9103,5.1794,1.1121,0.81275,-0.086593,-7.5105,-0.27668,-1.4377,16.061,0,11.952,-5.7407,-2.7136,-1.3974,0.2357,5.8067,0.57683,-2.8673,-6.2621,-2.8508,-6.1722,3.4309,6.6412,-1.0223,-0.47535,-2.1358,-4.7007,-2.2665,-4.0216,11.107,11.952,0,-5.8974,-1.9082,0.71291,2.9376,3.5017,0.5174,-0.8026,-6.0601,-1.7001,1.6339,0.72321,-0.53812,0.3352,-3.9973,1.4486,1.4724,0.45111,1.7476,-5.58,-5.7407,-5.8974,0,0.16798,-2.0095,0.42845,-3.656,-0.99975,2.0756,2.4562,3.3675,10.22,-4.5741,-7.1599,0.16414,-7.1692,-12.116,10.794,-2.4864,-0.33569,-2.913,-2.7136,-1.9082,0.16798,0,-5.3681,0.79066,-7.1553,-3.6012,1.4564,9.2694,4.6041,-3.4818,-0.6921,3.7547,-4.8077,4.0457,6.0737,-3.6773,1.4678,-2.3399,-2.291,-1.3974,0.71291,-2.0095,-5.3681,0,0.042673,3.7251,6.5293,2.8353,-5.2547,-1.1041,-1.4329,0.29357,2.6125,-3.1178,-3.3947,-3.5183,1.3698,-4.7347,0.40329,0.0267,0.2357,2.9376,0.42845,0.79066,0.042673,0,-1.989,-1.4759,0.66078,-0.41717,1.1999,-9.4252,3.2224,4.4544,1.9181,5.6217,6.6895,-9.6649,2.3517,-2.0421,4.524,5.8067,3.5017,-3.656,-7.1553,3.7251,-1.989,0,7.4689,-0.59588,-8.2773,-2.7969,-3.7515,-1.0264,2.023,-0.79311,3.3297,5.8626,-4.0599,1.5075,-3.2498,-0.63649,0.57683,0.5174,-0.99975,-3.6012,6.5293,-1.4759,7.4689,0,2.1015,-4.9808,-0.087915,0.36953,2.0426,-0.87478,0.72628,-2.9802,-1.2369,-0.20219,5.7221,-5.6214,-2.2065,-2.8673,-0.8026,2.0756,1.4564,2.8353,0.66078,-0.59588,2.1015,0,1.2188,5.5384,12.535,-4.1597,-12.499,3.4725,-5.7257,-6.4738,10.373,1.3143,2.3698,-6.0309,-6.2621,-6.0601,2.4562,9.2694,-5.2547,-0.41717,-8.2773,-4.9808,1.2188,0,3.999,3.5953,-1.8746,-3.5692,1.6345,-5.247,-2.7781,3.9437,1.6308,-2.6799,-2.5999,-2.8508,-1.7001,3.3675,4.6041,-1.1041,1.1999,-2.7969,-0.087915,5.5384,3.999,0
