0,-14.658,-3.5747,-5.1394,8.5043,0.46054,8.8672,2.9124,-0.7308,13.01,18.641,-6.1496,1.6881,-5.7494,24.373,-10.949,2.5879,-10.75,11.993,2.908,10.589,-16.762,-20.305,1.4505,-11.736,-8.8002,-2.8975,-14.813,-4.8079,12.362,-12.39,0.90615,-6.4645,1.4526,-0.79517,13.093,-19.639,-24.807,4.7777,-6.4948,-5.7902,7.4383,15.317,-3.9453,9.4037,10.648,-6.1997,-13.892,10.895,4.5525,1.6782,-12.77,6.7202,-20.179,-13.426,-14.658,0,7.0124,9.6498,-15.564,2.3919,-12.311,8.0649,-5.0288,-12.152,-11.139,8.5384,-11.237,10.147,-8.3029,12.043,-8.4035,33.005,-42.051,-0.32594,-20.339,12.957,12.775,-0.061216,13.439,23.469,4.8205,10.393,-9.428,0.22454,-0.1631,7.1875,6.2409,-0.53916,18.863,-17.535,15.586,4.2801,-6.3578,-5.4634,8.5716,4.0875,-2.6181,2.6403,-7.2092,-12.797,-4.5858,5.7093,-9.2754,-8.3917,12.568,2.7836,1.0561,1.6334,4.8042,-3.5747,7.0124,0,4.789,-22.913,8.2848,-12.166,25.353,-4.5445,-19.162,-0.78682,11.959,-23.046,25.528,-5.6589,14.262,-12.348,7.3541,-3.2867,8.5793,-17.832,10.32,14.435,6.4537,2.6297,8.7692,-2.2417,5.5236,-10.645,11.036,-5.7098,22.242,14.712,-3.4344,13.124,-13.54,0.22277,5.6632,-29.685,-12.016,13.641,15.934,0.6554,-0.59183,-14.283,-15.366,1.7767,-3.5562,-17.738,-20.335,6.6236,4.8702,-7.6238,-2.7533,-0.99798,-5.1394,9.6498,4.789,0,-13.032,6.404,-21.075,8.8263,2.3576,-11.858,-15.068,4.2258,-11.284,15.304,-9.9702,6.9131,-10.017,14.907,-8.8339,6.4948,-12.741,16.938,0.63861,8.0373,15.076,13.432,-13.496,24.756,-6.9398,-6.6514,4.2197,13.531,5.3538,6.5154,9.9822,-16.766,7.9427,3.2753,-5.7143,1.824,24.24,7.8623,0.10249,3.7064,-16.056,-11.569,-4.0036,11.274,-3.9627,-4.5836,5.8406,15.273,-5.9755,4.4605,-5.3334,8.5043,-15.564,-22.913,-13.032,0,-4.6332,27.602,-21.327,4.0905,18.109,5.0258,-20.441,34.741,-37.279,7.4018,-20.729,17.406,-14.5,10.487,-9.2682,24.238,-16.636,-12.292,-5.6004,-15.299,-21.707,6.9502,-14.71,8.0697,-4.8966,1.2384,-20.785,-22.09,-0.33478,-15.905,20.514,-10.806,-5.5492,16.9,6.9031,-15.838,-12.826,-0.67067,-7.8782,13.029,30.109,-1.6001,-5.7256,16.326,17.259,-8.9969,-7.7113,9.9994,-1.8094,-0.76166,0.46054,2.3919,8.2848,6.404,-4.6332,0,-5.7085,9.5677,-15.306,-15.55,-4.305,0.74078,-4.1821,8.2163,-5.6214,-7.1144,-15.385,4.6004,-2.1534,16.678,-14.161,12.606,0.53769,29.815,-6.117,5.9107,-1.4955,0.83201,-14.146,3.9552,4.4752,16.149,-4.9869,-16.65,7.8807,-15.035,-3.125,1.843,-18.029,-14.042,9.0849,16.438,9.5491,-11.912,-15.914,3.102,-17.312,-0.52518,-14.912,3.3647,-4.3135,0.62142,8.7329,-2.8273,4.2229,8.8672,-12.311,-12.166,-21.075,27.602,-5.7085,0,-13.225,3.9364,15.468,7.9472,-19.436,21.238,-27.806,9.076,-13.126,20.812,-11.962,8.4891,-13.307,19.764,-22.44,-5.7332,-9.7607,-21.208,-23.556,14.802,-22.201,4.0149,1.531,-5.8673,-17.548,-17.48,-0.58812,-9.87,22.501,-15.404,-5.977,11.372,1.914,-15.999,-10.152,-2.1876,-11.378,13.614,22.987,-0.14241,-14.725,13.932,7.7923,-3.2972,-11.157,10.139,-6.7382,-2.3412,2.9124,8.0649,25.353,8.8263,-21.327,9.5677,-13.225,0,-6.5032,-12.806,1.7753,10.614,-30.683,23.792,0.78072,9.7751,-15.458,10.198,-5.678,11.095,-17.466,7.3016,4.9798,8.3705,3.4156,12.493,-4.4955,4.0324,-19.766,16.025,-10.314,32.828,10.811,-1.4247,22.615,-12.512,-1.385,-3.4613,-19.351,-17.743,14.123,29.933,8.2915,-0.34969,-10.513,-12.426,-5.1597,-5.0174,-10.968,-15.287,12.444,0.41341,-2.4635,-10.211,-6.3235,-0.7308,-5.0288,-4.5445,2.3576,4.0905,-15.306,3.9364,-6.5032,0,5.4629,-5.5115,-9.3575,4.2644,-3.6517,-3.3197,6.8227,18.595,-1.8063,4.6136,-17.347,10.856,-5.8382,1.0427,-16.411,3.1906,-10.839,-2.1516,6.0686,8.2355,-10.112,-3.6326,-8.2312,1.0881,28.188,-6.5634,8.8132,-3.286,3.8118,9.2016,19.478,3.815,-12.036,-17.505,1.9309,1.0201,-2.618,15.484,-0.79734,15.204,-6.7197,4.4058,11.896,-13.085,4.6983,-13.577,13.01,-12.152,-19.162,-11.858,18.109,-15.55,15.468,-12.806,5.4629,0,14.077,-7.1641,12.314,-20.799,19.702,-8.8411,13.75,-13.75,8.9177,-8.4846,28.125,-27.867,-16.492,-11.847,-4.8192,-11.893,1.7336,-13.336,9.4844,0.60239,-4.7921,-18.111,-6.6553,6.3415,-11.225,30.881,-5.8603,-14.44,27.755,6.3973,-20.553,-10.053,3.2189,4.0176,33.101,11.347,2.7368,-4.6009,23.4,9.5823,-1.5209,-12.26,4.0537,-5.4894,-4.8089,18.641,-11.139,-0.78682,-15.068,5.0258,-4.305,7.9472,1.7753,-5.5115,14.077,0,3.1968,-0.12307,-5.2353,28.576,-5.3635,0.39598,-14.663,11.201,3.68,9.4116,-17.32,-10.1,-1.7147,-8.271,-5.5115,0.11671,-19.785,1.1831,17.505,-9.8614,-2.0829,1.1653,-3.4513,-3.3305,13.97,-8.9609,-16.51,3.9079,-7.7495,-15.459,3.9596,13.67,3.2591,17.226,5.5256,0.17605,-10.618,4.3039,2.6838,-0.99289,-20.562,3.7271,-13.44,-2.2708,-6.1496,8.5384,11.959,4.2258,-20.441,0.74078,-19.436,10.614,-9.3575,-7.1641,3.1968,0,-18.458,16.518,-0.92918,12.211,-19.218,3.7668,-4.5149,13.537,-12.387,10.038,5.8423,5.5654,14.684,18.615,-8.8632,7.283,0.49265,5.426,3.3601,10.261,24.904,-4.4213,5.5438,-10.758,15.274,2.669,-8.6962,-5.2819,2.2398,7.6751,5.4592,17.854,-2.3086,-18.964,3.6047,9.813,-15.405,-6.5177,0.70063,0.61459,-8.4019,4.008,8.3372,1.6881,-11.237,-23.046,-11.284,34.741,-4.1821,21.238,-30.683,4.2644,12.314,-0.12307,-18.458,0,-31.505,1.2561,-17.14,16.691,-11.449,7.5253,-10.273,18.201,-9.9285,-7.0036,-5.3846,-11.579,-17.994,7.9315,-9.4481,11.123,-10.377,6.4039,-24.319,-20.37,-1.5638,-18.377,14.051,-5.5656,0.53029,15.024,10.295,-13.756,-18.374,-5.0427,-7.2929,9.1477,23.195,0.057083,-1.2535,11.595,17.713,-12.087,-3.5358,8.1456,4.013,3.7723,-5.7494,10.147,25.528,15.304,-37.279,8.2163,-27.806,23.792,-3.6517,-20.799,-5.2353,16.518,-31.505,0,-8.1531,15.788,-18.881,11.203,-6.0726,12.642,-22.657,18.054,9.6131,9.6037,11.523,16.558,-10.417,15.097,-8.8668,4.5075,-0.40745,27.991,18.56,-0.24673,13.752,-21.078,6.73,5.8115,-21.124,-6.9527,20.483,16.153,1.8742,5.2608,-17.741,-23.182,0.68818,5.003,-16.78,-15.371,6.2155,9.9838,-10.578,1.5925,-1.1424,24.373,-8.3029,-5.6589,-9.9702,7.4018,-5.6214,9.076,0.78072,-3.3197,19.702,28.576,-0.92918,1.2561,-8.1531,0,-7.4479,2.6363,-9.2363,6.442,0.52499,10.919,-21.574,-16.423,-3.673,-6.705,-4.4677,0.82926,-18.399,-1.7554,14.717,-12.884,-3.3646,-2.9954,0.7652,-0.42445,15.564,-9.2973,-31.623,9.2112,-6.743,-13.972,3.6338,15.379,2.1578,20.938,7.7838,-4.1178,-10.986,10.772,4.6149,3.6025,-23.399,7.6895,-18.803,-6.8763,-10.949,12.043,14.262,6.9131,-20.729,-7.1144,-13.126,9.7751,6.8227,-8.8411,-5.3635,12.211,-17.14,15.788,-7.4479,0,-2.742,10.707,-8.0633,-2.9606,-9.3584,7.2098,17.001,-7.1251,16.481,9.4974,-2.7345,13.847,-0.39907,0.75448,-4.3584,6.5161,24.482,9.818,8.1709,-7.7239,9.7953,8.18,-6.5885,1.9949,10.529,1.1939,-9.917,10.39,-6.1508,-33.49,13.032,3.5661,-5.6513,-27.737,12.053,10.411,-18.816,4.5667,-2.5927,2.5879,-8.4035,-12.348,-10.017,17.406,-15.385,20.812,-15.458,18.595,13.75,0.39598,-19.218,16.691,-18.881,2.6363,-2.742,0,-6.8642,5.7753,-29.736,21.005,-16.73,-1.5591,-21.818,-7.2635,-21.449,9.506,-6.6559,8.7295,-6.1406,-5.2022,-21.497,-9.1799,11.517,-10.636,20.273,-8.5729,-0.50594,15.917,12.748,-7.7576,-19.024,-13.223,-4.9109,9.9939,9.253,8.6655,-7.8566,21.297,1.109,1.0048,-0.33625,-0.36578,-0.1193,-7.1595,-10.75,33.005,7.3541,14.907,-14.5,4.6004,-11.962,10.198,-1.8063,-13.75,-14.663,3.7668,-11.449,11.203,-9.2363,10.707,-6.8642,0,-33.361,-1.0127,-19.945,13.03,10.344,1.0023,11.151,18.57,3.3384,12.293,-14.112,-0.40563,-2.34,9.939,3.4772,2.5185,23.436,-18.161,9.5626,3.1271,-7.1804,-5.2356,14.901,6.385,-2.8765,-1.1875,-11.227,-11.158,-6.6917,3.3412,-6.4062,-9.651,16.069,5.5915,1.1926,-0.54497,-0.93598,11.993,-42.051,-3.2867,-8.8339,10.487,-2.1534,8.4891,-5.678,4.6136,8.9177,11.201,-4.5149,7.5253,-6.0726,6.442,-8.0633,5.7753,-33.361,0,2.3776,15.974,-9.8232,-9.3299,1.0151,-10.729,-19.247,-7.0031,-7.9182,10.426,0.37209,0.94257,-4.7846,-1.9679,0.070754,-18.444,13.992,-12.895,-1.8142,3.3045,5.2137,-6.8138,-2.9116,1.9973,-0.38505,5.1683,8.1764,7.3389,-4.2338,5.655,5.448,-13.369,-0.85777,-4.5574,0.13298,-3.5897,2.908,-0.32594,8.5793,6.4948,-9.2682,16.678,-13.307,11.095,-17.347,-8.4846,3.68,13.537,-10.273,12.642,0.52499,-2.9606,-29.736,-1.0127,2.3776,0,-10.944,10.834,-4.0521,29.426,1.9163,10.496,-13.312,2.5949,-5.2872,5.9925,6.4315,17.036,5.6237,-13.115,3.873,-11.566,2.8484,-1.4953,-12.792,-10.703,4.4003,17.687,17.556,3.4293,-7.3822,-3.4313,-8.2518,6.0507,-15.48,3.4673,-6.8361,-0.98418,0.86402,-0.53523,5.7379,10.589,-20.339,-17.832,-12.741,24.238,-14.161,19.764,-17.466,10.856,28.125,9.4116,-12.387,18.201,-22.657,10.919,-9.3584,21.005,-19.945,15.974,-10.944,0,-23.985,-12.41,-11.883,-8.3826,-23.813,1.3582,-11.277,13.935,-3.691,-2.1422,-21.481,-8.3355,7.217,-19.557,38.331,-9.6066,-6.5891,21.89,11.668,-15.754,-14.554,-2.4481,0.39581,18.511,13.434,7.0638,-5.0628,23.283,8.8052,-5.9048,-5.3691,0.46235,-1.2099,-5.4235,-16.762,12.957,10.32,16.938,-16.636,12.606,-22.44,7.3016,-5.8382,-27.867,-17.32,10.038,-9.9285,18.054,-21.574,7.2098,-16.73,13.03,-9.8232,10.834,-23.985,0,10.727,13.501,11.291,16.464,-6.7115,20.491,-4.0208,-6.5862,12.786,13.461,7.3361,-5.557,7.1015,-36.47,13.853,15.075,-15.483,-1.3315,16.878,6.2426,-2.3149,1.9858,-24.1,-12.169,-2.5993,14.902,-20.57,-3.6795,-2.1215,14.585,-4.992,11.904,8.5477,-20.305,12.775,14.435,0.63861,-12.292,0.53769,-5.7332,4.9798,1.0427,-16.492,-10.1,5.8423,-7.0036,9.6131,-16.423,17.001,-1.5591,10.344,-9.3299,-4.0521,-12.41,10.727,0,-3.388,4.709,5.5669,7.5384,7.8166,-1.48,-0.90512,0.54773,3.8889,9.3382,-1.4886,5.9218,-10.886,7.2131,19.002,-12.541,-1.0404,7.8617,-1.3065,-14.669,-1.1337,-10.861,-12.702,7.7813,0.94977,-13.077,-16.107,4.3047,8.895,-7.6863,7.3271,6.4446,1.4505,-0.061216,6.4537,8.0373,-5.6004,29.815,-9.7607,8.3705,-16.411,-11.847,-1.7147,5.5654,-5.3846,9.6037,-3.673,-7.1251,-21.818,1.0023,1.0151,29.426,-11.883,13.501,-3.388,0,-1.8796,7.7254,-8.8798,2.8444,-7.9766,2.3895,8.6324,15.953,-1.0804,-15.658,4.0678,-14.018,0.3345,0.91151,-14.172,-10.187,7.0826,15.916,13.517,-3.7726,-12.443,1.0427,-13.441,4.9313,-15.004,6.0943,-8.2901,1.158,4.9044,0.15572,5.7647,-11.736,13.439,2.6297,15.076,-15.299,-6.117,-21.208,3.4156,3.1906,-4.8192,-8.271,14.684,-11.579,11.523,-6.705,16.481,-7.2635,11.151,-10.729,1.9163,-8.3826,11.291,4.709,-1.8796,0,17.359,-10.546,22.168,3.314,-7.066,5.4329,3.9162,16.798,8.6495,4.8226,-9.979,24.689,5.0108,0.57301,6.6871,7.7405,-0.84289,-3.8132,21.158,-3.5593,-22.454,6.094,18.989,-3.5101,-6.5868,5.6557,10.27,-12.636,10.245,1.6701,-8.8002,23.469,8.7692,13.432,-21.707,5.9107,-23.556,12.493,-10.839,-11.893,-5.5115,18.615,-17.994,16.558,-4.4677,9.4974,-21.449,18.57,-19.247,10.496,-23.813,16.464,5.5669,7.7254,17.359,0,-4.5498,11.62,-8.6263,2.6126,2.894,13.716,11.008,-3.5768,16.778,-21.636,18.131,1.0088,-8.6131,-7.9462,8.5392,10.603,5.7676,8.5861,-7.2648,-15.429,-6.3967,10.514,-13.616,-4.9464,7.2041,1.68,-0.5232,1.5064,5.9142,-2.8975,4.8205,-2.2417,-13.496,6.9502,-1.4955,14.802,-4.4955,-2.1516,1.7336,0.11671,-8.8632,7.9315,-10.417,0.82926,-2.7345,9.506,3.3384,-7.0031,-13.312,1.3582,-6.7115,7.5384,-8.8798,-10.546,-4.5498,0,-11.87,-4.024,4.0381,-6.5848,-8.2232,-10.017,-4.8706,2.7864,4.1449,-4.2186,0.030159,1.6058,-5.183,-7.6071,-5.558,-5.3663,-12.777,4.9064,8.2771,-3.4065,-12.103,1.6487,-0.41963,4.4961,-9.4134,12.299,-5.703,3.9209,-14.813,10.393,5.5236,24.756,-14.71,0.83201,-22.201,4.0324,6.0686,-13.336,-19.785,7.283,-9.4481,15.097,-18.399,13.847,-6.6559,12.293,-7.9182,2.5949,-11.277,20.491,7.8166,2.8444,22.168,11.62,-11.87,0,1.1621,-12.605,8.8678,7.5281,11.087,7.7321,4.0949,-15.928,14.868,12.969,-5.1633,8.3687,19.394,0.31586,-8.4276,8.4176,-15.59,-18.34,5.1464,17.875,-6.1608,-7.489,2.477,26.396,-14.618,14.629,-0.092139,-4.8079,-9.428,-10.645,-6.9398,8.0697,-14.146,4.0149,-19.766,8.2355,9.4844,1.1831,0.49265,11.123,-8.8668,-1.7554,-0.39907,8.7295,-14.112,10.426,-5.2872,13.935,-4.0208,-1.48,-7.9766,3.314,-8.6263,-4.024,1.1621,0,-13.449,11.564,-17.742,2.6257,3.7758,-28.515,9.9952,5.7236,7.3902,12.139,22.102,-10.731,-22.291,-9.172,11.091,8.6451,1.0925,17.743,9.8893,5.3551,6.4028,-14.053,4.1762,-9.62,16.701,6.8482,12.362,0.22454,11.036,-6.6514,-4.8966,3.9552,1.531,16.025,-10.112,0.60239,17.505,5.426,-10.377,4.5075,14.717,0.75448,-6.1406,-0.40563,0.37209,5.9925,-3.691,-6.5862,-0.90512,2.3895,-7.066,2.6126,4.0381,-12.605,-13.449,0,-18.434,9.5838,3.3089,-5.7488,11.24,1.3684,-8.8721,-13.358,-7.6754,-25.273,-2.538,16.638,14.101,-2.9381,3.8664,-0.44219,-6.0221,-16.742,-3.6386,-6.5802,8.7086,-15.938,5.8068,-23.818,-4.3502,-12.39,-0.1631,-5.7098,4.2197,1.2384,4.4752,-5.8673,-10.314,-3.6326,-4.7921,-9.8614,3.3601,6.4039,-0.40745,-12.884,-4.3584,-5.2022,-2.34,0.94257,6.4315,-2.1422,12.786,0.54773,8.6324,5.4329,2.894,-6.5848,8.8678,11.564,-18.434,0,-3.3982,-0.75229,-7.3171,-10.627,-6.9599,12.684,13.61,0.2358,9.5478,-0.33775,-7.2449,-3.1743,4.5584,-5.2678,0.59058,1.0315,23.69,-7.3124,11.919,-20.352,8.7369,-2.1435,24.6,17.301,0.90615,7.1875,22.242,13.531,-20.785,16.149,-17.548,32.828,-8.2312,-18.111,-2.0829,10.261,-24.319,27.991,-3.3646,6.5161,-21.497,9.939,-4.7846,17.036,-21.481,13.461,3.8889,15.953,3.9162,13.716,-8.2232,7.5281,-17.742,9.5838,-3.3982,0,8.7298,-4.0822,17.925,-18.603,0.21674,-0.23284,-23.836,-14.761,18.543,31.678,8.7641,-1.175,-16.968,-10.976,-7.3363,-0.37831,-14.836,-9.8551,6.3787,4.0451,-2.2866,-5.3664,-3.4857,-6.4645,6.2409,14.712,5.3538,-22.09,-4.9869,-17.48,10.811,1.0881,-6.6553,1.1653,24.904,-20.37,18.56,-2.9954,24.482,-9.1799,3.4772,-1.9679,5.6237,-8.3355,7.3361,9.3382,-1.0804,16.798,11.008,-10.017,11.087,2.6257,3.3089,-0.75229,8.7298,0,4.4216,4.2179,-7.0753,11.023,5.3991,-7.4869,0.21574,6.1963,4.3264,-1.9694,18.71,-3.6112,-31.635,12.61,6.8982,-9.0882,-15.911,4.5905,6.7454,-20.532,5.0892,0.90803,1.4526,-0.53916,-3.4344,6.5154,-0.33478,-16.65,-0.58812,-1.4247,28.188,6.3415,-3.4513,-4.4213,-1.5638,-0.24673,0.7652,9.818,11.517,2.5185,0.070754,-13.115,7.217,-5.557,-1.4886,-15.658,8.6495,-3.5768,-4.8706,7.7321,3.7758,-5.7488,-7.3171,-4.0822,4.4216,0,-0.40133,6.5175,-0.44101,-1.8913,9.9286,13.248,5.1943,-6.3177,-9.6943,6.4487,2.5988,-6.6507,10.867,0.11062,15.988,-8.7511,11.25,8.5224,-12.069,0.58703,-18.269,-0.79517,18.863,13.124,9.9822,-15.905,7.8807,-9.87,22.615,-6.5634,-11.225,-3.3305,5.5438,-18.377,13.752,-0.42445,8.1709,-10.636,23.436,-18.444,3.873,-19.557,7.1015,5.9218,4.0678,4.8226,16.778,2.7864,4.0949,-28.515,11.24,-10.627,17.925,4.2179,-0.40133,0,-13.838,1.8759,-4.6154,-11.415,-16.761,12.423,17.957,5.609,-3.1475,-8.318,-9.0638,-10.807,-4.4824,-7.1204,-11.729,20.914,-1.5985,4.063,-10.999,-4.9536,13.093,-17.535,-13.54,-16.766,20.514,-15.035,22.501,-12.512,8.8132,30.881,13.97,-10.758,14.051,-21.078,15.564,-7.7239,20.273,-18.161,13.992,-11.566,38.331,-36.47,-10.886,-14.018,-9.979,-21.636,4.1449,-15.928,9.9952,1.3684,-6.9599,-18.603,-7.0753,6.5175,-13.838,0,-11.63,-9.7225,18.922,6.7671,-17.991,-11.17,-0.77307,-0.19668,23.014,12.517,6.3403,-9.5998,22.097,5.7857,-2.3643,-9.5494,1.8085,-5.5531,-6.51,-19.639,15.586,0.22277,7.9427,-10.806,-3.125,-15.404,-1.385,-3.286,-5.8603,-8.9609,15.274,-5.5656,6.73,-9.2973,9.7953,-8.5729,9.5626,-12.895,2.8484,-9.6066,13.853,7.2131,0.3345,24.689,18.131,-4.2186,14.868,5.7236,-8.8721,12.684,0.21674,11.023,-0.44101,1.8759,-11.63,0,8.928,0.10778,5.1763,1.9527,-4.0828,-3.8278,16.273,-2.3903,-13.654,3.4706,24.619,-8.3829,-0.62039,-0.67177,6.2456,-5.9586,15.231,13.135,-24.807,4.2801,5.6632,3.2753,-5.5492,1.843,-5.977,-3.4613,3.8118,-14.44,-16.51,2.669,0.53029,5.8115,-31.623,8.18,-0.50594,3.1271,-1.8142,-1.4953,-6.5891,15.075,19.002,0.91151,5.0108,1.0088,0.030159,12.969,7.3902,-13.358,13.61,-0.23284,5.3991,-1.8913,-4.6154,-9.7225,8.928,0,-7.9,8.6498,7.4637,-7.2776,-18.396,0.25804,-13.594,-7.5293,10.167,10.057,-11.025,-4.7148,-7.3297,19.085,-10.877,23.43,10.16,4.7777,-6.3578,-29.685,-5.7143,16.9,-18.029,11.372,-19.351,9.2016,27.755,3.9079,-8.6962,15.024,-21.124,9.2112,-6.5885,15.917,-7.1804,3.3045,-12.792,21.89,-15.483,-12.541,-14.172,0.57301,-8.6131,1.6058,-5.1633,12.139,-7.6754,0.2358,-23.836,-7.4869,9.9286,-11.415,18.922,0.10778,-7.9,0,13.638,-14.29,-17.101,-2.3143,5.3067,20.913,8.7968,3.4692,1.6547,25.458,10.488,-1.2165,-5.236,2.5621,0.84941,-3.0734,-6.4948,-5.4634,-12.016,1.824,6.9031,-14.042,1.914,-17.743,19.478,6.3973,-7.7495,-5.2819,10.295,-6.9527,-6.743,1.9949,12.748,-5.2356,5.2137,-10.703,11.668,-1.3315,-1.0404,-10.187,6.6871,-7.9462,-5.183,8.3687,22.102,-25.273,9.5478,-14.761,0.21574,13.248,-16.761,6.7671,5.1763,8.6498,13.638,0,-1.4515,-23.007,-16.086,7.3962,2.7148,-0.60263,15.244,10.804,10.298,3.1565,-6.3333,12.674,-11.552,17.512,-0.72273,-5.7902,8.5716,13.641,24.24,-15.838,9.0849,-15.999,14.123,3.815,-20.553,-15.459,2.2398,-13.756,20.483,-13.972,10.529,-7.7576,14.901,-6.8138,4.4003,-15.754,16.878,7.8617,7.0826,7.7405,8.5392,-7.6071,19.394,-10.731,-2.538,-0.33775,18.543,6.1963,5.1943,12.423,-17.991,1.9527,7.4637,-14.29,-1.4515,0,10.333,-3.874,-2.5464,-28.423,-12.674,-1.4276,3.2835,-7.4237,-12.624,7.7267,18.437,-7.9916,2.2855,-7.3126,7.4383,4.0875,15.934,7.8623,-12.826,16.438,-10.152,29.933,-12.036,-10.053,3.9596,7.6751,-18.374,16.153,3.6338,1.1939,-19.024,6.385,-2.9116,17.687,-14.554,6.2426,-1.3065,15.916,-0.84289,10.603,-5.558,0.31586,-22.291,16.638,-7.2449,31.678,4.3264,-6.3177,17.957,-11.17,-4.0828,-7.2776,-17.101,-23.007,10.333,0,16.709,-3.2454,-9.0549,-4.8043,-12.39,-5.1085,-10.336,-5.7401,6.7333,-3.2508,3.4087,-12.811,-4.7548,15.317,-2.6181,0.6554,0.10249,-0.67067,9.5491,-2.1876,8.2915,-17.505,3.2189,13.67,5.4592,-5.0427,1.8742,15.379,-9.917,-13.223,-2.8765,1.9973,17.556,-2.4481,-2.3149,-14.669,13.517,-3.8132,5.7676,-5.3663,-8.4276,-9.172,14.101,-3.1743,8.7641,-1.9694,-9.6943,5.609,-0.77307,-3.8278,-18.396,-2.3143,-16.086,-3.874,16.709,0,0.48626,4.1332,4.7775,-16.131,-2.9349,-2.5578,7.651,-0.68662,-15.028,11.121,-13.582,-0.3345,-3.9453,2.6403,-0.59183,3.7064,-7.8782,-11.912,-11.378,-0.34969,1.9309,4.0176,3.2591,17.854,-7.2929,5.2608,2.1578,10.39,-4.9109,-1.1875,-0.38505,3.4293,0.39581,1.9858,-1.1337,-3.7726,21.158,8.5861,-12.777,8.4176,11.091,-2.9381,4.5584,-1.175,18.71,6.4487,-3.1475,-0.19668,16.273,0.25804,5.3067,7.3962,-2.5464,-3.2454,0.48626,0,5.9272,-14.078,10.889,14.55,-0.36808,-2.2183,-0.164,2.5893,-13.349,8.0237,3.0991,9.4037,-7.2092,-14.283,-16.056,13.029,-15.914,13.614,-10.513,1.0201,33.101,17.226,-2.3086,9.1477,-17.741,20.938,-6.1508,9.9939,-11.227,5.1683,-7.3822,18.511,-24.1,-10.861,-12.443,-3.5593,-7.2648,4.9064,-15.59,8.6451,3.8664,-5.2678,-16.968,-3.6112,2.5988,-8.318,23.014,-2.3903,-13.594,20.913,2.7148,-28.423,-9.0549,4.1332,5.9272,0,8.4604,2.7022,-4.549,14.531,7.726,-0.51119,-17.61,5.1344,-5.8794,-0.22854,10.648,-12.797,-15.366,-11.569,30.109,3.102,22.987,-12.426,-2.618,11.347,5.5256,-18.964,23.195,-23.182,7.7838,-33.49,9.253,-11.158,8.1764,-3.4313,13.434,-12.169,-12.702,1.0427,-22.454,-15.429,8.2771,-18.34,1.0925,-0.44219,0.59058,-10.976,-31.635,-6.6507,-9.0638,12.517,-13.654,-7.5293,8.7968,-0.60263,-12.674,-4.8043,4.7775,-14.078,8.4604,0,-9.1872,-8.3119,9.3863,19.534,-8.8457,-11.166,18.461,-5.9144,0.546,-6.1997,-4.5858,1.7767,-4.0036,-1.6001,-17.312,-0.14241,-5.1597,15.484,2.7368,0.17605,3.6047,0.057083,0.68818,-4.1178,13.032,8.6655,-6.6917,7.3389,-8.2518,7.0638,-2.5993,7.7813,-13.441,6.094,-6.3967,-3.4065,5.1464,17.743,-6.0221,1.0315,-7.3363,12.61,10.867,-10.807,6.3403,3.4706,10.167,3.4692,15.244,-1.4276,-12.39,-16.131,10.889,2.7022,-9.1872,0,3.3812,2.767,-9.0123,-1.9709,9.3539,-24.657,11.064,-0.7392,-13.892,5.7093,-3.5562,11.274,-5.7256,-0.52518,-14.725,-5.0174,-0.79734,-4.6009,-10.618,9.813,-1.2535,5.003,-10.986,3.5661,-7.8566,3.3412,-4.2338,6.0507,-5.0628,14.902,0.94977,4.9313,18.989,10.514,-12.103,17.875,9.8893,-16.742,23.69,-0.37831,6.8982,0.11062,-4.4824,-9.5998,24.619,10.057,1.6547,10.804,3.2835,-5.1085,-2.9349,14.55,-4.549,-8.3119,3.3812,0,-5.7884,5.0481,-8.0294,11.218,-7.5458,22.592,10.763,10.895,-9.2754,-17.738,-3.9627,16.326,-14.912,13.932,-10.968,15.204,23.4,4.3039,-15.405,11.595,-16.78,10.772,-5.6513,21.297,-6.4062,5.655,-15.48,23.283,-20.57,-13.077,-15.004,-3.5101,-13.616,1.6487,-6.1608,5.3551,-3.6386,-7.3124,-14.836,-9.0882,15.988,-7.1204,22.097,-8.3829,-11.025,25.458,10.298,-7.4237,-10.336,-2.5578,-0.36808,14.531,9.3863,2.767,-5.7884,0,4.6288,3.8391,-3.6929,1.767,-5.2244,-13.869,4.5525,-8.3917,-20.335,-4.5836,17.259,3.3647,7.7923,-15.287,-6.7197,9.5823,2.6838,-6.5177,17.713,-15.371,4.6149,-27.737,1.109,-9.651,5.448,3.4673,8.8052,-3.6795,-16.107,6.0943,-6.5868,-4.9464,-0.41963,-7.489,6.4028,-6.5802,11.919,-9.8551,-15.911,-8.7511,-11.729,5.7857,-0.62039,-4.7148,10.488,3.1565,-12.624,-5.7401,7.651,-2.2183,7.726,19.534,-9.0123,5.0481,4.6288,0,-16.296,-7.3843,13.181,2.4535,8.0593,1.6782,12.568,6.6236,5.8406,-8.9969,-4.3135,-3.2972,12.444,4.4058,-1.5209,-0.99289,0.70063,-12.087,6.2155,3.6025,12.053,1.0048,16.069,-13.369,-6.8361,-5.9048,-2.1215,4.3047,-8.2901,5.6557,7.2041,4.4961,2.477,-14.053,8.7086,-20.352,6.3787,4.5905,11.25,20.914,-2.3643,-0.67177,-7.3297,-1.2165,-6.3333,7.7267,6.7333,-0.68662,-0.164,-0.51119,-8.8457,-1.9709,-8.0294,3.8391,-16.296,0,-1.4089,-0.41247,-12.106,-13.544,-12.77,2.7836,4.8702,15.273,-7.7113,0.62142,-11.157,0.41341,11.896,-12.26,-20.562,0.61459,-3.5358,9.9838,-23.399,10.411,-0.33625,5.5915,-0.85777,-0.98418,-5.3691,14.585,8.895,1.158,10.27,1.68,-9.4134,26.396,4.1762,-15.938,8.7369,4.0451,6.7454,8.5224,-1.5985,-9.5494,6.2456,19.085,-5.236,12.674,18.437,-3.2508,-15.028,2.5893,-17.61,-11.166,9.3539,11.218,-3.6929,-7.3843,-1.4089,0,-17.454,16.774,-2.0332,6.7202,1.0561,-7.6238,-5.9755,9.9994,8.7329,10.139,-2.4635,-13.085,4.0537,3.7271,-8.4019,8.1456,-10.578,7.6895,-18.816,-0.36578,1.1926,-4.5574,0.86402,0.46235,-4.992,-7.6863,4.9044,-12.636,-0.5232,12.299,-14.618,-9.62,5.8068,-2.1435,-2.2866,-20.532,-12.069,4.063,1.8085,-5.9586,-10.877,2.5621,-11.552,-7.9916,3.4087,11.121,-13.349,5.1344,18.461,-24.657,-7.5458,1.767,13.181,-0.41247,-17.454,0,-11.426,3.4849,-20.179,1.6334,-2.7533,4.4605,-1.8094,-2.8273,-6.7382,-10.211,4.6983,-5.4894,-13.44,4.008,4.013,1.5925,-18.803,4.5667,-0.1193,-0.54497,0.13298,-0.53523,-1.2099,11.904,7.3271,0.15572,10.245,1.5064,-5.703,14.629,16.701,-23.818,24.6,-5.3664,5.0892,0.58703,-10.999,-5.5531,15.231,23.43,0.84941,17.512,2.2855,-12.811,-13.582,8.0237,-5.8794,-5.9144,11.064,22.592,-5.2244,2.4535,-12.106,16.774,-11.426,0,11.933,-13.426,4.8042,-0.99798,-5.3334,-0.76166,4.2229,-2.3412,-6.3235,-13.577,-4.8089,-2.2708,8.3372,3.7723,-1.1424,-6.8763,-2.5927,-7.1595,-0.93598,-3.5897,5.7379,-5.4235,8.5477,6.4446,5.7647,1.6701,5.9142,3.9209,-0.092139,6.8482,-4.3502,17.301,-3.4857,0.90803,-18.269,-4.9536,-6.51,13.135,10.16,-3.0734,-0.72273,-7.3126,-4.7548,-0.3345,3.0991,-0.22854,0.546,-0.7392,10.763,-13.869,8.0593,-13.544,-2.0332,3.4849,11.933,0
