0,-4.8265,-3.6215,-4.3472,0.0025361,4.3683,2.0546,-3.6229,3.9612,2.879,1.0531,-2.0029,0.54422,6.556,-2.4926,-6.232,-2.6084,1.5958,-5.0534,0.049116,-1.4369,-4.8265,0,-0.24518,2.5525,1.2268,-3.5382,4.4479,5.4579,-8.9983,-3.2933,-1.6037,-0.2959,-0.22787,-6.4406,3.9601,0.36908,-1.3633,-5.1471,7.6022,1.5882,-2.9262,-3.6215,-0.24518,0,-1.8281,-6.2502,-0.76693,-0.84909,-5.8791,-0.59121,4.9767,8.4214,4.7527,-2.7376,-0.52594,-2.3327,3.4323,7.4539,0.89232,-2.9012,-2.9793,4.8364,-4.3472,2.5525,-1.8281,0,-2.9169,-4.6949,-0.88612,7.4421,-4.6863,-3.4012,-2.5676,-0.96755,2.6253,0.21233,0.7599,2.0256,-0.054326,-0.96105,3.5339,1.8804,-0.00085641,0.0025361,1.2268,-6.2502,-2.9169,0,1.4079,2.0909,2.2547,0.71112,-3.6786,-4.6916,-3.9072,-0.045011,-3.7793,4.5452,-1.8481,-4.9942,0.24298,1.9728,1.6356,-5.3693,4.3683,-3.5382,-0.76693,-4.6949,1.4079,0,-3.0324,-7.0461,1.5465,4.7732,2.8283,-4.2177,5.3184,2.65,-1.7404,-3.0072,0.86179,3.1596,-5.4995,-5.7488,-2.1457,2.0546,4.4479,-0.84909,-0.88612,2.0909,-3.0324,0,0.86612,-3.5026,-2.5713,0.265,-0.10582,-1.4557,-2.2445,-1.4795,-3.7088,-3.8861,-3.4449,0.7811,3.9099,-3.0236,-3.6229,5.4579,-5.8791,7.4421,2.2547,-7.0461,0.86612,0,-2.7826,-7.9973,-7.1249,-1.6782,-0.13395,-3.1173,5.0254,0.40336,-3.2184,-4.0389,9.8414,5.3762,-2.325,3.9612,-8.9983,-0.59121,-4.6863,0.71112,1.5465,-3.5026,-2.7826,0,1.2061,-0.64687,2.2985,-2.4051,1.1081,-0.0023037,1.0033,-1.1685,2.2084,-4.4153,0.43285,2.2142,2.879,-3.2933,4.9767,-3.4012,-3.6786,4.7732,-2.5713,-7.9973,1.2061,0,4.9759,0.75701,0.94544,4.7827,-5.9632,0.30571,4.01,3.3943,-5.2968,-1.6397,3.74,1.0531,-1.6037,8.4214,-2.5676,-4.6916,2.8283,0.265,-7.1249,-0.64687,4.9759,0,0.80649,-1.1987,1.7732,-2.7978,-0.68363,6.5598,2.2251,-4.0946,-4.6832,1.5421,-2.0029,-0.2959,4.7527,-0.96755,-3.9072,-4.2177,-0.10582,-1.6782,2.2985,0.75701,0.80649,0,-6.0099,-3.7552,-1.4013,3.4977,-2.0782,-5.4886,-1.2811,2.4994,1.5642,0.54422,-0.22787,-2.7376,2.6253,-0.045011,5.3184,-1.4557,-0.13395,-2.4051,0.94544,-1.1987,-6.0099,0,2.0425,-1.2635,-2.0263,-0.093421,3.5155,-1.6502,-3.0947,-1.2933,6.556,-6.4406,-0.52594,0.21233,-3.7793,2.65,-2.2445,-3.1173,1.1081,4.7827,1.7732,-3.7552,2.0425,0,-5.4883,-1.5081,2.8758,4.771,-4.4253,-1.2348,3.3073,-2.4926,3.9601,-2.3327,0.7599,4.5452,-1.7404,-1.4795,5.0254,-0.0023037,-5.9632,-2.7978,-1.4013,-1.2635,-5.4883,0,0.76649,-1.5276,-1.2603,5.1127,-1.5539,-4.1217,-6.232,0.36908,3.4323,2.0256,-1.8481,-3.0072,-3.7088,0.40336,1.0033,0.30571,-0.68363,3.4977,-2.0263,-1.5081,0.76649,0,0.24237,-0.57404,0.74342,0.8524,2.0875,-2.6084,-1.3633,7.4539,-0.054326,-4.9942,0.86179,-3.8861,-3.2184,-1.1685,4.01,6.5598,-2.0782,-0.093421,2.8758,-1.5276,0.24237,0,5.3721,-1.1308,-5.3418,5.6576,1.5958,-5.1471,0.89232,-0.96105,0.24298,3.1596,-3.4449,-4.0389,2.2084,3.3943,2.2251,-5.4886,3.5155,4.771,-1.2603,-0.57404,5.3721,0,-4.0324,-5.6468,3.5504,-5.0534,7.6022,-2.9012,3.5339,1.9728,-5.4995,0.7811,9.8414,-4.4153,-5.2968,-4.0946,-1.2811,-1.6502,-4.4253,5.1127,0.74342,-1.1308,-4.0324,0,2.7347,-0.49001,0.049116,1.5882,-2.9793,1.8804,1.6356,-5.7488,3.9099,5.3762,0.43285,-1.6397,-4.6832,2.4994,-3.0947,-1.2348,-1.5539,0.8524,-5.3418,-5.6468,2.7347,0,-0.38424,-1.4369,-2.9262,4.8364,-0.00085641,-5.3693,-2.1457,-3.0236,-2.325,2.2142,3.74,1.5421,1.5642,-1.2933,3.3073,-4.1217,2.0875,5.6576,3.5504,-0.49001,-0.38424,0
