0,-4.6432,-6.7698,-2.4667,-3.8059,7.8309,-2.081,-1.2765,9.158,-0.19487,1.2877,-0.61495,2.0602,5.2023,1.2772,-4.6999,-3.8849,-2.0975,0.059724,-1.0414,-8.6286,-4.6432,0,2.2682,2.0536,1.4885,-4.9805,3.2305,5.6954,-7.1102,-2.73,-3.4167,-2.0233,-1.9266,-3.4901,0.012424,5.2964,-0.065249,-1.174,3.0294,-0.95189,5.9557,-6.7698,2.2682,0,-0.8824,0.33966,-1.6877,-4.238,-1.4675,-6.3355,5.1971,2.5349,3.7707,-5.4618,-5.27,2.7406,4.7123,3.7602,4.7982,1.0883,-0.51489,1.4614,-2.4667,2.0536,-0.8824,0,-4.5203,-2.243,0.19725,-0.030588,0.45308,-4.1154,2.7087,0.89348,0.48004,2.0193,-0.13665,-1.9015,4.4748,0.47132,-0.65102,-2.8009,0.16376,-3.8059,1.4885,0.33966,-4.5203,0,-2.5825,4.0826,3.2163,-3.6344,-0.19376,-9.0224,-3.5965,-0.078145,-3.189,-2.7655,7.3318,-5.0128,-3.1709,-1.0552,7.0373,5.6412,7.8309,-4.9805,-1.6877,-2.243,-2.5825,0,-6.1446,-1.5652,5.3721,-0.49888,3.2028,0.94139,1.6571,1.808,2.4251,-1.4095,-2.7634,3.6717,2.428,-4.5447,-6.1539,-2.081,3.2305,-4.238,0.19725,4.0826,-6.1446,0,4.1029,-2.6182,-0.75989,-5.2517,-3.7604,1.3978,-0.95655,-3.7085,-0.090453,-1.9641,-5.9093,-1.0641,4.2922,4.0929,-1.2765,5.6954,-1.4675,-0.030588,3.2163,-1.5652,4.1029,0,-3.4291,-1.5702,-2.8285,-3.2041,2.1601,-3.5781,-0.37673,2.8961,-4.5527,-4.7422,4.416,1.847,1.8479,9.158,-7.1102,-6.3355,0.45308,-3.6344,5.3721,-2.6182,-3.4291,0,-3.1198,3.0931,-1.5265,1.543,8.6204,-1.9893,-6.049,-0.020612,-1.6571,-2.8002,-0.076974,-6.3669,-0.19487,-2.73,5.1971,-4.1154,-0.19376,-0.49888,-0.75989,-1.5702,-3.1198,0,1.9642,4.4821,-2.9587,-4.8262,4.4731,-0.37065,0.032725,0.68252,1.4433,2.0468,-3.0476,1.2877,-3.4167,2.5349,2.7087,-9.0224,3.2028,-5.2517,-2.8285,3.0931,1.9642,0,2.5512,-2.1619,-0.1179,4.2027,-5.3417,5.4046,4.1567,1.8917,-5.8629,-6.2033,-0.61495,-2.0233,3.7707,0.89348,-3.5965,0.94139,-3.7604,-3.2041,-1.5265,4.4821,2.5512,0,0.050194,-2.6216,2.2148,-1.9991,3.5079,1.5613,1.5884,-1.974,-1.9838,2.0602,-1.9266,-5.4618,0.48004,-0.078145,1.6571,1.3978,2.1601,1.543,-2.9587,-2.1619,0.050194,0,1.1347,-0.90299,-2.1804,-2.9573,-1.3939,-1.2563,1.8232,0.53022,5.2023,-3.4901,-5.27,2.0193,-3.189,1.808,-0.95655,-3.5781,8.6204,-4.8262,-0.1179,-2.6216,1.1347,0,-4.7258,-4.3897,2.4483,-0.83987,-6.1374,0.51349,-2.8237,1.2772,0.012424,2.7406,-0.13665,-2.7655,2.4251,-3.7085,-0.37673,-1.9893,4.4731,4.2027,2.2148,-0.90299,-4.7258,0,-0.022473,-1.6462,2.2456,6.2674,-4.0834,-3.0826,-4.6999,5.2964,4.7123,-1.9015,7.3318,-1.4095,-0.090453,2.8961,-6.049,-0.37065,-5.3417,-1.9991,-2.1804,-4.3897,-0.022473,0,-2.7387,1.2502,1.1545,1.8791,6.6302,-3.8849,-0.065249,3.7602,4.4748,-5.0128,-2.7634,-1.9641,-4.5527,-0.020612,0.032725,5.4046,3.5079,-2.9573,2.4483,-1.6462,-2.7387,0,3.5003,-3.2227,-2.0278,-0.5746,-2.0975,-1.174,4.7982,0.47132,-3.1709,3.6717,-5.9093,-4.7422,-1.6571,0.68252,4.1567,1.5613,-1.3939,-0.83987,2.2456,1.2502,3.5003,0,0.55329,-6.04,0.57505,0.059724,3.0294,1.0883,-0.65102,-1.0552,2.428,-1.0641,4.416,-2.8002,1.4433,1.8917,1.5884,-1.2563,-6.1374,6.2674,1.1545,-3.2227,0.55329,0,-6.5528,-0.27832,-1.0414,-0.95189,-0.51489,-2.8009,7.0373,-4.5447,4.2922,1.847,-0.076974,2.0468,-5.8629,-1.974,1.8232,0.51349,-4.0834,1.8791,-2.0278,-6.04,-6.5528,0,1.2311,-8.6286,5.9557,1.4614,0.16376,5.6412,-6.1539,4.0929,1.8479,-6.3669,-3.0476,-6.2033,-1.9838,0.53022,-2.8237,-3.0826,6.6302,-0.5746,0.57505,-0.27832,1.2311,0
