0,2.1343,-10.192,-1.4394,0.97035,3.6948,1.729,3.5278,5.8062,-4.7027,-3.7799,-5.142,7.7951,0.37341,-0.75752,-4.8706,-7.3434,-0.51372,0.095408,-6.0715,1.5046,2.1343,0,-1.3194,5.3403,2.871,0.77801,14.02,7.4105,-3.6592,-2.6149,2.3363,-4.1282,3.8123,-2.8323,1.2751,-3.049,-8.2902,-2.178,1.0462,-2.8787,-1.8272,-10.192,-1.3194,0,-1.9859,-4.3618,-7.4816,0.72234,-7.2128,-1.8753,4.8742,6.5992,8.3803,-2.3974,3.8733,-4.0486,8.0028,5.4556,-2.2149,-4.0328,3.0929,-3.573,-1.4394,5.3403,-1.9859,0,-0.9022,-0.96607,3.0977,6.3764,-6.1817,-1.1224,-1.0956,-4.801,-1.928,-0.73197,5.6095,-0.40178,0.41931,2.8807,4.2767,3.8102,3.2682,0.97035,2.871,-4.3618,-0.9022,0,7.0683,1.2896,5.4224,-3.6091,-0.28473,-0.66022,-2.9498,-3.1619,-14.475,2.8778,-7.5075,-5.0143,-1.0314,2.429,-0.79094,-1.091,3.6948,0.77801,-7.4816,-0.96607,7.0683,0,-1.8093,7.098,1.7158,-6.1545,-6.6401,-6.4329,1.268,-7.1689,6.559,-15.312,-4.864,3.8935,7.5375,-7.2861,1.02,1.729,14.02,0.72234,3.0977,1.2896,-1.8093,0,4.097,-2.217,-0.43933,4.7073,-1.4572,4.2503,-0.43393,-2.2878,-0.71337,-6.6257,-4.7545,-1.5728,-1.3321,-2.0911,3.5278,7.4105,-7.2128,6.3764,5.4224,7.098,4.097,0,-2.432,-5.3322,-3.9717,-8.9119,2.3906,-5.3603,7.5261,-9.8748,-7.7414,2.8426,8.6515,-3.7315,2.3291,5.8062,-3.6592,-1.8753,-6.1817,-3.6091,1.7158,-2.217,-2.432,0,-2.7036,-1.6811,2.0371,7.094,3.8199,-4.8489,-0.57582,-2.6751,-2.0003,-2.7524,-5.4362,-2.7295,-4.7027,-2.6149,4.8742,-1.1224,-0.28473,-6.1545,-0.43933,-5.3322,-2.7036,0,10.904,11.031,-4.1682,-0.84925,-6.4364,3.9102,5.2003,-5.8683,-7.8478,8.5964,-4.4057,-3.7799,2.3363,6.5992,-1.0956,-0.66022,-6.6401,4.7073,-3.9717,-1.6811,10.904,0,10.318,-0.48013,-0.55391,-8.5841,3.8188,0.95743,-9.3902,-9.6064,4.2795,-7.9184,-5.142,-4.1282,8.3803,-4.801,-2.9498,-6.4329,-1.4572,-8.9119,2.0371,11.031,10.318,0,-1.4545,1.5687,-9.5582,5.7053,4.0924,-6.9948,-10.009,4.2457,-8.5474,7.7951,3.8123,-2.3974,-1.928,-3.1619,1.268,4.2503,2.3906,7.094,-4.1682,-0.48013,-1.4545,0,4.0188,-2.7975,-2.4361,-7.2662,-2.1493,-0.87764,-9.1576,-1.3902,0.37341,-2.8323,3.8733,-0.73197,-14.475,-7.1689,-0.43393,-5.3603,3.8199,-0.84925,-0.55391,1.5687,4.0188,0,-3.6381,7.5507,3.7126,0.47909,-2.3492,0.20875,2.9582,-0.75752,1.2751,-4.0486,5.6095,2.8778,6.559,-2.2878,7.5261,-4.8489,-6.4364,-8.5841,-9.5582,-2.7975,-3.6381,0,-5.5575,-0.30707,11.525,15.727,-2.0882,5.775,-4.8706,-3.049,8.0028,-0.40178,-7.5075,-15.312,-0.71337,-9.8748,-0.57582,3.9102,3.8188,5.7053,-2.4361,7.5507,-5.5575,0,6.417,-2.4512,-6.6604,6.573,-0.2806,-7.3434,-8.2902,5.4556,0.41931,-5.0143,-4.864,-6.6257,-7.7414,-2.6751,5.2003,0.95743,4.0924,-7.2662,3.7126,-0.30707,6.417,0,2.8107,-1.0852,7.934,3.1206,-0.51372,-2.178,-2.2149,2.8807,-1.0314,3.8935,-4.7545,2.8426,-2.0003,-5.8683,-9.3902,-6.9948,-2.1493,0.47909,11.525,-2.4512,2.8107,0,10.587,-2.0513,8.3227,0.095408,1.0462,-4.0328,4.2767,2.429,7.5375,-1.5728,8.6515,-2.7524,-7.8478,-9.6064,-10.009,-0.87764,-2.3492,15.727,-6.6604,-1.0852,10.587,0,-3.5122,6.7596,-6.0715,-2.8787,3.0929,3.8102,-0.79094,-7.2861,-1.3321,-3.7315,-5.4362,8.5964,4.2795,4.2457,-9.1576,0.20875,-2.0882,6.573,7.934,-2.0513,-3.5122,0,0.92446,1.5046,-1.8272,-3.573,3.2682,-1.091,1.02,-2.0911,2.3291,-2.7295,-4.4057,-7.9184,-8.5474,-1.3902,2.9582,5.775,-0.2806,3.1206,8.3227,6.7596,0.92446,0
