0,19.774,-5.9278,26.226,0.30818,16.739,-3.0112,6.193,-5.4488,23.615,-8.1379,-14.666,-2.2875,9.9888,-0.35037,-12.675,-1.8865,23.485,-2.666,6.1491,-7.938,21.664,-8.837,8.8512,-0.27146,1.0284,10.394,31.164,2.5545,-0.41235,10.298,-6.0036,-2.6123,-11.485,6.1823,-6.9178,23.542,-26.639,-6.5217,-5.801,30.919,-12.514,-8.899,-1.7277,1.9545,4.8413,10.73,0.47509,10.088,-26.518,-27.31,6.7424,2.1797,0.18061,1.3532,19.774,0,6.4647,42.794,-8.6557,15.654,1.2499,14.421,-9.276,12.243,-15.353,-2.6491,-9.1637,8.148,-13.293,1.3849,-2.4725,17.07,5.0286,-2.9578,-22.937,25.303,-6.9318,10.949,0.66125,16.065,20.778,17.776,9.0449,-14.494,4.7417,-12.087,-0.87795,-20.669,4.5995,-2.3405,11.747,-17.25,1.0735,-21.415,12.692,-23.837,-0.47458,0.50377,-5.0257,18.608,13.56,-1.1915,-2.3879,-9.3955,-15.768,1.48,5.8172,-0.43882,16.232,-5.9278,6.4647,0,1.954,-4.488,-4.0134,11.045,18.551,-14.912,-12.288,-7.2451,14.809,-3.8791,6.2404,-11.796,25.102,-9.4259,-8.5913,5.504,-26.001,-13.402,4.3481,-4.7009,1.5354,-7.4945,17.973,6.9626,-8.3921,15.568,-18.393,-9.6709,-17.325,-1.2375,-1.1526,5.8986,7.0089,-13.206,-0.076365,5.4306,-13.084,-13.142,-12.571,8.6372,-3.3391,-11.344,20.04,-0.10272,-12.843,-45.089,8.6749,4.1115,-11.193,-2.6756,8.7279,17.509,26.226,42.794,1.954,0,-8.0646,17.599,-0.30371,10.755,-6.362,16.831,-12.733,-5.3774,-9.2264,7.2937,-10.303,-2.762,-0.20343,22.967,4.4934,0.51322,-17.279,25.96,-6.7137,10.136,2.6451,11.598,17.711,23.796,5.4824,-10.048,6.506,-8.4991,0.10806,-22.109,3.0947,-3.2709,16.475,-18.443,-0.78244,-17.464,18.632,-19.69,-1.8062,1.8524,-3.5209,13.958,15.536,1.3447,2.0328,-12.35,-18.16,3.2294,7.2247,-2.0919,12.176,0.30818,-8.6557,-4.488,-8.0646,0,-4.4126,-1.1506,0.15598,-8.6102,-2.3084,2.6682,-11.201,26.149,10.875,23.668,-8.0243,-16.716,-8.4139,-27.046,1.4952,8.0753,-2.8279,-6.8918,0.078893,-21.426,-18.237,-6.8446,-3.4636,4.871,13.857,2.7464,-5.6395,-12.813,23.918,17.721,-6.1448,-2.494,-6.9708,-8.9936,20.91,-2.1799,3.8794,-15.712,-19.799,9.761,-10.155,-14.636,-14.628,3.1118,-10.567,-4.8823,2.4255,-28.742,15.343,-21.59,16.739,15.654,-4.0134,17.599,-4.4126,0,-17.296,-1.5195,0.51883,28.564,-22.261,-15.445,0.93846,-2.3482,-9.6603,-2.1854,-0.98197,24.878,-4.1274,12.64,-15.915,6.3753,5.992,27.303,1.7582,7.5674,24.974,27.805,7.2449,-9.1255,26.439,-1.6151,-10.196,-14.283,3.9564,-20.165,26.539,-12.17,9.5309,-5.3965,14.2,-3.4335,-12.561,-4.2716,11.287,0.52345,1.7373,6.569,6.9239,-12.377,-22.904,21.381,2.23,-10.594,3.8594,-3.0112,1.2499,11.045,-0.30371,-1.1506,-17.296,0,16.492,-9.4928,-14.819,10.713,17.032,-9.8234,12.481,2.154,2.6834,-0.92896,-9.4924,10.444,-25.622,3.0415,8.8535,-19.21,-17.766,-1.7598,1.7521,-8.9733,-10.078,-1.926,0.93127,-32.193,-8.2696,13.648,1.9504,-0.74023,30.17,-14.32,0.56184,-13.979,-7.5047,-4.6039,-12.539,16.978,6.2743,-30.45,14.749,9.9592,-10.42,-10.867,5.3212,9.1734,-45.315,2.2607,15.293,6.8077,6.193,14.421,18.551,10.755,0.15598,-1.5195,16.492,0,-27.852,-4.1602,-5.2431,5.9336,-4.7116,22.767,-4.115,5.8184,-11.727,-1.584,3.0892,-21.794,-11.462,20.026,-20.859,0.2086,-9.8654,9.8917,5.9879,0.20504,12.7,-8.8409,-8.5771,-29.767,0.26574,-2.962,11.102,7.6745,-4.5628,-12.514,-6.413,-13.519,-0.2872,-33.254,4.3839,-3.8583,-14.041,26.832,7.2997,-18.114,-14.508,-3.6736,-4.5669,-12.621,-3.152,17.101,12.199,-5.4488,-9.276,-14.912,-6.362,-8.6102,0.51883,-9.4928,-27.852,0,3.6943,7.6738,0.18163,-4.7818,-27.624,-0.84479,-4.4734,25.381,4.2363,6.2491,15.302,9.8724,-13.037,17.949,-4.1133,22.396,-4.5069,-6.039,0.44247,-20.274,5.5403,3.37,48.521,8.2556,-3.7572,-24.127,-0.90737,4.3432,15.974,5.447,4.5266,2.223,18.669,3.6298,14.132,4.6797,-13.234,1.2664,31.776,12.639,7.6352,7.9809,6.4644,13.241,-23.978,-4.2202,23.615,12.243,-12.288,16.831,-2.3084,28.564,-14.819,-4.1602,3.6943,0,-10.393,-20.452,-0.10363,-1.2133,-2.7684,-11.568,2.9732,34.94,-3.9183,18.379,-6.7756,7.835,2.8004,14.364,4.7331,0.50013,12.401,42.563,-0.13096,-0.80828,22.56,2.54,-5.1305,-12.86,1.1465,-15.555,71.57,-13.06,1.7968,-1.9719,26.791,-1.9364,-12.594,-0.71228,10.419,-2.8768,5.3071,9.4472,16.694,-17.968,-22.96,18.913,4.3297,-10.275,-1.1869,-8.1379,-15.353,-7.2451,-12.733,2.6682,-22.261,10.713,-5.2431,7.6738,-10.393,0,7.5449,-3.7179,-1.0336,14.047,-8.2891,9.7439,-9.409,5.3985,-2.0117,30.383,-5.1615,-4.4112,-36.764,6.0616,-14.787,-41.209,-11.521,-21.929,19.376,-15.594,10.65,16.684,8.5799,-10.741,16.425,-9.2568,11.019,-14.78,7.7164,-2.5843,6.8921,10.138,11.022,-8.0283,-5.9356,3.5038,2.3711,4.8913,6.4524,16.112,-12.734,3.9168,3.2943,-8.5895,-14.666,-2.6491,14.809,-5.3774,-11.201,-15.445,17.032,5.9336,0.18163,-20.452,7.5449,0,-13.688,-2.5393,-7.6109,14.686,5.7326,-11.626,19.407,-19.145,0.70169,-1.8422,-1.271,-13.44,5.5757,9.0711,-5.8166,-16.674,-3.0214,-6.5259,-25.189,-0.34116,14.907,-1.235,-9.8942,23.764,-19.993,14.078,1.1338,-10.012,-13.893,-3.3225,33.33,11.741,-21.963,11.306,5.6727,-1.0693,-16.759,25.028,22.535,-22.08,8.188,1.9578,13.149,-2.2875,-9.1637,-3.8791,-9.2264,26.149,0.93846,-9.8234,-4.7116,-4.7818,-0.10363,-3.7179,-13.688,0,2.9078,12.33,-2.5555,-16.579,-6.759,-40.793,5.8809,3.3867,-8.8502,2.3495,7.4572,-19.13,-11.614,-0.91679,-2.4377,8.6922,6.9333,9.7596,-3.1962,-24.094,19.337,16.673,-15.065,-0.58446,-3.9193,1.3596,21.722,-4.9204,8.9806,-22.636,-27.288,20.327,-14.297,-28.391,-9.2787,2.1787,-7.3941,-5.7229,10.321,-30.553,6.5885,-18.42,9.9888,8.148,6.2404,7.2937,10.875,-2.3482,12.481,22.767,-27.624,-1.2133,-1.0336,-2.5393,2.9078,0,7.1398,-4.2103,-15.928,-1.7247,-5.5067,-11.285,-3.0864,17.95,-34,-1.1486,-15.996,-1.8254,0.42364,1.9553,8.9797,2.0405,-4.905,-22.902,-3.0267,3.9324,17.804,3.7107,-1.4192,-19.398,-15.975,-2.1497,3.7899,-18.601,-3.345,-8.962,-6.3764,10.168,3.3916,-22.997,-4.4226,-12.78,-8.7985,-8.3319,-9.9223,27.326,-0.12201,-0.35037,-13.293,-11.796,-10.303,23.668,-9.6603,2.154,-4.115,-0.84479,-2.7684,14.047,-7.6109,12.33,7.1398,0,-16.618,-4.2387,-7.2288,-12.613,3.5587,21.213,-3.3873,-7.6591,-9.3178,-7.7149,-38.412,-18.261,-4.3376,-6.5384,33.767,-2.0112,2.4385,-1.4556,19.756,5.2621,0.58628,-2.3458,-1.9141,-17.646,22.706,1.1566,6.8177,-7.4336,-5.7405,4.6822,-13.238,-6.2935,-6.1957,9.5695,-7.6417,0.46597,-1.5148,-11.342,10.652,-28.402,-12.675,1.3849,25.102,-2.762,-8.0243,-2.1854,2.6834,5.8184,-4.4734,-11.568,-8.2891,14.686,-2.5555,-4.2103,-16.618,0,-4.207,-8.6717,5.7064,-12.776,-11.751,-4.553,6.0966,3.9438,-2.5374,18.951,7.5605,-10.164,11.833,-21.308,-5.0254,-6.5525,-2.5362,-1.4038,0.47324,2.6803,-12.466,7.606,16.372,-9.2616,-18.91,-2.5161,8.016,-1.7114,-4.8412,9.6923,-4.7803,-4.2078,-28.011,16.448,7.9335,-4.5086,-0.50208,-0.23989,15.213,-1.8865,-2.4725,-9.4259,-0.20343,-16.716,-0.98197,-0.92896,-11.727,25.381,2.9732,9.7439,5.7326,-16.579,-15.928,-4.2387,-4.207,0,6.7387,17.397,7.0891,7.0257,-3.4435,8.1198,-8.6554,46.848,0.14262,-5.674,1.8046,-25.075,2.7645,-2.8288,23.162,20.107,-10.551,-42.506,6.9126,3.7978,12.499,0.79983,-3.9196,5.4417,6.5267,12.083,32.137,-4.9678,-2.8286,12.09,28.307,9.1778,8.2423,8.8036,-0.97177,28.642,-18.434,2.9299,23.485,17.07,-8.5913,22.967,-8.4139,24.878,-9.4924,-1.584,4.2363,34.94,-9.409,-11.626,-6.759,-1.7247,-7.2288,-8.6717,6.7387,0,2.5496,12.679,-8.8744,11.226,1.7547,11.001,9.289,4.9039,13.307,39.738,-1.719,-4.0108,14.539,2.5019,0.11066,-21.788,-2.7254,-8.901,35.656,-11.005,1.8096,-8.1044,28.285,-5.4038,-5.4613,4.5477,3.9747,2.0827,11.744,11.762,12.798,-12.628,-17.267,12.087,10.5,-12,4.4362,-2.666,5.0286,5.504,4.4934,-27.046,-4.1274,10.444,3.0892,6.2491,-3.9183,5.3985,19.407,-40.793,-5.5067,-12.613,5.7064,17.397,2.5496,0,-7.4305,-1.7594,4.3489,-0.0022331,-9.5457,19.295,11.599,-1.1453,-1.9916,-9.2042,-7.1485,-12.63,4.686,25.661,-14.616,-19.761,17.677,-3.4302,8.697,0.58109,-18.514,0.26021,-5.7646,30.935,28.841,-21.1,12.494,19.802,9.2461,-4.6599,13.013,10.746,-12.186,27.679,-6.8734,18.016,6.1491,-2.9578,-26.001,0.51322,1.4952,12.64,-25.622,-21.794,15.302,18.379,-2.0117,-19.145,5.8809,-11.285,3.5587,-12.776,7.0891,12.679,-7.4305,0,4.1828,-6.3967,12.734,7.7946,6.837,-8.5057,1.8245,12.445,-7.1533,7.1726,21.505,15.223,-5.1342,-2.3854,-3.9825,-17.11,18.839,-0.48273,4.1519,9.8433,11.471,13.75,-13.479,-0.20044,20.666,-19.348,-3.5657,15.826,25.893,-8.0773,-7.9867,25.222,1.9871,-15.875,-11.618,-7.938,-22.937,-13.402,-17.279,8.0753,-15.915,3.0415,-11.462,9.8724,-6.7756,30.383,0.70169,3.3867,-3.0864,21.213,-11.751,7.0257,-8.8744,-1.7594,4.1828,0,-10.189,-0.50658,-19.351,3.2542,-25.749,-36.875,-9.557,-19.483,30.204,-7.0318,13.774,7.9225,13.66,-7.2776,6.7753,-5.9034,10.068,-11.74,17.364,-2.1333,14.094,2.1618,5.0435,0.44923,-15.19,-2.7941,3.0665,9.666,3.0284,11.416,-4.5736,-0.84059,1.7554,-18.358,21.664,25.303,4.3481,25.96,-2.8279,6.3753,8.8535,20.026,-13.037,7.835,-5.1615,-1.8422,-8.8502,17.95,-3.3873,-4.553,-3.4435,11.226,4.3489,-6.3967,-10.189,0,-19.301,2.1517,-1.6817,6.695,7.9879,12.842,4.6338,-4.6793,-1.4441,-13.939,3.1716,-11.606,5.9103,3.6548,7.7912,-20.938,-9.8302,-14.715,14.388,-32.5,1.1045,1.2541,-9.9582,18.369,17.594,-5.7829,-0.69146,-12.641,-12.858,-5.0677,3.6863,7.109,9.538,-8.837,-6.9318,-4.7009,-6.7137,-6.8918,5.992,-19.21,-20.859,17.949,2.8004,-4.4112,-1.271,2.3495,-34,-7.6591,6.0966,8.1198,1.7547,-0.0022331,12.734,-0.50658,-19.301,0,7.1958,8.7061,2.6726,3.7872,-0.60414,-2.5551,-4.3256,10.111,15.165,-3.873,-2.2031,-9.2263,-9.9875,2.6731,13.582,23.447,3.8069,-4.8637,18.651,-2.1219,2.0454,12.276,-11.434,-8.7152,15.948,3.0444,9.1659,4.3157,13.987,4.058,-22.962,-0.92931,8.8512,10.949,1.5354,10.136,0.078893,27.303,-17.766,0.2086,-4.1133,14.364,-36.764,-13.44,7.4572,-1.1486,-9.3178,3.9438,-8.6554,11.001,-9.5457,7.7946,-19.351,2.1517,7.1958,0,-5.6461,8.5483,28.601,13.802,16.805,-12.284,24.819,-6.2636,-21.041,-6.3422,10.463,-26.231,13.087,-10.694,14.603,-2.5071,4.4962,-2.1185,-16.23,-12.736,14.826,0.079046,-6.2806,0.044301,0.21909,-9.1129,-18.919,20.894,-5.3174,-5.5409,2.984,-0.27146,0.66125,-7.4945,2.6451,-21.426,1.7582,-1.7598,-9.8654,22.396,4.7331,6.0616,5.5757,-19.13,-15.996,-7.7149,-2.5374,46.848,9.289,19.295,6.837,3.2542,-1.6817,8.7061,-5.6461,0,3.3911,-2.0526,3.925,-19.193,-0.52241,-1.3915,19.25,18.224,-14.737,-36.038,5.6374,5.4679,10.507,2.8697,-6.969,6.4566,4.345,11.919,31.28,-5.1116,-0.58783,13.712,30.273,7.8931,7.706,6.6629,0.084053,35.689,-21.157,5.897,1.0284,16.065,17.973,11.598,-18.237,7.5674,1.7521,9.8917,-4.5069,0.50013,-14.787,9.0711,-11.614,-1.8254,-38.412,18.951,0.14262,4.9039,11.599,-8.5057,-25.749,6.695,2.6726,8.5483,3.3911,0,18.633,3.0211,10.332,-43.776,-0.58221,-7.8641,0.73381,-16.642,-1.3783,1.3487,-0.022741,-0.88107,13.268,-27.374,-2.3053,-11.882,7.8837,3.2879,-7.5642,19.779,6.6114,0.82628,-14.399,6.3802,-1.1886,-1.7925,7.9575,-4.6584,36.86,10.394,20.778,6.9626,17.711,-6.8446,24.974,-8.9733,5.9879,-6.039,12.401,-41.209,-5.8166,-0.91679,0.42364,-18.261,7.5605,-5.674,13.307,-1.1453,1.8245,-36.875,7.9879,3.7872,28.601,-2.0526,18.633,0,14.446,16.681,-22.255,13.789,-9.2561,-10.835,-14.217,6.8969,-12.789,11.328,-10.969,13.705,-12.292,5.2758,-9.2745,-6.6227,-6.0544,4.7732,8.7391,1.1491,0.30744,-4.0344,-5.9705,-15.811,10.931,0.65069,-5.4124,12.449,31.164,17.776,-8.3921,23.796,-3.4636,27.805,-10.078,0.20504,0.44247,42.563,-11.521,-16.674,-2.4377,1.9553,-4.3376,-10.164,1.8046,39.738,-1.9916,12.445,-9.557,12.842,-0.60414,13.802,3.925,3.0211,14.446,0,1.5153,-2.8805,17.516,-0.86341,-3.8821,-15.737,2.2894,-12.043,41.334,-16.803,0.31532,-5.5939,29.791,-6.5604,-10.09,-0.26949,6.3397,1.4669,8.4503,6.8366,12.708,-19.143,-25.701,13.789,5.0436,-7.4739,1.9521,2.5545,9.0449,15.568,5.4824,4.871,7.2449,-1.926,12.7,-20.274,-0.13096,-21.929,-3.0214,8.6922,8.9797,-6.5384,11.833,-25.075,-1.719,-9.2042,-7.1533,-19.483,4.6338,-2.5551,16.805,-19.193,10.332,16.681,1.5153,0,-14.339,5.5738,-23.54,-19.558,1.2614,22.435,-8.8912,-1.1455,-11.017,7.781,-4.1082,-5.1891,-9.3247,-8.5225,-20.409,3.9345,8.1028,-8.3722,-15.785,-13.74,-4.5502,-9.9716,3.482,-13.861,8.331,5.9028,-0.41235,-14.494,-18.393,-10.048,13.857,-9.1255,0.93127,-8.8409,5.5403,-0.80828,19.376,-6.5259,6.9333,2.0405,33.767,-21.308,2.7645,-4.0108,-7.1485,7.1726,30.204,-4.6793,-4.3256,-12.284,-0.52241,-43.776,-22.255,-2.8805,-14.339,0,-2.0248,9.0227,3.3695,13.205,-1.4085,2.0252,-0.11448,1.5402,-16.844,20.185,3.741,9.8607,-4.2616,0.49807,3.8183,-15.913,-2.5392,0.56895,15.139,-5.4175,2.6271,-0.89194,-4.2495,4.28,-26.241,10.298,4.7417,-9.6709,6.506,2.7464,26.439,-32.193,-8.5771,3.37,22.56,-15.594,-25.189,9.7596,-4.905,-2.0112,-5.0254,-2.8288,14.539,-12.63,21.505,-7.0318,-1.4441,10.111,24.819,-1.3915,-0.58221,13.789,17.516,5.5738,-2.0248,0,2.2868,-16.774,-4.155,5.6694,-40.454,21.378,-8.3538,9.5372,4.5958,9.7978,4.9782,-23.302,-9.2645,26.096,-9.2136,-6.6095,6.1459,11.159,-12.791,-18.798,46.254,-3.7843,-10.032,-5.3126,-6.0036,-12.087,-17.325,-8.4991,-5.6395,-1.6151,-8.2696,-29.767,48.521,2.54,10.65,-0.34116,-3.1962,-22.902,2.4385,-6.5525,23.162,2.5019,4.686,15.223,13.774,-13.939,15.165,-6.2636,19.25,-7.8641,-9.2561,-0.86341,-23.54,9.0227,2.2868,0,8.488,-1.0364,-22.021,-0.13144,3.2563,16.042,2.7915,7.2602,1.9478,20.913,3.0475,13.099,4.8426,-15.85,0.39394,25.501,14.152,6.8374,8.7756,5.4181,10.947,-18.728,-7.1373,-2.6123,-0.87795,-1.2375,0.10806,-12.813,-10.196,13.648,0.26574,8.2556,-5.1305,16.684,14.907,-24.094,-3.0267,-1.4556,-2.5362,20.107,0.11066,25.661,-5.1342,7.9225,3.1716,-3.873,-21.041,18.224,0.73381,-10.835,-3.8821,-19.558,3.3695,-16.774,8.488,0,-6.8454,-21.239,24.266,-4.2281,9.1158,-8.1787,-7.9,2.2255,-2.3004,25.53,33.557,-20.313,5.7661,19.362,8.4769,1.2651,9.3296,13.075,-15.494,21.075,-3.2308,6.3109,-11.485,-20.669,-1.1526,-22.109,23.918,-14.283,1.9504,-2.962,-3.7572,-12.86,8.5799,-1.235,19.337,3.9324,19.756,-1.4038,-10.551,-21.788,-14.616,-2.3854,13.66,-11.606,-2.2031,-6.3422,-14.737,-16.642,-14.217,-15.737,1.2614,13.205,-4.155,-1.0364,-6.8454,0,8.3805,0.034168,-12.94,3.9606,-5.4713,22.918,-12.68,9.7121,-5.6898,-11.922,5.5396,-11.473,-18.978,-11.945,-1.9112,1.2138,6.2981,-2.7708,-20.793,12.836,-18.238,6.1823,4.5995,5.8986,3.0947,17.721,3.9564,-0.74023,11.102,-24.127,1.1465,-10.741,-9.8942,16.673,17.804,5.2621,0.47324,-42.506,-2.7254,-19.761,-3.9825,-7.2776,5.9103,-9.2263,10.463,-36.038,-1.3783,6.8969,2.2894,22.435,-1.4085,5.6694,-22.021,-21.239,8.3805,0,-9.2557,0.39883,-17.767,-2.3652,4.1075,-0.92275,-7.4302,-15.907,-32.421,6.5965,2.0774,-9.838,-23.368,-5.0462,-13.481,-13.67,3.3035,-25.87,16.688,-4.1608,-6.9178,-2.3405,7.0089,-3.2709,-6.1448,-20.165,30.17,7.6745,-0.90737,-15.555,16.425,23.764,-15.065,3.7107,0.58628,2.6803,6.9126,-8.901,17.677,-17.11,6.7753,3.6548,-9.9875,-26.231,5.6374,1.3487,-12.789,-12.043,-8.8912,2.0252,-40.454,-0.13144,24.266,0.034168,-9.2557,0,-14.582,7.7597,-10.485,-7.1388,-5.2482,-6.0074,28.577,14.564,-32.452,10.222,11.794,-2.3131,-7.636,11.477,16.748,-37.592,8.5565,6.5486,6.9103,23.542,11.747,-13.206,16.475,-2.494,26.539,-14.32,-4.5628,4.3432,71.57,-9.2568,-19.993,-0.58446,-1.4192,-2.3458,-12.466,3.7978,35.656,-3.4302,18.839,-5.9034,7.7912,2.6731,13.087,5.4679,-0.022741,11.328,41.334,-1.1455,-0.11448,21.378,3.2563,-4.2281,-12.94,0.39883,-14.582,0,-12.502,1.1896,-1.8226,28.335,-1.6749,-11.924,0.084618,9.9522,-3.1405,5.8928,10.116,17.855,-17.698,-21.689,18.159,4.9594,-10.549,-1.4631,-26.639,-17.25,-0.076365,-18.443,-6.9708,-12.17,0.56184,-12.514,15.974,-13.06,11.019,14.078,-3.9193,-19.398,-1.9141,7.606,12.499,-11.005,8.697,-0.48273,10.068,-20.938,13.582,-10.694,10.507,-0.88107,-10.969,-16.803,-11.017,1.5402,-8.3538,16.042,9.1158,3.9606,-17.767,7.7597,-12.502,0,6.8898,3.435,-14.453,15.838,12.579,10.619,-2.6111,-6.473,-3.8212,9.3791,-3.0198,29.317,29.871,-4.52,6.6951,-8.5333,-0.20376,-6.5217,1.0735,5.4306,-0.78244,-8.9936,9.5309,-13.979,-6.413,5.447,1.7968,-14.78,1.1338,1.3596,-15.975,-17.646,16.372,0.79983,1.8096,0.58109,4.1519,-11.74,-9.8302,23.447,14.603,2.8697,13.268,13.705,0.31532,7.781,-16.844,9.5372,2.7915,-8.1787,-5.4713,-2.3652,-10.485,1.1896,6.8898,0,-3.6822,-7.2604,6.173,-1.6913,-2.3143,8.2417,-1.2158,-8.0188,6.9263,-5.9073,8.588,0.66038,11.211,1.6408,-14.057,7.439,-5.801,-21.415,-13.084,-17.464,20.91,-5.3965,-7.5047,-13.519,4.5266,-1.9719,7.7164,-10.012,21.722,-2.1497,22.706,-9.2616,-3.9196,-8.1044,-18.514,9.8433,17.364,-14.715,3.8069,-2.5071,-6.969,-27.374,-12.292,-5.5939,-4.1082,20.185,4.5958,7.2602,-7.9,22.918,4.1075,-7.1388,-1.8226,3.435,-3.6822,0,-3.5537,19.096,-12.319,-9.2308,15.298,-29.008,-17.866,-1.6853,9.3492,-3.3578,1.5801,6.6336,-13.866,2.7258,-40.434,30.919,12.692,-13.142,18.632,-2.1799,14.2,-4.6039,-0.2872,2.223,26.791,-2.5843,-13.893,-4.9204,3.7899,1.1566,-18.91,5.4417,28.285,0.26021,11.471,-2.1333,14.388,-4.8637,4.4962,6.4566,-2.3053,5.2758,29.791,-5.1891,3.741,9.7978,1.9478,2.2255,-12.68,-0.92275,-5.2482,28.335,-14.453,-7.2604,-3.5537,0,-6.122,-6.2386,4.1063,2.2682,0.37191,13.359,7.4821,18.445,-19.366,-17.194,7.5012,7.3685,-5.0583,-1.1047,-12.514,-23.837,-12.571,-19.69,3.8794,-3.4335,-12.539,-33.254,18.669,-1.9364,6.8921,-3.3225,8.9806,-18.601,6.8177,-2.5161,6.5267,-5.4038,-5.7646,13.75,14.094,-32.5,18.651,-2.1185,4.345,-11.882,-9.2745,-6.5604,-9.3247,9.8607,4.9782,20.913,-2.3004,9.7121,-7.4302,-6.0074,-1.6749,15.838,6.173,19.096,-6.122,0,-4.1466,0.22178,13.618,-30.024,-13.657,10.038,8.4268,6.5698,8.3442,8.8399,-1.9394,-9.9296,-14.99,-8.899,-0.47458,8.6372,-1.8062,-15.712,-12.561,16.978,4.3839,3.6298,-12.594,10.138,33.33,-22.636,-3.345,-7.4336,8.016,12.083,-5.4613,30.935,-13.479,2.1618,1.1045,-2.1219,-16.23,11.919,7.8837,-6.6227,-10.09,-8.5225,-4.2616,-23.302,3.0475,25.53,-5.6898,-15.907,28.577,-11.924,12.579,-1.6913,-12.319,-6.2386,-4.1466,0,20.94,-26.951,11.315,12.626,3.603,-9.1232,18.932,19.03,-21.056,15.624,-1.1565,13.492,-1.7277,0.50377,-3.3391,1.8524,-19.799,-4.2716,6.2743,-3.8583,14.132,-0.71228,11.022,11.741,-27.288,-8.962,-5.7405,-1.7114,32.137,4.5477,28.841,-0.20044,5.0435,1.2541,2.0454,-12.736,31.28,3.2879,-6.0544,-0.26949,-20.409,0.49807,-9.2645,13.099,33.557,-11.922,-32.421,14.564,0.084618,10.619,-2.3143,-9.2308,4.1063,0.22178,20.94,0,-13.445,3.863,18.933,16.434,3.6217,9.8567,10.754,-7.9707,34.461,-10.705,7.8401,1.9545,-5.0257,-11.344,-3.5209,9.761,11.287,-30.45,-14.041,4.6797,10.419,-8.0283,-21.963,20.327,-6.3764,4.6822,-4.8412,-4.9678,3.9747,-21.1,20.666,0.44923,-9.9582,12.276,14.826,-5.1116,-7.5642,4.7732,6.3397,3.9345,3.8183,26.096,4.8426,-20.313,5.5396,6.5965,-32.452,9.9522,-2.6111,8.2417,15.298,2.2682,13.618,-26.951,-13.445,0,-19.714,-17.119,3.3097,10.287,-8.2908,-9.6721,30.602,-10.291,-6.3754,-14.176,4.8413,18.608,20.04,13.958,-10.155,0.52345,14.749,26.832,-13.234,-2.8768,-5.9356,11.306,-14.297,10.168,-13.238,9.6923,-2.8286,2.0827,12.494,-19.348,-15.19,18.369,-11.434,0.079046,-0.58783,19.779,8.7391,1.4669,8.1028,-15.913,-9.2136,-15.85,5.7661,-11.473,2.0774,10.222,-3.1405,-6.473,-1.2158,-29.008,0.37191,-30.024,11.315,3.863,-19.714,0,13.76,-7.0183,-15.053,1.7885,-1.3584,-12.567,5.7972,6.2383,26.415,10.73,13.56,-0.10272,15.536,-14.636,1.7373,9.9592,7.2997,1.2664,5.3071,3.5038,5.6727,-28.391,3.3916,-6.2935,-4.7803,12.09,11.744,19.802,-3.5657,-2.7941,17.594,-8.7152,-6.2806,13.712,6.6114,1.1491,8.4503,-8.3722,-2.5392,-6.6095,0.39394,19.362,-18.978,-9.838,11.794,5.8928,-3.8212,-8.0188,-17.866,13.359,-13.657,12.626,18.933,-17.119,13.76,0,6.3802,2.7575,-1.5178,-1.1435,-8.4473,21.167,-2.7941,12.2,0.47509,-1.1915,-12.843,1.3447,-14.628,6.569,-10.42,-18.114,31.776,9.4472,2.3711,-1.0693,-9.2787,-22.997,-6.1957,-4.2078,28.307,11.762,9.2461,15.826,3.0665,-5.7829,15.948,0.044301,30.273,0.82628,0.30744,6.8366,-15.785,0.56895,6.1459,25.501,8.4769,-11.945,-23.368,-2.3131,10.116,9.3791,6.9263,-1.6853,7.4821,10.038,3.603,16.434,3.3097,-7.0183,6.3802,0,12.897,4.4062,2.7222,8.2924,19.895,-35.419,1.0596,10.088,-2.3879,-45.089,2.0328,3.1118,6.9239,-10.867,-14.508,12.639,16.694,4.8913,-16.759,2.1787,-4.4226,9.5695,-28.011,9.1778,12.798,-4.6599,25.893,9.666,-0.69146,3.0444,0.21909,7.8931,-14.399,-4.0344,12.708,-13.74,15.139,11.159,14.152,1.2651,-1.9112,-5.0462,-7.636,17.855,-3.0198,-5.9073,9.3492,18.445,8.4268,-9.1232,3.6217,10.287,-15.053,2.7575,12.897,0,-11.723,-7.3049,11.869,3.9513,-8.8895,-13.832,-26.518,-9.3955,8.6749,-12.35,-10.567,-12.377,5.3212,-3.6736,7.6352,-17.968,6.4524,25.028,-7.3941,-12.78,-7.6417,16.448,8.2423,-12.628,13.013,-8.0773,3.0284,-12.641,9.1659,-9.1129,7.706,6.3802,-5.9705,-19.143,-4.5502,-5.4175,-12.791,6.8374,9.3296,1.2138,-13.481,11.477,-17.698,29.317,8.588,-3.3578,-19.366,6.5698,18.932,9.8567,-8.2908,1.7885,-1.5178,4.4062,-11.723,0,29.864,-9.3619,6.9315,-4.8741,7.3612,-27.31,-15.768,4.1115,-18.16,-4.8823,-22.904,9.1734,-4.5669,7.9809,-22.96,16.112,22.535,-5.7229,-8.7985,0.46597,7.9335,8.8036,-17.267,10.746,-7.9867,11.416,-12.858,4.3157,-18.919,6.6629,-1.1886,-15.811,-25.701,-9.9716,2.6271,-18.798,8.7756,13.075,6.2981,-13.67,16.748,-21.689,29.871,0.66038,1.5801,-17.194,8.3442,19.03,10.754,-9.6721,-1.3584,-1.1435,2.7222,-7.3049,29.864,0,-13.769,5.1067,-0.80337,1.2089,6.7424,1.48,-11.193,3.2294,2.4255,21.381,-45.315,-12.621,6.4644,18.913,-12.734,-22.08,10.321,-8.3319,-1.5148,-4.5086,-0.97177,12.087,-12.186,25.222,-4.5736,-5.0677,13.987,20.894,0.084053,-1.7925,10.931,13.789,3.482,-0.89194,46.254,5.4181,-15.494,-2.7708,3.3035,-37.592,18.159,-4.52,11.211,6.6336,7.5012,8.8399,-21.056,-7.9707,30.602,-12.567,-8.4473,8.2924,11.869,-9.3619,-13.769,0,-3.2684,-12.467,-6.7721,2.1797,5.8172,-2.6756,7.2247,-28.742,2.23,2.2607,-3.152,13.241,4.3297,3.9168,8.188,-30.553,-9.9223,-11.342,-0.50208,28.642,10.5,27.679,1.9871,-0.84059,3.6863,4.058,-5.3174,35.689,7.9575,0.65069,5.0436,-13.861,-4.2495,-3.7843,10.947,21.075,-20.793,-25.87,8.5565,4.9594,6.6951,1.6408,-13.866,7.3685,-1.9394,15.624,34.461,-10.291,5.7972,21.167,19.895,3.9513,6.9315,5.1067,-3.2684,0,-15.361,11.84,0.18061,-0.43882,8.7279,-2.0919,15.343,-10.594,15.293,17.101,-23.978,-10.275,3.2943,1.9578,6.5885,27.326,10.652,-0.23989,-18.434,-12,-6.8734,-15.875,1.7554,7.109,-22.962,-5.5409,-21.157,-4.6584,-5.4124,-7.4739,8.331,4.28,-10.032,-18.728,-3.2308,12.836,16.688,6.5486,-10.549,-8.5333,-14.057,2.7258,-5.0583,-9.9296,-1.1565,-10.705,-6.3754,6.2383,-2.7941,-35.419,-8.8895,-4.8741,-0.80337,-12.467,-15.361,0,-3.1102,1.3532,16.232,17.509,12.176,-21.59,3.8594,6.8077,12.199,-4.2202,-1.1869,-8.5895,13.149,-18.42,-0.12201,-28.402,15.213,2.9299,4.4362,18.016,-11.618,-18.358,9.538,-0.92931,2.984,5.897,36.86,12.449,1.9521,5.9028,-26.241,-5.3126,-7.1373,6.3109,-18.238,-4.1608,6.9103,-1.4631,-0.20376,7.439,-40.434,-1.1047,-14.99,13.492,7.8401,-14.176,26.415,12.2,1.0596,-13.832,7.3612,1.2089,-6.7721,11.84,-3.1102,0
