0,2.9546,-5.8147,-1.8938,-3.2671,-4.3003,4.2781,0.5642,4.5285,2.0391,-3.2789,-0.77961,2.6842,5.6723,-4.8052,-1.1545,1.2861,-1.8019,1.5603,-1.5546,6.3297,2.9546,0,-1.596,-2.5296,-4.934,-3.8205,0.055855,1.8816,1.9607,3.5036,1.4364,-2.5704,3.3963,-0.77593,-6.1977,-0.62969,-0.74666,-4.7284,0.80924,-4.2217,-0.88173,-5.8147,-1.596,0,-2.1944,-0.55304,-1.3905,-2.2721,-2.3282,-1.2081,-0.050642,4.373,7.7372,-3.2993,-0.68003,1.9662,-1.1096,3.0831,6.0608,-3.0789,4.5183,-4.3815,-1.8938,-2.5296,-2.1944,0,3.7578,1.8073,3.6411,3.3663,-1.666,-2.2127,-0.97764,-5.4959,-1.6272,0.58096,1.394,-0.7491,0.68785,-3.3693,-4.0174,-0.01712,2.7768,-3.2671,-4.934,-0.55304,3.7578,0,10.04,1.8971,1.6249,-2.1295,-7.0465,-2.0205,-3.8913,-5.3793,-0.89016,0.72741,3.1185,-5.2465,-2.2401,-1.1887,3.3619,-0.061123,-4.3003,-3.8205,-1.3905,1.8073,10.04,0,-1.3139,0.44473,-2.0451,-6.9345,-2.0414,-3.1587,-2.0759,-2.9143,0.75383,2.8599,-4.8436,-0.49894,1.4396,-0.11509,-4.1244,4.2781,0.055855,-2.2721,3.6411,1.8971,-1.3139,0,2.4787,-3.1615,2.2137,0.93296,-1.0376,-5.0007,2.6188,-1.1181,-0.99445,1.5611,-0.51908,0.73501,5.1761,4.7826,0.5642,1.8816,-2.3282,3.3663,1.6249,0.44473,2.4787,0,1.5544,-0.21495,-2.7021,-4.2395,0.58249,2.4761,-3.6675,-1.2061,-0.88502,-3.867,-0.14608,-1.6614,0.042139,4.5285,1.9607,-1.2081,-1.666,-2.1295,-2.0451,-3.1615,1.5544,0,-1.7176,-3.811,-2.4791,4.7701,5.0122,-4.2537,1.8224,0.31588,-2.7189,-2.2651,-4.0699,2.5565,2.0391,3.5036,-0.050642,-2.2127,-7.0465,-6.9345,2.2137,-0.21495,-1.7176,0,6.2577,4.0496,-0.80581,-2.5735,0.071591,-5.7018,4.7002,2.2541,1.3244,0.96606,0.87615,-3.2789,1.4364,4.373,-0.97764,-2.0205,-2.0414,0.93296,-2.7021,-3.811,6.2577,0,4.5305,-3.4773,-3.9301,2.4966,-4.7686,3.0024,3.8786,-1.0463,4.6309,-3.406,-0.77961,-2.5704,7.7372,-5.4959,-3.8913,-3.1587,-1.0376,-4.2395,-2.4791,4.0496,4.5305,0,-3.7096,-1.3373,4.119,-5.0795,5.3424,12.301,0.87363,4.4732,-2.7359,2.6842,3.3963,-3.2993,-1.6272,-5.3793,-2.0759,-5.0007,0.58249,4.7701,-0.80581,-3.4773,-3.7096,0,1.1483,-3.6058,1.1751,0.21344,-3.8591,-0.51135,-7.6337,1.3193,5.6723,-0.77593,-0.68003,0.58096,-0.89016,-2.9143,2.6188,2.4761,5.0122,-2.5735,-3.9301,-1.3373,1.1483,0,-5.3344,2.3549,0.96462,-0.39149,-1.9208,-0.361,2.9532,-4.8052,-6.1977,1.9662,1.394,0.72741,0.75383,-1.1181,-3.6675,-4.2537,0.071591,2.4966,4.119,-3.6058,-5.3344,0,-1.3618,0.52118,4.4021,1.4773,2.8998,-0.91292,-1.1545,-0.62969,-1.1096,-0.7491,3.1185,2.8599,-0.99445,-1.2061,1.8224,-5.7018,-4.7686,-5.0795,1.1751,2.3549,-1.3618,0,-5.1431,-3.427,0.51953,-2.186,0.35637,1.2861,-0.74666,3.0831,0.68785,-5.2465,-4.8436,1.5611,-0.88502,0.31588,4.7002,3.0024,5.3424,0.21344,0.96462,0.52118,-5.1431,0,2.805,-1.4625,2.0391,3.4829,-1.8019,-4.7284,6.0608,-3.3693,-2.2401,-0.49894,-0.51908,-3.867,-2.7189,2.2541,3.8786,12.301,-3.8591,-0.39149,4.4021,-3.427,2.805,0,1.3629,3.7469,-4.0344,1.5603,0.80924,-3.0789,-4.0174,-1.1887,1.4396,0.73501,-0.14608,-2.2651,1.3244,-1.0463,0.87363,-0.51135,-1.9208,1.4773,0.51953,-1.4625,1.3629,0,-0.2923,-0.85091,-1.5546,-4.2217,4.5183,-0.01712,3.3619,-0.11509,5.1761,-1.6614,-4.0699,0.96606,4.6309,4.4732,-7.6337,-0.361,2.8998,-2.186,2.0391,3.7469,-0.2923,0,0.35111,6.3297,-0.88173,-4.3815,2.7768,-0.061123,-4.1244,4.7826,0.042139,2.5565,0.87615,-3.406,-2.7359,1.3193,2.9532,-0.91292,0.35637,3.4829,-4.0344,-0.85091,0.35111,0
