0,-3.9125,-0.17135,8.977,0.50429,17.911,17.58,4.0933,10.401,5.1922,-4.7774,-6.6896,-2.9706,15.256,-54.9,0.97477,-14.168,4.6369,-4.4409,4.7685,10.831,22.336,-5.465,-4.8819,-4.4394,-2.0638,-5.3046,-9.9754,-13.714,-0.54983,-7.6231,1.9596,11.256,-2.4393,-2.4498,-1.448,-10.219,-20.084,-2.8173,-6.6329,22.667,-15.607,-1.6539,-13.19,-10.666,-4.5404,-10.808,-6.7669,20.679,-0.56355,7.4822,-2.849,12.381,-13.065,8.7786,-3.9125,0,-18.832,-8.847,11.646,-1.5051,-4.627,-24.821,-27.699,4.2964,32.192,24.374,5.9331,-9.9423,6.1193,6.902,8.5525,-2.2112,-27.652,5.475,-0.78367,8.5319,5.0506,7.3865,-1.7701,6.7289,-10.499,-7.4267,10.814,-4.8685,3.2314,-7.7606,-12.841,9.816,16.192,-19.618,18.07,-7.5924,-13.663,18.845,-2.2064,-9.893,6.0942,7.3754,-5.6015,5.1722,-13.069,12.804,1.9083,29.343,-1.3172,-8.3475,-10.839,-7.4166,-31.046,-0.17135,-18.832,0,12,-13.11,1.4112,-1.1261,32.254,19.487,-11.401,-16.74,-6.0121,-14.849,13.322,-1.4034,5.0987,-14.243,4.0586,17.421,6.994,-12.193,-10.492,-19.268,6.9776,16.387,7.8271,0.21881,0.2103,-11.993,-2.1281,3.485,24.256,21.542,-20.492,-45.578,14.699,-21.828,12.331,16.606,-34.585,6.4919,18.431,4.722,1.6872,-3.6866,-0.038378,12.292,-6.9927,-12.718,-9.1117,-10.783,5.4729,8.6293,-1.1069,20.92,8.977,-8.847,12,0,-25.307,24.21,-4.4895,19.178,19.735,7.655,-3.0475,-1.2529,-33.011,33.802,-8.7612,13.508,-7.2659,28.611,1.18,5.5236,2.723,3.1125,-9.711,0.20423,14.186,5.0234,-12.045,2.2837,-42.513,-18.439,-14.614,20.201,24.199,-1.8652,-15.553,16.93,-27.598,3.0245,20.912,-16.419,16.159,4.6478,14.783,-14.28,-4.1657,-17.756,8.6582,-24.498,0.94135,-2.8756,-12.707,-13.113,37.212,-8.2975,18.221,0.50429,11.646,-13.11,-25.307,0,-11.459,12.188,-19.685,-16.581,-7.2936,3.8396,2.869,25.105,-15.58,-0.26451,-8.2748,-0.23286,-24.222,-6.8761,1.523,-1.4351,6.3398,3.8137,2.4803,-14.163,-1.1829,4.8788,-12.498,19.588,15.563,14.336,-15.899,-13.753,-0.85311,13.951,-32.73,18.746,-13.326,-46.22,12.5,-4.1191,-13.392,-12.001,11.8,-4.9983,20.635,-22.527,27.248,4.9892,8.1011,14.999,10.477,-22.358,-1.5346,-16.726,17.911,-1.5051,1.4112,24.21,-11.459,0,0.52241,7.1232,10.966,14.728,2.5889,0.85124,-15.988,24.098,-15.933,11.797,-5.7598,23.516,-7.839,5.3459,10.185,15.126,-4.7983,-2.6662,5.2857,2.3714,-16.023,-2.1908,-26.084,-16.737,-19.078,8.9458,14.361,3.7368,-4.8245,6.2613,-14.466,-7.4242,7.7117,-6.883,21.321,-6.5191,11.561,-19.483,-7.1022,-17.403,-1.0452,-17.485,11.241,2.4622,-5.016,-18.544,26.879,-13.827,9.2264,17.58,-4.627,-1.1261,-4.4895,12.188,0.52241,0,-0.56259,4.1839,-5.7478,-10.784,-11.62,9.5004,1.9806,-19.478,-10.067,-14.163,-10.948,1.7301,1.5252,4.5845,10.869,-3.2825,-4.2137,-12.758,-5.4083,6.2555,-12.358,-0.069704,15.626,4.5855,-5.3979,2.6753,-8.0566,0.75584,-8.2599,-1.5062,-18.244,-12.517,-3.0542,7.9053,-13.87,-15.399,-1.525,-7.4675,8.0779,-15.21,4.6257,13.381,-3.6987,19.868,12.139,-1.4508,-4.3975,3.6941,4.0933,-24.821,32.254,19.178,-19.685,7.1232,-0.56259,0,33.196,-3.977,-17.397,-9.7639,-18.227,19.833,-5.6014,4.1486,-12.383,9.4061,16.086,3.1805,-4.1038,-6.7202,-13.765,0.8219,12.811,3.0095,-0.18069,3.4868,-19.974,-4.3874,-3.7576,21.677,26.266,-12.637,-33.116,22.245,-34.438,9.6225,22.332,-35.09,8.7825,13.612,4.5462,-5.9881,-1.1676,-6.913,14.138,-15.41,-5.9913,-12.891,-8.6669,1.3916,17.047,-0.65568,35.551,10.401,-27.699,19.487,19.735,-16.581,10.966,4.1839,33.196,0,-0.10409,-19.209,-15.055,-13.994,22.825,-12.248,0.83007,-12.954,9.6956,13.551,0.38578,2.3302,-1.4898,-9.7294,-4.6029,6.1228,-1.8463,1.026,3.219,-23.972,-2.5241,-7.8881,14.201,24.588,-9.0589,-20.736,19.893,-35.665,3.5045,16.746,-26.323,11.278,6.2448,0.94944,-12.26,-0.60375,-9.7438,9.7024,-19.481,1.2067,-15.596,-2.7221,0.79732,22.108,-0.99601,62.521,5.1922,4.2964,-11.401,7.655,-7.2936,14.728,-5.7478,-3.977,-0.10409,0,10.432,1.2983,-3.6272,3.616,-3.6309,2.0891,11.64,16.121,-10.456,-8.6368,23.334,9.2494,13.004,-13.351,-4.2596,-8.5949,-6.1131,9.2853,-6.5826,-11.603,-31.397,-4.96,-2.7962,26.226,9.3151,4.5135,0.26894,-4.5875,3.773,8.0823,1.3028,-8.2185,4.7879,-21.678,6.9483,-24.449,1.5684,-13.812,13.623,1.033,0.48658,-22.186,11.147,0.083718,-0.99708,-4.7774,32.192,-16.74,-3.0475,3.8396,2.5889,-10.784,-17.397,-19.209,10.432,0,25.373,0.71565,-6.2645,7.3107,10.051,12.699,4.6146,-27.348,3.1499,1.8894,7.1186,6.7977,4.7968,1.1603,5.738,-13.667,-1.7915,5.7542,-11.573,-3.0135,-5.0106,-10.364,15.423,13.992,-9.9497,12.803,-3.8191,-5.8858,17.027,-2.143,-6.7304,11.059,2.191,-2.1786,-1.9298,-6.2949,5.0013,1.5675,23.019,-5.4922,-16.49,-4.631,-6.0558,-20.852,-6.6896,24.374,-6.0121,-1.2529,2.869,0.85124,-11.62,-9.7639,-15.055,1.2983,25.373,0,-3.7426,-3.1303,8.9301,18.6,4.5491,3.4171,-18.615,12.768,-8.2499,3.4883,-2.8804,17.058,9.7284,17.987,-18.866,-7.196,4.1439,-13.031,3.904,3.0018,-3.8124,3.8648,4.2132,-9.7307,7.6254,-0.12001,-3.5771,7.1837,1.2022,-0.73619,17.685,9.5183,-9.0656,3.4928,-5.3265,8.2241,-6.1719,32.316,-13.028,-11.455,-5.552,-11.068,-15.865,-2.9706,5.9331,-14.849,-33.011,25.105,-15.988,9.5004,-18.227,-13.994,-3.6272,0.71565,-3.7426,0,-23.618,2.6874,-20.335,6.4107,-24.682,-1.0361,-9.402,3.7058,0.80176,13.166,-6.3707,-25.251,-11.323,14.963,-1.4003,24.535,22.841,8.5264,-29.657,-22.131,4.0138,18.659,-15.183,21.934,-7.5976,-23.016,16.562,-12.911,-9.7157,-22.633,6.5971,5.6176,12.196,-10.557,16.051,5.6918,-0.47925,22.922,12.672,-20.957,8.8807,-13.363,15.256,-9.9423,13.322,33.802,-15.58,24.098,1.9806,19.833,22.825,3.616,-6.2645,-3.1303,-23.618,0,-15.412,11.751,-14.928,17.641,1.4031,9.126,1.7451,6.5042,-14.703,1.6152,11.569,6.0594,-11.308,-3.3921,-46.087,-12.059,-9.8023,20.305,35.147,-6.6119,-17.815,11.415,-33.498,-1.5175,13.463,-21.254,25.485,1.3529,10.629,-12.091,-9.3738,-10.972,3.312,-17.319,3.2268,-2.4855,-8.2527,-8.0015,29.43,-12.554,20.5,-54.9,6.1193,-1.4034,-8.7612,-0.26451,-15.933,-19.478,-5.6014,-12.248,-3.6309,7.3107,8.9301,2.6874,-15.412,0,0.40407,15.757,-3.6079,2.0508,-4.119,-10.055,-18.756,6.0437,5.356,4.6397,2.7863,3.3923,9.3765,13.79,-1.005,6.7142,-2.2981,-12.147,4.017,3.7383,0.44566,11.379,18.031,2.2305,8.1765,-21.429,13.68,3.081,12.781,9.842,3.9112,9.5743,6.9489,-19.003,2.5718,-8.2074,0.85749,-12.305,11.321,-10.657,0.97477,6.902,5.0987,13.508,-8.2748,11.797,-10.067,4.1486,0.83007,2.0891,10.051,18.6,-20.335,11.751,0.40407,0,-4.586,14.653,-10.096,20.162,-7.8329,4.3723,-13.35,16.945,23.806,24.913,-34.765,-7.0568,-10.39,-26.205,-1.9577,18.133,10.9,-2.247,-8.2368,1.0355,-7.3189,1.8179,7.1207,-6.1508,12.774,3.3397,41.051,1.4179,-14.111,-3.6225,0.26668,-3.0754,-5.8795,15.184,-24.656,-15.754,7.6212,-18.842,0.080514,-14.168,8.5525,-14.243,-7.2659,-0.23286,-5.7598,-14.163,-12.383,-12.954,11.64,12.699,4.5491,6.4107,-14.928,15.757,-4.586,0,1.2653,-4.417,-15.949,6.9419,-5.4711,26.074,-8.2492,-5.9922,-9.0903,3.8685,16.714,10.703,-2.1783,-6.2863,-13.116,-20.753,24.71,16.796,0.42927,15.203,5.8774,-0.34712,20.943,-20.445,0.85581,-0.68287,-1.5542,19.215,-6.3245,5.8144,-0.01619,-0.60455,0.82496,0.53058,-6.7566,-5.8567,13.764,-12.313,4.6369,-2.2112,4.0586,28.611,-24.222,23.516,-10.948,9.4061,9.6956,16.121,4.6146,3.4171,-24.682,17.641,-3.6079,14.653,1.2653,0,-4.15,1.9102,6.1591,3.641,-2.3272,-1.7475,11.681,3.2049,-14.612,6.3291,-21.805,-28.939,-21.772,12.093,11.469,6.5717,-6.5134,14.321,-13.49,3.478,18.417,-6.1901,9.5023,2.9662,18.714,-16.001,-0.11622,-26.51,9.0945,-23.702,1.9074,0.66551,-13.966,-25.311,25.719,-5.9685,8.7705,-4.4409,-27.652,17.421,1.18,-6.8761,-7.839,1.7301,16.086,13.551,-10.456,-27.348,-18.615,-1.0361,1.4031,2.0508,-10.096,-4.417,-4.15,0,-6.9831,-4.8886,-18.662,-3.1106,-4.1968,1.4142,-5.863,17.199,8.9478,-1.8802,9.5416,3.6228,4.6801,5.5941,-11.172,-12.783,14.412,-8.7218,13.739,10.156,-12.606,-5.4753,16.021,-8.7818,0.72259,8.8761,1.0034,15.133,-4.7707,-8.8169,-26.316,1.0972,15.274,1.7635,13.895,15.612,4.7685,5.475,6.994,5.5236,1.523,5.3459,1.5252,3.1805,0.38578,-8.6368,3.1499,12.768,-9.402,9.126,-4.119,20.162,-15.949,1.9102,-6.9831,0,-14.227,6.3975,-25.574,27.292,14.958,32.817,-18.213,-22.777,-5.5752,-7.6079,8.6104,15.109,11.826,-13.267,-9.8972,-6.5984,-5.9335,-3.8532,-1.4328,-9.0393,16.722,-0.14387,13.606,8.744,-35.125,7.9617,-8.1245,5.6765,-5.1149,15.314,-11.015,-2.3901,0.96242,-26.984,-0.27446,10.831,-0.78367,-12.193,2.723,-1.4351,10.185,4.5845,-4.1038,2.3302,23.334,1.8894,-8.2499,3.7058,1.7451,-10.055,-7.8329,6.9419,6.1591,-4.8886,-14.227,0,11.1,15.618,-26.791,-15.114,-19.876,2.4621,7.3732,-4.1733,-0.25224,-21.585,-11.35,-3.929,17.557,11.106,2.3275,0.78418,-10.304,-1.4298,7.4499,0.77623,-14.095,-6.1291,-24.93,8.3787,-15.348,-2.2541,-10.897,26.136,-5.3679,12.048,-7.7569,8.3535,3.3575,1.5501,22.336,8.5319,-10.492,3.1125,6.3398,15.126,10.869,-6.7202,-1.4898,9.2494,7.1186,3.4883,0.80176,6.5042,-18.756,4.3723,-5.4711,3.641,-18.662,6.3975,11.1,0,-0.67303,-1.6411,-5.9812,0.70347,-11.262,-13.147,-5.4403,-3.663,-6.4094,-3.3505,2.1803,4.6274,6.6799,-10.49,-0.035245,-32.64,-10.022,3.5111,15.782,-29.216,1.7512,-8.1611,-12.471,-2.4277,-20.607,-0.3095,22.889,10.318,6.4573,-8.5614,4.9789,-17.489,-3.0897,-5.465,5.0506,-19.268,-9.711,3.8137,-4.7983,-3.2825,-13.765,-9.7294,13.004,6.7977,-2.8804,13.166,-14.703,6.0437,-13.35,26.074,-2.3272,-3.1106,-25.574,15.618,-0.67303,0,-18.415,-17.533,-20.717,9.473,14.283,10.593,4.4311,-7.9426,-24.557,-22.429,25.12,23.387,-1.4383,15.145,-1.0947,-4.9373,22.528,-17.037,-5.9233,-9.2867,-5.979,20.815,-5.9635,1.1422,-0.43767,7.7761,-3.5323,10.75,-2.523,-5.2446,15.509,-9.4467,-4.8819,7.3865,6.9776,0.20423,2.4803,-2.6662,-4.2137,0.8219,-4.6029,-13.351,4.7968,17.058,-6.3707,1.6152,5.356,16.945,-8.2492,-1.7475,-4.1968,27.292,-26.791,-1.6411,-18.415,0,17.277,39.808,-12.232,-14.458,1.1894,-5.702,15.124,12.555,5.3537,-12.579,-8.1596,-6.7309,-0.67755,3.0862,-1.1211,-5.3641,5.6345,5.9678,12.95,18.659,-17.668,12.353,-3.7066,10.655,-14.521,15.334,-14.551,0.37966,-5.4938,-13.166,-4.5966,-4.4394,-1.7701,16.387,14.186,-14.163,5.2857,-12.758,12.811,6.1228,-4.2596,1.1603,9.7284,-25.251,11.569,4.6397,23.806,-5.9922,11.681,1.4142,14.958,-15.114,-5.9812,-17.533,17.277,0,22.13,-13.975,-1.7514,-10.511,-16.939,1.348,31.334,14.716,-8.5803,-18.779,8.4482,-12.16,12.213,15.544,-13.792,7.3953,15.628,24.603,4.1276,-7.9484,-2.3292,9.3074,-4.7455,-16.357,4.8486,-38.461,-6.873,7.4254,-8.3845,6.1985,-2.0638,6.7289,7.8271,5.0234,-1.1829,2.3714,-5.4083,3.0095,-1.8463,-8.5949,5.738,17.987,-11.323,6.0594,2.7863,24.913,-9.0903,3.2049,-5.863,32.817,-19.876,0.70347,-20.717,39.808,22.13,0,-18.208,-13.691,-3.416,-10.704,9.1006,16.88,8.9442,-10.72,-10.023,-4.0463,-4.0876,2.4466,1.8187,-7.3305,9.6308,5.3518,18.952,11.865,-19.861,6.958,-2.7419,5.6754,-11.808,15.979,-18.704,-3.9221,-0.60081,-17.434,-2.1378,-5.3046,-10.499,0.21881,-12.045,4.8788,-16.023,6.2555,-0.18069,1.026,-6.1131,-13.667,-18.866,14.963,-11.308,3.3923,-34.765,3.8685,-14.612,17.199,-18.213,2.4621,-11.262,9.473,-12.232,-13.975,-18.208,0,9.3081,10.052,24.637,4.5604,-11.508,-8.4113,-1.3348,3.2594,2.4706,4.9633,4.2892,-2.7696,2.4505,-15.572,3.2334,-28.036,1.5469,15.837,4.6969,4.6863,2.7738,-0.50383,-19.221,14.995,19.968,-7.9148,24.566,2.2072,-9.9754,-7.4267,0.2103,2.2837,-12.498,-2.1908,-12.358,3.4868,3.219,9.2853,-1.7915,-7.196,-1.4003,-3.3921,9.3765,-7.0568,16.714,6.3291,8.9478,-22.777,7.3732,-13.147,14.283,-14.458,-1.7514,-13.691,9.3081,0,-0.17329,-1.8105,-11.5,-3.3708,-5.0205,11.349,1.8867,17.108,-0.073779,14.766,12.87,3.0519,-14.336,9.8884,-2.0849,-8.648,33.936,-14.321,22.442,-12.172,-2.9056,-14.125,-1.4104,-3.2202,4.3223,22.511,4.0718,-13.714,10.814,-11.993,-42.513,19.588,-26.084,-0.069704,-19.974,-23.972,-6.5826,5.7542,4.1439,24.535,-46.087,13.79,-10.39,10.703,-21.805,-1.8802,-5.5752,-4.1733,-5.4403,10.593,1.1894,-10.511,-3.416,10.052,-0.17329,0,13.373,13.818,-17.895,-28.024,3.5432,15.706,-14.786,32.302,0.14493,-16.453,18.446,-20.084,-1.964,-10.456,15.884,5.5969,15.516,-5.7913,23.222,-3.841,4.2539,8.2114,9.937,-40.609,9.2892,-21.586,-0.54983,-4.8685,-2.1281,-18.439,15.563,-16.737,15.626,-4.3874,-2.5241,-11.603,-11.573,-13.031,22.841,-12.059,-1.005,-26.205,-2.1783,-28.939,9.5416,-7.6079,-0.25224,-3.663,4.4311,-5.702,-16.939,-10.704,24.637,-1.8105,13.373,0,11.87,-12.983,-8.2302,-5.7998,4.7814,-6.9742,7.6539,-3.7352,-12.559,3.1312,-8.5749,-3.3073,-35.218,6.5713,4.3231,14.292,-5.5144,11.211,2.2468,-8.8653,21.717,30.05,-13.585,10.136,-1.7534,-7.6231,3.2314,3.485,-14.614,14.336,-19.078,4.5855,-3.7576,-7.8881,-31.397,-3.0135,3.904,8.5264,-9.8023,6.7142,-1.9577,-6.2863,-21.772,3.6228,8.6104,-21.585,-6.4094,-7.9426,15.124,1.348,9.1006,4.5604,-11.5,13.818,11.87,0,-0.20226,-3.5467,-15.302,-1.974,-11.962,7.1139,1.6221,-10.244,-0.55304,-4.1722,3.8541,-4.7786,35.149,-7.3112,41.924,-6.2607,25.762,-11.745,4.7638,1.0049,18.159,-20.443,-0.77407,-7.015,1.9596,-7.7606,24.256,20.201,-15.899,8.9458,-5.3979,21.677,14.201,-4.96,-5.0106,3.0018,-29.657,20.305,-2.2981,18.133,-13.116,12.093,4.6801,15.109,-11.35,-3.3505,-24.557,12.555,31.334,16.88,-11.508,-3.3708,-17.895,-12.983,-0.20226,0,27.32,-13.236,-30.918,11.158,-22.528,8.3501,17.133,-25.124,13.428,12.695,17.011,0.15963,-9.9776,-3.4241,8.2672,-8.3499,-10.476,0.38215,-21.384,-4.2814,12.842,-9.991,14.034,11.256,-12.841,21.542,24.199,-13.753,14.361,2.6753,26.266,24.588,-2.7962,-10.364,-3.8124,-22.131,35.147,-12.147,10.9,-20.753,11.469,5.5941,11.826,-3.929,2.1803,-22.429,5.3537,14.716,8.9442,-8.4113,-5.0205,-28.024,-8.2302,-3.5467,27.32,0,-13.727,-28.324,11.2,-39.012,1.4333,13.592,-34.253,21.848,5.3887,9.1492,-5.9452,-10.901,-5.3333,4.3828,-12.123,-1.638,-3.6458,-9.4637,-2.5439,19.508,-11.273,23.055,-2.4393,9.816,-20.492,-1.8652,-0.85311,3.7368,-8.0566,-12.637,-9.0589,26.226,15.423,3.8648,4.0138,-6.6119,4.017,-2.247,24.71,6.5717,-11.172,-13.267,17.557,4.6274,25.12,-12.579,-8.5803,-10.72,-1.3348,11.349,3.5432,-5.7998,-15.302,-13.236,-13.727,0,19.786,-0.55938,10.275,-2.6501,-1.5824,19.894,-7.7835,-7.6005,0.82293,-10.092,12.003,-12.712,0.52674,-4.63,9.3217,2.8393,3.0756,-14.255,0.81015,5.6131,-9.573,-2.4498,16.192,-45.578,-15.553,13.951,-4.8245,0.75584,-33.116,-20.736,9.3151,13.992,4.2132,18.659,-17.815,3.7383,-8.2368,16.796,-6.5134,-12.783,-9.8972,11.106,6.6799,23.387,-8.1596,-18.779,-10.023,3.2594,1.8867,15.706,4.7814,-1.974,-30.918,-28.324,19.786,0,-13.65,26.445,-9.3939,-16.573,42.884,-10.485,-14.805,-7.3852,-0.28729,6.6452,1.2267,-9.9461,8.1215,10.353,6.4543,12.29,-2.6771,-11.269,4.7148,-21.462,-1.448,-19.618,14.699,16.93,-32.73,6.2613,-8.2599,22.245,19.893,4.5135,-9.9497,-9.7307,-15.183,11.415,0.44566,1.0355,0.42927,14.321,14.412,-6.5984,2.3275,-10.49,-1.4383,-6.7309,8.4482,-4.0463,2.4706,17.108,-14.786,-6.9742,-11.962,11.158,11.2,-0.55938,-13.65,0,-17.402,15.438,36.189,-12.916,0.27562,15.347,4.2092,-11.613,9.9029,-17.065,29.104,-25.318,-4.9103,-16.894,-8.377,-3.7267,17.609,7.5462,21.114,-10.219,18.07,-21.828,-27.598,18.746,-14.466,-1.5062,-34.438,-35.665,0.26894,12.803,7.6254,21.934,-33.498,11.379,-7.3189,15.203,-13.49,-8.7218,-5.9335,0.78418,-0.035245,15.145,-0.67755,-12.16,-4.0876,4.9633,-0.073779,32.302,7.6539,7.1139,-22.528,-39.012,10.275,26.445,-17.402,0,-3.6035,-18.436,32.184,-16.281,-6.9074,-6.9901,9.856,5.1583,9.395,-8.4851,18.099,0.86982,8.4157,8.0912,2.757,-24.895,6.1219,-33.101,-20.084,-7.5924,12.331,3.0245,-13.326,-7.4242,-18.244,9.6225,3.5045,-4.5875,-3.8191,-0.12001,-7.5976,-1.5175,18.031,1.8179,5.8774,3.478,13.739,-3.8532,-10.304,-32.64,-1.0947,3.0862,12.213,2.4466,4.2892,14.766,0.14493,-3.7352,1.6221,8.3501,1.4333,-2.6501,-9.3939,15.438,-3.6035,0,17.472,-5.4817,-10.574,40.673,5.075,4.6019,10.578,-2.7929,29.361,-4.4406,-24.34,-7.6085,-13.817,1.4343,0.38865,11.943,4.8492,-2.8173,-13.663,16.606,20.912,-46.22,7.7117,-12.517,22.332,16.746,3.773,-5.8858,-3.5771,-23.016,13.463,2.2305,7.1207,-0.34712,18.417,10.156,-1.4328,-1.4298,-10.022,-4.9373,-1.1211,15.544,1.8187,-2.7696,12.87,-16.453,-12.559,-10.244,17.133,13.592,-1.5824,-16.573,36.189,-18.436,17.472,0,-14.208,2.3633,18.178,10.591,-8.3596,5.5723,-15.758,27.516,-21.848,-8.3251,-9.6202,-15.753,-6.9508,17.816,3.2183,17.444,-6.6329,18.845,-34.585,-16.419,12.5,-6.883,-3.0542,-35.09,-26.323,8.0823,17.027,7.1837,16.562,-21.254,8.1765,-6.1508,20.943,-6.1901,-12.606,-9.0393,7.4499,3.5111,22.528,-5.3641,-13.792,-7.3305,2.4505,3.0519,18.446,3.1312,-0.55304,-25.124,-34.253,19.894,42.884,-12.916,32.184,-5.4817,-14.208,0,-13.469,-10.202,-4.8675,2.3201,7.4297,1.8702,-7.3882,9.3675,5.7715,7.9713,8.0995,-3.3066,-13.427,5.616,-26.641,22.667,-2.2064,6.4919,16.159,-4.1191,21.321,7.9053,8.7825,11.278,1.3028,-2.143,1.2022,-12.911,25.485,-21.429,12.774,-20.445,9.5023,-5.4753,16.722,0.77623,15.782,-17.037,5.6345,7.3953,9.6308,-15.572,-14.336,-20.084,-8.5749,-4.1722,13.428,21.848,-7.7835,-10.485,0.27562,-16.281,-10.574,2.3633,-13.469,0,-6.4386,8.9214,-6.7024,-21.279,-3.2897,-7.1764,-6.3782,7.1299,4.9723,-3.9922,-6.4205,14.655,-26.16,9.6299,-15.607,-9.893,18.431,4.6478,-13.392,-6.5191,-13.87,13.612,6.2448,-8.2185,-6.7304,-0.73619,-9.7157,1.3529,13.68,3.3397,0.85581,2.9662,16.021,-0.14387,-14.095,-29.216,-5.9233,5.9678,15.628,5.3518,3.2334,9.8884,-1.964,-3.3073,3.8541,12.695,5.3887,-7.6005,-14.805,15.347,-6.9074,40.673,18.178,-10.202,-6.4386,0,5.6882,5.9231,6.1077,-0.77763,24.98,-4.0023,-28.018,-7.5896,-15.204,3.3045,1.3628,8.2767,7.6391,-1.6539,6.0942,4.722,14.783,-12.001,11.561,-15.399,4.5462,0.94944,4.7879,11.059,17.685,-22.633,10.629,3.081,41.051,-0.68287,18.714,-8.7818,13.606,-6.1291,1.7512,-9.2867,12.95,24.603,18.952,-28.036,-2.0849,-10.456,-35.218,-4.7786,17.011,9.1492,0.82293,-7.3852,4.2092,-6.9901,5.075,10.591,-4.8675,8.9214,5.6882,0,-0.38965,-8.4002,-7.1191,4.1711,-5.7714,-6.9638,12.239,-30.229,-19.455,8.8591,-12.852,0.36045,-13.19,7.3754,1.6872,-14.28,11.8,-19.483,-1.525,-5.9881,-12.26,-21.678,2.191,9.5183,6.5971,-12.091,12.781,1.4179,-1.5542,-16.001,0.72259,8.744,-24.93,-8.1611,-5.979,18.659,4.1276,11.865,1.5469,-8.648,15.884,6.5713,35.149,0.15963,-5.9452,-10.092,-0.28729,-11.613,9.856,4.6019,-8.3596,2.3201,-6.7024,5.9231,-0.38965,0,-5.7816,27.752,-4.0967,25.962,-16.075,8.4438,-3.2532,11.214,-22.499,-0.47178,-11.149,-10.666,-5.6015,-3.6866,-4.1657,-4.9983,-7.1022,-7.4675,-1.1676,-0.60375,6.9483,-2.1786,-9.0656,5.6176,-9.3738,9.842,-14.111,19.215,-0.11622,8.8761,-35.125,8.3787,-12.471,20.815,-17.668,-7.9484,-19.861,15.837,33.936,5.5969,4.3231,-7.3112,-9.9776,-10.901,12.003,6.6452,9.9029,5.1583,10.578,5.5723,7.4297,-21.279,6.1077,-8.4002,-5.7816,0,-8.3422,14.392,-6.1297,-0.96208,-14.523,4.5067,1.3198,-1.1717,34.195,0.35482,-4.5404,5.1722,-0.038378,-17.756,20.635,-17.403,8.0779,-6.913,-9.7438,-24.449,-1.9298,3.4928,12.196,-10.972,3.9112,-3.6225,-6.3245,-26.51,1.0034,7.9617,-15.348,-2.4277,-5.9635,12.353,-2.3292,6.958,4.6969,-14.321,15.516,14.292,41.924,-3.4241,-5.3333,-12.712,1.2267,-17.065,9.395,-2.7929,-15.758,1.8702,-3.2897,-0.77763,-7.1191,27.752,-8.3422,0,-10.969,32.167,-6.6621,6.0141,4.7298,18.11,-22.706,-1.9186,-9.0951,-10.808,-13.069,12.292,8.6582,-22.527,-1.0452,-15.21,14.138,9.7024,1.5684,-6.2949,-5.3265,-10.557,3.312,9.5743,0.26668,5.8144,9.0945,15.133,-8.1245,-2.2541,-20.607,1.1422,-3.7066,9.3074,-2.7419,4.6863,22.442,-5.7913,-5.5144,-6.2607,8.2672,4.3828,0.52674,-9.9461,29.104,-8.4851,29.361,27.516,-7.3882,-7.1764,24.98,4.1711,-4.0967,14.392,-10.969,0,-13.642,-12.209,-13.635,-10.765,-1.7891,7.733,12.974,10.993,-6.7669,12.804,-6.9927,-24.498,27.248,-17.485,4.6257,-15.41,-19.481,-13.812,5.0013,8.2241,16.051,-17.319,6.9489,-3.0754,-0.01619,-23.702,-4.7707,5.6765,-10.897,-0.3095,-0.43767,10.655,-4.7455,5.6754,2.7738,-12.172,23.222,11.211,25.762,-8.3499,-12.123,-4.63,8.1215,-25.318,18.099,-4.4406,-21.848,9.3675,-6.3782,-4.0023,-5.7714,25.962,-6.1297,32.167,-13.642,0,-4.4983,10.981,5.179,11.087,-33.198,-1.4695,-18.687,20.679,1.9083,-12.718,0.94135,4.9892,11.241,13.381,-5.9913,1.2067,13.623,1.5675,-6.1719,5.6918,3.2268,-19.003,-5.8795,-0.60455,1.9074,-8.8169,-5.1149,26.136,22.889,7.7761,-14.521,-16.357,-11.808,-0.50383,-2.9056,-3.841,2.2468,-11.745,-10.476,-1.638,9.3217,10.353,-4.9103,0.86982,-24.34,-8.3251,5.7715,7.1299,-28.018,-6.9638,-16.075,-0.96208,-6.6621,-12.209,-4.4983,0,-0.32158,16.065,-4.6626,5.7693,-4.1686,0.026196,-0.56355,29.343,-9.1117,-2.8756,8.1011,2.4622,-3.6987,-12.891,-15.596,1.033,23.019,32.316,-0.47925,-2.4855,2.5718,15.184,0.82496,0.66551,-26.316,15.314,-5.3679,10.318,-3.5323,15.334,4.8486,15.979,-19.221,-14.125,4.2539,-8.8653,4.7638,0.38215,-3.6458,2.8393,6.4543,-16.894,8.4157,-7.6085,-9.6202,7.9713,4.9723,-7.5896,12.239,8.4438,-14.523,6.0141,-13.635,10.981,-0.32158,0,-6.4127,-9.3168,-6.2129,-16.666,-17.172,7.4822,-1.3172,-10.783,-12.707,14.999,-5.016,19.868,-8.6669,-2.7221,0.48658,-5.4922,-13.028,22.922,-8.2527,-8.2074,-24.656,0.53058,-13.966,1.0972,-11.015,12.048,6.4573,10.75,-14.551,-38.461,-18.704,14.995,-1.4104,8.2114,21.717,1.0049,-21.384,-9.4637,3.0756,12.29,-8.377,8.0912,-13.817,-15.753,8.0995,-3.9922,-15.204,-30.229,-3.2532,4.5067,4.7298,-10.765,5.179,16.065,-6.4127,0,10.847,-6.5177,6.1964,-2.7987,-2.849,-8.3475,5.4729,-13.113,10.477,-18.544,12.139,1.3916,0.79732,-22.186,-16.49,-11.455,12.672,-8.0015,0.85749,-15.754,-6.7566,-25.311,15.274,-2.3901,-7.7569,-8.5614,-2.523,0.37966,-6.873,-3.9221,19.968,-3.2202,9.937,30.05,18.159,-4.2814,-2.5439,-14.255,-2.6771,-3.7267,2.757,1.4343,-6.9508,-3.3066,-6.4205,3.3045,-19.455,11.214,1.3198,18.11,-1.7891,11.087,-4.6626,-9.3168,10.847,0,-12.112,8.1488,1.8335,12.381,-10.839,8.6293,37.212,-22.358,26.879,-1.4508,17.047,22.108,11.147,-4.631,-5.552,-20.957,29.43,-12.305,7.6212,-5.8567,25.719,1.7635,0.96242,8.3535,4.9789,-5.2446,-5.4938,7.4254,-0.60081,-7.9148,4.3223,-40.609,-13.585,-20.443,12.842,19.508,0.81015,-11.269,17.609,-24.895,0.38865,17.816,-13.427,14.655,1.3628,8.8591,-22.499,-1.1717,-22.706,7.733,-33.198,5.7693,-6.2129,-6.5177,-12.112,0,-5.5352,20.123,-13.065,-7.4166,-1.1069,-8.2975,-1.5346,-13.827,-4.3975,-0.65568,-0.99601,0.083718,-6.0558,-11.068,8.8807,-12.554,11.321,-18.842,13.764,-5.9685,13.895,-26.984,3.3575,-17.489,15.509,-13.166,-8.3845,-17.434,24.566,22.511,9.2892,10.136,-0.77407,-9.991,-11.273,5.6131,4.7148,7.5462,6.1219,11.943,3.2183,5.616,-26.16,8.2767,-12.852,-0.47178,34.195,-1.9186,12.974,-1.4695,-4.1686,-16.666,6.1964,8.1488,-5.5352,0,0.3086,8.7786,-31.046,20.92,18.221,-16.726,9.2264,3.6941,35.551,62.521,-0.99708,-20.852,-15.865,-13.363,20.5,-10.657,0.080514,-12.313,8.7705,15.612,-0.27446,1.5501,-3.0897,-9.4467,-4.5966,6.1985,-2.1378,2.2072,4.0718,-21.586,-1.7534,-7.015,14.034,23.055,-9.573,-21.462,21.114,-33.101,4.8492,17.444,-26.641,9.6299,7.6391,0.36045,-11.149,0.35482,-9.0951,10.993,-18.687,0.026196,-17.172,-2.7987,1.8335,20.123,0.3086,0
