0,-5.1101,-11.069,-4.249,0.016955,-2.2791,9.1833,-4.6839,2.3772,-1.5198,-3.2192,-3.3064,0.15749,2.4636,0.64385,-1.258,-2.7022,-2.2961,-4.19,4.9001,2.7761,-5.1101,0,4.9511,4.9904,-2.9761,-3.7701,-3.2119,5.8433,-5.621,0.47275,0.33801,1.0416,1.5218,-0.026872,-0.2586,2.0972,3.0134,-1.4268,2.6555,-0.60416,0.45427,-11.069,4.9511,0,3.0441,-2.9584,-0.85395,-4.795,2.5677,-6.2888,3.5339,4.5043,5.4134,-2.0697,0.31378,-4.6226,-2.1648,5.1283,3.3247,1.2478,-5.6541,-1.2204,-4.249,4.9904,3.0441,0,-3.6812,-2.0486,-2.6672,11.603,-1.2911,-3.7458,2.8992,-0.53787,-0.55875,-1.9581,1.6595,-1.0257,4.5177,1.4396,0.3529,0.59309,0.55566,0.016955,-2.9761,-2.9584,-3.6812,0,9.2412,0.28789,0.12016,5.2533,-0.076562,-1.8983,-3.9624,-1.316,-5.5379,3.7851,1.2179,-3.4408,-3.3999,1.3748,1.4169,0.39418,-2.2791,-3.7701,-0.85395,-2.0486,9.2412,0,-1.1052,-0.2473,3.572,0.13622,-0.59471,-0.065721,-2.0673,-8.7064,3.7026,0.47682,-1.54,-0.30242,1.9484,-1.1701,-4.6271,9.1833,-3.2119,-4.795,-2.6672,0.28789,-1.1052,0,-2.6566,-0.71914,0.089956,-1.451,-2.4106,-3.273,-0.51643,-1.335,-4.7617,0.26592,-2.4339,-4.6776,2.4213,2.046,-4.6839,5.8433,2.5677,11.603,0.12016,-0.2473,-2.6566,0,0.56937,-4.0398,0.73377,-2.598,0.71979,-4.3741,2.7243,0.37146,2.9046,-1.308,1.606,-0.40476,1.2583,2.3772,-5.621,-6.2888,-1.2911,5.2533,3.572,-0.71914,0.56937,0,-2.8827,-0.84486,-3.511,1.7776,-2.0591,5.8705,3.1247,-6.3092,-0.82298,-0.26204,1.3458,-0.61229,-1.5198,0.47275,3.5339,-3.7458,-0.076562,0.13622,0.089956,-4.0398,-2.8827,0,5.6576,5.6631,-1.7667,1.7235,-4.9277,-3.3786,-0.85654,2.3226,0.43344,-2.3371,-2.9447,-3.2192,0.33801,4.5043,2.8992,-1.8983,-0.59471,-1.451,0.73377,-0.84486,5.6576,0,2.4919,-1.3716,1.9397,-4.0679,-3.457,3.6404,5.6538,-0.34781,-0.45546,-1.0643,-3.3064,1.0416,5.4134,-0.53787,-3.9624,-0.065721,-2.4106,-2.598,-3.511,5.6631,2.4919,0,-3.4571,0.83859,-3.2894,-0.40396,-0.48259,1.0124,-2.0941,-4.3697,-7.5359,0.15749,1.5218,-2.0697,-0.55875,-1.316,-2.0673,-3.273,0.71979,1.7776,-1.7667,-1.3716,-3.4571,0,2.3047,-0.11319,5.623,-1.259,0.57803,2.4398,1.3689,2.2159,2.4636,-0.026872,0.31378,-1.9581,-5.5379,-8.7064,-0.51643,-4.3741,-2.0591,1.7235,1.9397,0.83859,2.3047,0,-4.9712,0.79958,-0.10073,2.2576,0.77793,2.2484,2.2862,0.64385,-0.2586,-4.6226,1.6595,3.7851,3.7026,-1.335,2.7243,5.8705,-4.9277,-4.0679,-3.2894,-0.11319,-4.9712,0,3.4525,-3.3432,-1.3894,4.359,1.1521,-0.01987,-1.258,2.0972,-2.1648,-1.0257,1.2179,0.47682,-4.7617,0.37146,3.1247,-3.3786,-3.457,-0.40396,5.623,0.79958,3.4525,0,-3.6345,-2.1935,2.6801,2.2684,-0.71962,-2.7022,3.0134,5.1283,4.5177,-3.4408,-1.54,0.26592,2.9046,-6.3092,-0.85654,3.6404,-0.48259,-1.259,-0.10073,-3.3432,-3.6345,0,3.4925,0.65843,-0.18026,3.7099,-2.2961,-1.4268,3.3247,1.4396,-3.3999,-0.30242,-2.4339,-1.308,-0.82298,2.3226,5.6538,1.0124,0.57803,2.2576,-1.3894,-2.1935,3.4925,0,1.5694,0.88969,1.7,-4.19,2.6555,1.2478,0.3529,1.3748,1.9484,-4.6776,1.606,-0.26204,0.43344,-0.34781,-2.0941,2.4398,0.77793,4.359,2.6801,0.65843,1.5694,0,-0.6307,0.087445,4.9001,-0.60416,-5.6541,0.59309,1.4169,-1.1701,2.4213,-0.40476,1.3458,-2.3371,-0.45546,-4.3697,1.3689,2.2484,1.1521,2.2684,-0.18026,0.88969,-0.6307,0,3.8379,2.7761,0.45427,-1.2204,0.55566,0.39418,-4.6271,2.046,1.2583,-0.61229,-2.9447,-1.0643,-7.5359,2.2159,2.2862,-0.01987,-0.71962,3.7099,1.7,0.087445,3.8379,0
