0,3.0765,-7.0649,-5.44,6.3271,-3.4134,4.0002,2.4361,6.4378,-0.32088,-1.4052,-2.488,1.0274,0.97954,-4.1791,3.4361,-6.0419,-1.4567,-5.9865,6.1558,8.0209,3.0765,0,-0.91395,-0.77312,1.0737,-1.6368,0.49957,8.3102,4.2342,4.8494,4.2967,0.84143,1.5092,-1.2827,-1.7722,1.5802,-0.39917,2.7021,0.29291,-2.4935,0.16592,-7.0649,-0.91395,0,4.1182,-3.7436,0.62203,-1.2763,0.48461,-6.1891,1.9917,0.0069184,1.9227,-6.8749,-0.91101,1.9063,-2.2667,6.0562,-0.92144,4.4508,-4.0456,-3.8614,-5.44,-0.77312,4.1182,0,0.75165,7.7078,0.64088,1.5053,-1.9892,3.3269,0.9444,-2.6518,-1.8775,-4.3279,0.5254,-9.0704,6.8196,2.5162,0.29986,-7.6613,-6.8417,6.3271,1.0737,-3.7436,0.75165,0,4.2849,4.8451,3.2613,3.4246,2.4716,1.324,-4.3293,0.17595,-3.8301,-4.0663,-2.1755,-2.9942,-0.80878,-6.0045,2.6073,2.5731,-3.4134,-1.6368,0.62203,7.7078,4.2849,0,3.2859,1.9761,-1.3556,1.3832,1.782,-5.999,2.0047,-7.4357,0.62151,-9.0349,3.1929,3.5668,-0.35551,-5.372,-6.7338,4.0002,0.49957,-1.2763,0.64088,4.8451,3.2859,0,4.3866,-0.77264,-0.75179,-0.28671,-5.6599,-2.6378,-5.4896,-0.04594,-4.0059,-0.63165,-1.0587,-2.4173,0.48648,1.7545,2.4361,8.3102,0.48461,1.5053,3.2613,1.9761,4.3866,0,2.4996,4.1812,2.8168,-2.1265,-1.0103,-3.9556,-0.54381,-2.1301,1.4489,2.9227,0.64994,-2.7191,-0.36526,6.4378,4.2342,-6.1891,-1.9892,3.4246,-1.3556,-0.77264,2.4996,0,1.337,1.1567,0.44927,3.511,0.55466,-3.4828,1.7964,-2.4766,3.1848,-2.1258,-0.045341,1.9252,-0.32088,4.8494,1.9917,3.3269,2.4716,1.3832,-0.75179,4.1812,1.337,0,4.5633,2.0637,-1.7286,-4.0256,-1.7252,-3.322,5.1308,-0.19168,-0.28882,-2.7844,-0.56561,-1.4052,4.2967,0.0069184,0.9444,1.324,1.782,-0.28671,2.8168,1.1567,4.5633,0,2.4516,0.60917,-2.5708,0.00054348,-1.6151,0.24276,2.46,1.7838,-3.5126,-2.2968,-2.488,0.84143,1.9227,-2.6518,-4.3293,-5.999,-5.6599,-2.1265,0.44927,2.0637,2.4516,0,-1.44,3.1178,-1.5266,2.7001,1.1196,-2.8428,4.4882,1.1219,0.97219,1.0274,1.5092,-6.8749,-1.8775,0.17595,2.0047,-2.6378,-1.0103,3.511,-1.7286,0.60917,-1.44,0,0.72352,0.95288,2.5398,-2.9531,5.6101,0.58179,-0.82187,-0.18223,0.97954,-1.2827,-0.91101,-4.3279,-3.8301,-7.4357,-5.4896,-3.9556,0.55466,-4.0256,-2.5708,3.1178,0.72352,0,0.022645,6.4492,-2.9766,-0.43856,-1.2819,4.0189,2.4588,-4.1791,-1.7722,1.9063,0.5254,-4.0663,0.62151,-0.04594,-0.54381,-3.4828,-1.7252,0.00054348,-1.5266,0.95288,0.022645,0,1.0147,-1.22,3.0837,3.7931,-3.2616,-3.6038,3.4361,1.5802,-2.2667,-9.0704,-2.1755,-9.0349,-4.0059,-2.1301,1.7964,-3.322,-1.6151,2.7001,2.5398,6.4492,1.0147,0,-7.5544,-0.18529,1.6783,6.3049,4.7795,-6.0419,-0.39917,6.0562,6.8196,-2.9942,3.1929,-0.63165,1.4489,-2.4766,5.1308,0.24276,1.1196,-2.9531,-2.9766,-1.22,-7.5544,0,0.18105,1.846,-6.3933,-2.8864,-1.4567,2.7021,-0.92144,2.5162,-0.80878,3.5668,-1.0587,2.9227,3.1848,-0.19168,2.46,-2.8428,5.6101,-0.43856,3.0837,-0.18529,0.18105,0,2.4212,-6.0069,-5.6974,-5.9865,0.29291,4.4508,0.29986,-6.0045,-0.35551,-2.4173,0.64994,-2.1258,-0.28882,1.7838,4.4882,0.58179,-1.2819,3.7931,1.6783,1.846,2.4212,0,-3.1374,-4.0027,6.1558,-2.4935,-4.0456,-7.6613,2.6073,-5.372,0.48648,-2.7191,-0.045341,-2.7844,-3.5126,1.1219,-0.82187,4.0189,-3.2616,6.3049,-6.3933,-6.0069,-3.1374,0,7.5444,8.0209,0.16592,-3.8614,-6.8417,2.5731,-6.7338,1.7545,-0.36526,1.9252,-0.56561,-2.2968,0.97219,-0.18223,2.4588,-3.6038,4.7795,-2.8864,-5.6974,-4.0027,7.5444,0
