0,2.3569,-13.852,-1.1191,5.8002,-3.0698,-16.623,8.2082,-1.8044,7.9182,10.41,8.9866,1.2182,-7.3358,3.7688,-3.6566,-6.8208,1.2826,0.85104,-0.16001,-2.3939,-11.086,-4.6691,6.575,-0.7769,5.9089,0.55721,-10.541,2.0334,-6.2448,6.9791,-10.078,2.7707,7.7524,5.8671,0.10135,-16.183,4.2146,5.5329,3.8352,0.17333,3.9365,1.0141,-5.4999,-4.8858,-4.9592,-3.5567,4.1773,12.07,-0.54475,9.5729,0.48846,-0.13161,-12.546,-10.332,2.3569,0,7.3267,8.2975,-16.528,-7.7562,2.3088,4.8301,-1.5857,-12.126,-1.868,-12.287,5.2247,10.183,-3.6615,-3.1108,15.624,18.483,-8.4325,-13.559,7.3363,-17.346,3.8301,-27.565,-4.7602,-9.319,15.454,2.548,-4.0727,7.2531,-10.725,-18.947,2.7976,3.4826,-0.34864,-8.2572,0.20874,-14.465,-5.1164,-7.1567,-5.7671,-1.0105,-9.3459,2.4635,-2.325,-2.0995,0.97262,-10.046,-4.1244,-9.3181,-0.24788,7.0266,-1.4826,0.16398,-9.6703,-13.852,7.3267,0,7.8528,-16.939,-2.1254,11.605,-5.5711,7.1032,-9.8836,-9.3421,-10.725,10.985,0.92118,-5.1053,-4.5988,6.2368,-0.39477,-7.5927,-16.702,20.716,3.4409,-5.326,-11.594,1.6728,-0.20481,8.6912,20.492,-0.0054864,6.5376,-10.215,4.0447,2.2548,-8.0438,1.5977,-2.9275,7.781,-7.8601,-0.089368,-10.594,-8.3058,-6.2506,-0.19608,6.5921,-1.5957,4.9254,0.15014,-2.0247,-12.237,-1.2096,-4.3165,-1.4222,-9.5315,19.05,0.97413,-1.1191,8.2975,7.8528,0,-9.9341,-11.977,-9.3341,-8.3651,19.967,-6.4292,-23.309,-18.142,-2.987,-4.0986,14.979,1.7163,3.0708,8.2601,-17.605,-13.063,12.713,-9.4719,-7.8651,-5.4517,19.951,9.8631,13.105,16.341,18.943,-13.501,-13.12,-6.8076,30.687,15.991,1.2671,-19.974,8.0197,6.4844,14.606,-24.691,10.874,15.912,13.131,26.785,-23.505,2.5853,-18.022,11.979,5.3089,5.2558,11.637,16.147,-21.747,9.1451,-20.399,5.8002,-16.528,-16.939,-9.9341,0,14.285,-4.5546,-4.3909,0.52418,3.2585,9.6894,17.981,-4.5945,-9.959,-0.40258,10.6,-4.6824,-14.701,8.4599,23.044,-8.9771,3.7512,4.8291,17.866,2.3601,4.8898,-9.7935,-10.208,3.7161,-5.4555,21.401,6.865,-3.7718,3.5341,8.4205,6.2024,-12.465,10.459,-1.5761,4.49,5.3087,3.7504,4.0849,-3.1157,1.5557,5.2115,-3.4883,4.7815,15.741,8.4501,7.0957,0.33337,3.3123,-12.023,1.651,-3.0698,-7.7562,-2.1254,-11.977,14.285,0,10.992,-10.935,-0.52432,-6.4186,7.5671,7.7342,-1.1426,-2.8241,-8.7086,15.478,1.6658,-16.123,16.9,16.552,0.091692,2.5864,11.911,5.3332,-2.9429,-2.3292,0.80465,-0.75596,-4.7127,6.1251,8.1953,14.633,-13.316,-5.4102,5.1871,16.861,-12.752,1.2913,-11.455,1.547,-7.7798,-9.3608,-6.2616,-6.7661,11.884,1.5951,6.0601,-4.0715,1.715,-3.0762,-4.014,-6.6371,6.162,-0.29363,8.4446,-16.623,2.3088,11.605,-9.3341,-4.5546,10.992,0,-2.1871,-7.3789,-9.5498,2.7933,-2.113,5.2996,11.082,-18.121,2.0392,9.2899,-2.9791,7.6794,1.7271,2.318,6.5949,10.923,-9.8284,-12.395,-15.427,1.6424,3.2491,-16.229,24.88,-2.6342,8.569,-17.645,-18.678,-3.3387,10.554,2.0237,-15.134,-19.995,2.9646,-16.172,-20.674,-16.065,-7.2216,18.775,0.57873,16.379,-17.854,-18.079,-9.6014,-18.792,-9.26,8.967,6.5866,16.727,8.2082,4.8301,-5.5711,-8.3651,-4.3909,-10.935,-2.1871,0,-19.667,10.459,12.735,6.9328,6.9038,7.8196,-6.4721,-20.159,-1.2841,8.6469,-1.6286,-4.4617,-10.455,1.3781,-2.1375,-3.3853,-16.933,-8.8771,-9.9894,-17.374,-11.986,7.5981,3.979,-12.125,-6.003,-6.2746,-3.7029,-0.4416,0.3126,-11.715,-3.6942,16.729,-4.3675,-4.3014,-8.0901,-12.242,4.6139,-3.7563,8.0649,-9.5897,-5.4579,-3.5025,-4.4447,-4.6895,10.028,-12.261,3.505,-1.8044,-1.5857,7.1032,19.967,0.52418,-0.52432,-7.3789,-19.667,0,-6.5101,-15.397,-6.4968,-0.84752,-16.393,11.14,6.9229,-0.80698,-5.4901,-10.107,-5.3585,16.721,-2.8505,-9.017,3.5354,32.359,20.211,8.8348,18.917,28.852,-16.281,-3.0753,3.677,20.708,11.746,9.6072,-9.8034,0.91743,13.705,14.907,-26.966,8.982,12.933,20.615,23.985,-20.445,8.4379,-23.237,20.015,10.786,11.812,15.96,10.766,-31.453,9.8039,-14.418,7.9182,-12.126,-9.8836,-6.4292,3.2585,-6.4186,-9.5498,10.459,-6.5101,0,4.4156,9.2107,-2.957,-3.9293,6.8225,-11.257,-27.249,-2.5144,5.164,1.8819,-10.209,8.0398,-11.329,15.981,-1.71,6.5462,-13.447,-8.0298,-1.1987,-6.2534,3.8517,2.952,-1.2968,-3.5896,-6.8945,5.4522,1.4464,7.6354,9.9202,16.26,2.7715,-0.28923,4.7262,-8.9576,1.3764,-8.7929,3.2663,7.0095,-0.88551,1.21,-2.4758,-10.844,4.6414,-2.7885,5.9767,10.41,-1.868,-9.3421,-23.309,9.6894,7.5671,2.7933,12.735,-15.397,4.4156,0,23.641,9.0607,-0.0037843,-16.214,-4.6708,-0.53914,-5.8819,8.5561,6.7243,-8.0737,2.3071,4.5561,3.4114,-18.25,-6.9502,-9.4574,-21.292,-13.265,10.931,18.756,-1.5115,-16.5,-8.9377,6.525,10.692,-16.854,-8.1498,-11.598,16.169,-11.125,-10.262,-11.218,-20.599,11.163,0.69659,9.4063,-10.594,1.0343,-2.5982,-2.5386,-8.8195,12.526,-17.41,6.6654,8.9866,-12.287,-10.725,-18.142,17.981,7.7342,-2.113,6.9328,-6.4968,9.2107,23.641,0,7.3811,-9.1507,-8.7016,-3.8298,-7.163,-15.016,6.3108,8.91,-7.5579,9.1384,-1.8053,14.047,-6.7229,2.3889,-17.116,-15.787,-3.5221,1.9071,34.093,4.4467,-8.9548,-6.552,10.348,8.5347,-13.793,1.0664,-2.9148,12.965,-3.5729,-3.9268,-0.086886,-11.629,4.6995,5.4479,1.9659,-0.24603,6.366,6.7417,2.9079,-7.4737,5.2862,-14.434,5.9166,1.2182,5.2247,10.985,-2.987,-4.5945,-1.1426,5.2996,6.9038,-0.84752,-2.957,9.0607,7.3811,0,-4.6343,-16.63,-13.858,4.0884,-5.2176,-7.2866,-12.535,10.045,4.953,-7.397,-5.1176,-7.0179,-0.62952,-2.1084,0.13742,-3.9844,9.9686,7.2064,-1.7157,-2.9317,-11.195,14.109,-0.94941,-5.198,-12.771,-3.3765,-0.25788,-13.135,-7.8084,-2.5418,-2.7907,-0.54563,10.909,0.38531,-5.2949,-3.7442,3.6885,1.5749,-3.6388,-4.9319,-1.3384,0.21527,-7.3358,10.183,0.92118,-4.0986,-9.959,-2.8241,11.082,7.8196,-16.393,-3.9293,-0.0037843,-9.1507,-4.6343,0,-5.4851,-0.64081,10.351,17.022,3.5194,0.87946,-8.6607,-3.0225,14.684,-16.515,-14.367,-29.642,1.7242,-4.5899,-16.942,14.284,-9.9683,-6.6862,-9.4337,-4.7225,-16.943,1.4239,8.6958,-15.436,-14.659,6.7026,-4.2014,-7.1357,-19.04,-6.3579,12.746,-8.438,15.516,-20.996,-14.912,-15.461,-16.884,-1.3544,16.395,-0.812,7.8588,3.7688,-3.6615,-5.1053,14.979,-0.40258,-8.7086,-18.121,-6.4721,11.14,6.8225,-16.214,-8.7016,-16.63,-5.4851,0,3.9514,-10.306,4.5969,-3.3237,-0.57741,-0.14349,-5.6684,-7.6975,7.7352,19.785,14.342,4.1687,6.4739,16.723,-28.192,-8.8305,-1.1002,18.156,17.256,-6.5101,-7.2532,6.4309,21.979,22.522,-6.5724,18.309,16.773,15.904,11.062,-13.468,-6.8456,-11.418,20.887,7.9277,3.5181,7.7399,6.8224,-8.4591,5.4187,-10.12,-3.6566,-3.1108,-4.5988,1.7163,10.6,15.478,2.0392,-20.159,6.9229,-11.257,-4.6708,-3.8298,-13.858,-0.64081,3.9514,0,5.4727,-3.6141,7.0574,15.458,-0.46626,-6.4223,14.703,2.0222,7.6546,0.15156,7.4159,3.5274,5.1327,-4.0873,-0.49155,5.5135,0.2058,9.5455,0.96851,2.5824,-4.4646,8.1678,-4.19,-8.101,5.4607,4.3679,0.37447,5.4139,1.0118,0.51537,-3.2456,1.9893,8.4945,-0.78239,2.788,6.6923,0.50529,0.91703,-2.4025,-6.8208,15.624,6.2368,3.0708,-4.6824,1.6658,9.2899,-1.2841,-0.80698,-27.249,-0.53914,-7.163,4.0884,10.351,-10.306,5.4727,0,8.1911,-7.224,-2.0868,2.9327,-6.9121,14.174,-23.103,-4.2725,-14.306,6.7458,0.58533,-3.318,10.354,-2.1001,-9.3371,-0.99569,2.1887,4.2288,-7.9982,1.0424,-14.91,-14.813,-8.362,-2.0667,0.3231,-8.6938,5.5118,0.606,8.9404,-0.47186,-13.821,-1.0426,-1.5396,0.67754,12.008,0.44041,-3.3992,-4.167,1.2826,18.483,-0.39477,8.2601,-14.701,-16.123,-2.9791,8.6469,-5.4901,-2.5144,-5.8819,-15.016,-5.2176,17.022,4.5969,-3.6141,8.1911,0,-7.228,-7.4685,-3.7097,-12.73,4.0753,-16.28,-3.2031,-9.922,6.5776,-1.8415,-3.022,1.3769,-14.247,-21.582,4.8536,7.1887,-11.368,-10.787,9.2097,-7.5078,-1.0922,-1.2509,3.8607,4.6903,-5.7422,2.7823,-2.4395,-7.5172,1.4325,-6.5687,-4.2836,-8.1106,-2.2469,8.3566,3.1324,-1.8376,-6.6239,0.85104,-8.4325,-7.5927,-17.605,8.4599,16.9,7.6794,-1.6286,-10.107,5.164,8.5561,6.3108,-7.2866,3.5194,-3.3237,7.0574,-7.224,-7.228,0,16.514,-7.7311,2.1046,9.3655,7.6847,-8.6907,-4.899,-1.3567,-5.4409,-12.431,6.1848,2.2071,12.031,-19.646,-8.3021,-7.641,34.617,-7.9853,1.7417,-8.2995,13.323,-8.9597,-14.316,-11.017,-19.111,21.961,-13.442,17.631,-5.3643,-4.939,-13.298,-14.098,-17.793,17.715,0.19929,15.579,-0.16001,-13.559,-16.702,-13.063,23.044,16.552,1.7271,-4.4617,-5.3585,1.8819,6.7243,8.91,-12.535,0.87946,-0.57741,15.458,-2.0868,-7.4685,16.514,0,-15.557,2.9937,14.352,10.567,-2.0248,-3.2752,-7.4961,-10.239,-2.896,-0.51201,9.6605,7.976,-9.6742,1.1329,-2.0481,10.634,-6.0602,6.5503,-7.5665,8.0914,3.855,-0.4505,-2.957,-6.5364,9.7238,-1.7187,4.4309,-1.5321,6.0114,-0.20898,-2.3861,-2.2307,12.507,-8.3136,8.1099,-2.3939,7.3363,20.716,12.713,-8.9771,0.091692,2.318,-10.455,16.721,-10.209,-8.0737,-7.5579,10.045,-8.6607,-0.14349,-0.46626,2.9327,-3.7097,-7.7311,-15.557,0,-3.9817,-8.6946,-5.2854,8.4991,8.6169,15.893,22.597,7.4024,-1.0994,-6.6353,2.4511,8.0375,0.15751,9.2634,-3.6809,-1.8714,-0.24508,5.7123,-18.837,-6.1701,-1.1723,4.776,9.4323,-8.4959,4.842,-7.1191,5.2874,-0.83791,1.038,4.8795,1.7396,-18.998,14.84,-8.3947,-11.086,-17.346,3.4409,-9.4719,3.7512,2.5864,6.5949,1.3781,-2.8505,8.0398,2.3071,9.1384,4.953,-3.0225,-5.6684,-6.4223,-6.9121,-12.73,2.1046,2.9937,-3.9817,0,-5.3089,8.1898,-2.4802,1.4315,-19.581,-0.77467,-2.5401,3.0563,7.7602,15.201,-6.2644,-15.375,-0.23293,5.3194,6.9086,0.23812,-0.25992,8.4477,-0.85235,-5.3377,3.8126,-3.313,5.3603,6.8617,3.6567,1.0082,-6.6642,8.3117,-5.8829,-9.4708,2.0002,2.6406,17.042,-4.6691,3.8301,-5.326,-7.8651,4.8291,11.911,10.923,-2.1375,-9.017,-11.329,4.5561,-1.8053,-7.397,14.684,-7.6975,14.703,14.174,4.0753,9.3655,14.352,-8.6946,-5.3089,0,-7.6709,-8.851,-19.415,2.5144,-6.7478,-10.266,10.587,0.30656,-1.4687,-11.787,0.26203,-4.1615,5.2698,-3.0262,-7.3302,-23.34,2.6751,-2.4863,-4.4957,-15.989,-5.0088,12.998,-1.9526,9.1247,-16.099,-1.4597,-9.1161,-7.2226,2.2608,15.095,-6.2802,5.238,6.575,-27.565,-11.594,-5.4517,17.866,5.3332,-9.8284,-3.3853,3.5354,15.981,3.4114,14.047,-5.1176,-16.515,7.7352,2.0222,-23.103,-16.28,7.6847,10.567,-5.2854,8.1898,-7.6709,0,7.0197,15.881,-10.521,-3.6548,7.1518,-12.763,11.234,11.9,0.7608,1.2453,2.8005,7.1992,-5.7947,20.83,10.423,5.9479,6.1068,3.5972,11.751,-2.8056,-1.7394,-0.86233,-4.0563,15.56,9.6414,8.4628,5.122,-5.9931,-1.1203,-2.3388,2.7757,-0.7769,-4.7602,1.6728,19.951,2.3601,-2.9429,-12.395,-16.933,32.359,-1.71,-18.25,-6.7229,-7.0179,-14.367,19.785,7.6546,-4.2725,-3.2031,-8.6907,-2.0248,8.4991,-2.4802,-8.851,7.0197,0,22.152,5.4254,13.874,38.91,-26.942,-3.65,3.0105,24.882,16.425,4.57,-10.714,3.745,21.611,20.11,-18.716,16.807,19.374,27.543,24.127,-21.866,5.0587,-24.637,28.028,12.875,12.703,16.036,11.892,-22.296,7.6882,-13.787,5.9089,-9.319,-0.20481,9.8631,4.8898,-2.3292,-15.427,-8.8771,20.211,6.5462,-6.9502,2.3889,-0.62952,-29.642,14.342,0.15156,-14.306,-9.922,-4.899,-3.2752,8.6169,1.4315,-19.415,15.881,22.152,0,0.65579,8.6219,22.945,-23.484,2.3556,5.7655,15.745,8.0329,7.9908,-3.9452,-2.3138,22.724,27.547,-8.4344,8.5394,10.8,27.415,9.9184,-17.007,3.3352,-17.407,38.691,12.185,12.906,15.014,2.3862,-19.449,5.4069,-9.5951,0.55721,15.454,8.6912,13.105,-9.7935,0.80465,1.6424,-9.9894,8.8348,-13.447,-9.4574,-17.116,-2.1084,1.7242,4.1687,7.4159,6.7458,6.5776,-1.3567,-7.4961,15.893,-19.581,2.5144,-10.521,5.4254,0.65579,0,14.393,2.8899,-0.47378,-15.995,-3.728,5.6149,6.9683,-0.53287,-2.0693,-2.5359,-0.64908,0.92022,-15.709,-4.2431,-0.3265,-2.9018,6.1924,-3.6822,-5.9047,-1.9751,0.11848,-0.7896,-10.214,0.80143,4.357,-6.6788,10.729,-10.412,-10.541,2.548,20.492,16.341,-10.208,-0.75596,3.2491,-17.374,18.917,-8.0298,-21.292,-15.787,0.13742,-4.5899,6.4739,3.5274,0.58533,-1.8415,-5.4409,-10.239,22.597,-0.77467,-6.7478,-3.6548,13.874,8.6219,14.393,0,9.4905,-4.6249,-14.447,7.2235,9.7908,1.4514,0.032173,-3.7022,7.2272,4.562,8.2633,-19.092,-0.033309,1.2657,7.6715,13.785,-7.3629,1.2645,-6.2825,8.3479,-3.816,0.5145,0.79277,2.0289,-16.042,30.433,-4.2552,2.0334,-4.0727,-0.0054864,18.943,3.7161,-4.7127,-16.229,-11.986,28.852,-1.1987,-13.265,-3.5221,-3.9844,-16.942,16.723,5.1327,-3.318,-3.022,-12.431,-2.896,7.4024,-2.5401,-10.266,7.1518,38.91,22.945,2.8899,9.4905,0,-28.247,0.0098411,-0.14092,29.266,18.323,8.3363,-14.389,2.0714,18.908,20.355,-17.595,18.65,24.7,32.576,24.851,-29.892,8.5027,-37.231,27.42,17.472,17.878,23.816,15.066,-25.051,3.1174,-17.541,-6.2448,7.2531,6.5376,-13.501,-5.4555,6.1251,24.88,7.5981,-16.281,-6.2534,10.931,1.9071,9.9686,14.284,-28.192,-4.0873,10.354,1.3769,6.1848,-0.51201,-1.0994,3.0563,10.587,-12.763,-26.942,-23.484,-0.47378,-4.6249,-28.247,0,0.55567,0.18309,-22.191,-19.329,-2.0998,9.2754,-1.8619,-29.425,-26.45,8.3662,-21.851,-23.415,-27.446,-13.876,20.371,-0.79558,20.838,-33.795,-16.757,-12.13,-17.078,-9.5963,13.745,-1.2827,13.504,6.9791,-10.725,-10.215,-13.12,21.401,8.1953,-2.6342,3.979,-3.0753,3.8517,18.756,34.093,7.2064,-9.9683,-8.8305,-0.49155,-2.1001,-14.247,2.2071,9.6605,-6.6353,7.7602,0.30656,11.234,-3.65,2.3556,-15.995,-14.447,0.0098411,0.55567,0,2.5803,-5.5043,-2.6159,15.392,3.4882,-12.922,1.2359,-3.7049,7.2136,-0.0039337,0.35765,2.0029,-5.5934,1.2542,11.736,-2.5005,0.23882,10.792,11.634,7.372,-1.1039,2.3131,-17.356,2.3174,-10.078,-18.947,4.0447,-6.8076,6.865,14.633,8.569,-12.125,3.677,2.952,-1.5115,4.4467,-1.7157,-6.6862,-1.1002,5.5135,-9.3371,-21.582,12.031,7.976,2.4511,15.201,-1.4687,11.9,3.0105,5.7655,-3.728,7.2235,-0.14092,0.18309,2.5803,0,-6.844,-10.313,-0.72387,14.806,0.0056185,7.4807,0.50149,2.1464,-3.84,-8.0759,3.0427,-2.971,7.4012,0.14753,4.2862,4.7958,-4.2968,1.2378,-6.8792,-12.821,0.52865,11.115,14.186,2.7707,2.7976,2.2548,30.687,-3.7718,-13.316,-17.645,-6.003,20.708,-1.2968,-16.5,-8.9548,-2.9317,-9.4337,18.156,0.2058,-0.99569,4.8536,-19.646,-9.6742,8.0375,-6.2644,-11.787,0.7608,24.882,15.745,5.6149,9.7908,29.266,-22.191,-5.5043,-6.844,0,19.701,4.3475,-23.018,6.0125,11.366,21.452,-18.047,17.371,25.603,22.319,26.633,-41.443,5.3368,-28.917,19.003,11.534,12.241,19.597,17.875,-24.466,3.7025,-23.215,7.7524,3.4826,-8.0438,15.991,3.5341,-5.4102,-18.678,-6.2746,11.746,-3.5896,-8.9377,-6.552,-11.195,-4.7225,17.256,9.5455,2.1887,7.1887,-8.3021,1.1329,0.15751,-15.375,0.26203,1.2453,16.425,8.0329,6.9683,1.4514,18.323,-19.329,-2.6159,-10.313,19.701,0,2.7918,-14.729,-0.73622,12.11,9.8231,-12.637,19.592,27.42,10.971,15.389,-18.094,1.2193,-18.908,11.415,20.098,6.3097,18.801,22.639,-9.3754,-4.16,-24.358,5.8671,-0.34864,1.5977,1.2671,8.4205,5.1871,-3.3387,-3.7029,9.6072,-6.8945,6.525,10.348,14.109,-16.943,-6.5101,0.96851,4.2288,-11.368,-7.641,-2.0481,9.2634,-0.23293,-4.1615,2.8005,4.57,7.9908,-0.53287,0.032173,8.3363,-2.0998,15.392,-0.72387,4.3475,2.7918,0,-4.5942,-13.337,0.74833,0.86223,-8.3079,-1.0201,4.0373,6.4685,5.3588,-8.9739,20.075,-12.432,4.2113,13.79,13.851,17.346,6.4179,-11.857,-6.2896,-9.3051,0.10135,-8.2572,-2.9275,-19.974,6.2024,16.861,10.554,-0.4416,-9.8034,5.4522,10.692,8.5347,-0.94941,1.4239,-7.2532,2.5824,-7.9982,-10.787,34.617,10.634,-3.6809,5.3194,5.2698,7.1992,-10.714,-3.9452,-2.0693,-3.7022,-14.389,9.2754,3.4882,14.806,-23.018,-14.729,-4.5942,0,-8.86,-0.85312,-8.2905,13.719,-15.044,-21.55,-11.277,-22.315,23.291,-10.419,19.558,-6.038,-7.8604,-12.213,-15.535,-26.805,14.437,2.117,18.666,-16.183,0.20874,7.781,8.0197,-12.465,-12.752,2.0237,0.3126,0.91743,1.4464,-16.854,-13.793,-5.198,8.6958,6.4309,-4.4646,1.0424,9.2097,-7.9853,-6.0602,-1.8714,6.9086,-3.0262,-5.7947,3.745,-2.3138,-2.5359,7.2272,2.0714,-1.8619,-12.922,0.0056185,6.0125,-0.73622,-13.337,-8.86,0,-0.79753,4.3747,-1.9989,8.3799,4.43,4.4599,8.6148,-2.7972,-0.25745,-0.67132,1.2705,-9.8456,2.0343,-5.3957,3.4457,-1.955,9.4529,3.3381,4.2146,-14.465,-7.8601,6.4844,10.459,1.2913,-15.134,-11.715,13.705,7.6354,-8.1498,1.0664,-12.771,-15.436,21.979,8.1678,-14.91,-7.5078,1.7417,6.5503,-0.24508,0.23812,-7.3302,20.83,21.611,22.724,-0.64908,4.562,18.908,-29.425,1.2359,7.4807,11.366,12.11,0.74833,-0.85312,-0.79753,0,18.714,-4.7223,15.023,13.025,20.265,7.868,-10.2,-1.6073,-12.369,29.527,13.792,8.7934,10.291,3.0259,-8.4839,3.1473,-5.8506,5.5329,-5.1164,-0.089368,14.606,-1.5761,-11.455,-19.995,-3.6942,14.907,9.9202,-11.598,-2.9148,-3.3765,-14.659,22.522,-4.19,-14.813,-1.0922,-8.2995,-7.5665,5.7123,-0.25992,-23.34,10.423,20.11,27.547,0.92022,8.2633,20.355,-26.45,-3.7049,0.50149,21.452,9.8231,0.86223,-8.2905,4.3747,18.714,0,-6.8911,12.028,13.701,25.631,11.063,-19.7,-0.96291,-15.53,31.792,7.6565,9.5685,11.64,3.7659,-16.948,6.3861,-10.713,3.8352,-7.1567,-10.594,-24.691,4.49,1.547,2.9646,16.729,-26.966,16.26,16.169,12.965,-0.25788,6.7026,-6.5724,-8.101,-8.362,-1.2509,13.323,8.0914,-18.837,8.4477,2.6751,5.9479,-18.716,-8.4344,-15.709,-19.092,-17.595,8.3662,7.2136,2.1464,-18.047,-12.637,-8.3079,13.719,-1.9989,-4.7223,-6.8911,0,-6.1725,-11.076,-10.136,-26.706,17.065,-8.6208,17.883,-8.6535,-7.3476,-6.469,-12.758,-16.316,23.116,-8.8124,17.489,0.17333,-5.7671,-8.3058,10.874,5.3087,-7.7798,-16.172,-4.3675,8.982,2.7715,-11.125,-3.5729,-13.135,-4.2014,18.309,5.4607,-2.0667,3.8607,-8.9597,3.855,-6.1701,-0.85235,-2.4863,6.1068,16.807,8.5394,-4.2431,-0.033309,18.65,-21.851,-0.0039337,-3.84,17.371,19.592,-1.0201,-15.044,8.3799,15.023,12.028,-6.1725,0,32.754,17.932,16.059,-15.376,4.4931,-17.338,14.221,13.756,14.227,13.36,17.052,-7.2826,-3.401,-9.7402,3.9365,-1.0105,-6.2506,15.912,3.7504,-9.3608,-20.674,-4.3014,12.933,-0.28923,-10.262,-3.9268,-7.8084,-7.1357,16.773,4.3679,0.3231,4.6903,-14.316,-0.4505,-1.1723,-5.3377,-4.4957,3.5972,19.374,10.8,-0.3265,1.2657,24.7,-23.415,0.35765,-8.0759,25.603,27.42,4.0373,-21.55,4.43,13.025,13.701,-11.076,32.754,0,19.426,20.588,-24.911,6.884,-27.053,15.281,18.97,15.665,22.358,24.404,-12.69,-4.298,-18.83,1.0141,-9.3459,-0.19608,13.131,4.0849,-6.2616,-16.065,-8.0901,20.615,4.7262,-11.218,-0.086886,-2.5418,-19.04,15.904,0.37447,-8.6938,-5.7422,-11.017,-2.957,4.776,3.8126,-15.989,11.751,27.543,27.415,-2.9018,7.6715,32.576,-27.446,2.0029,3.0427,22.319,10.971,6.4685,-11.277,4.4599,20.265,25.631,-10.136,17.932,19.426,0,17.685,-23.197,8.2154,-25.27,33.786,12.923,21.963,17.773,8.8101,-20.893,3.5472,-10.305,-5.4999,2.4635,6.5921,26.785,-3.1157,-6.7661,-7.2216,-12.242,23.985,-8.9576,-20.599,-11.629,-2.7907,-6.3579,11.062,5.4139,5.5118,2.7823,-19.111,-6.5364,9.4323,-3.313,-5.0088,-2.8056,24.127,9.9184,6.1924,13.785,24.851,-13.876,-5.5934,-2.971,26.633,15.389,5.3588,-22.315,8.6148,7.868,11.063,-26.706,16.059,20.588,17.685,0,-23.708,11.016,-25.171,12.612,8.9133,13.515,15.275,22.179,-22.83,5.9992,-15.941,-4.8858,-2.325,-1.5957,-23.505,1.5557,11.884,18.775,4.6139,-20.445,1.3764,11.163,4.6995,-0.54563,12.746,-13.468,1.0118,0.606,-2.4395,21.961,9.7238,-8.4959,5.3603,12.998,-1.7394,-21.866,-17.007,-3.6822,-7.3629,-29.892,20.371,1.2542,7.4012,-41.443,-18.094,-8.9739,23.291,-2.7972,-10.2,-19.7,17.065,-15.376,-24.911,-23.197,-23.708,0,-8.7708,36.763,-18.466,-14.591,-15.938,-26.434,-18.129,27.305,-0.8328,25.516,-4.9592,-2.0995,4.9254,2.5853,5.2115,1.5951,0.57873,-3.7563,8.4379,-8.7929,0.69659,5.4479,10.909,-8.438,-6.8456,0.51537,8.9404,-7.5172,-13.442,-1.7187,4.842,6.8617,-1.9526,-0.86233,5.0587,3.3352,-5.9047,1.2645,8.5027,-0.79558,11.736,0.14753,5.3368,1.2193,20.075,-10.419,-0.25745,-1.6073,-0.96291,-8.6208,4.4931,6.884,8.2154,11.016,-8.7708,0,-12.815,2.1783,8.0643,22.145,12.559,10.813,-10.772,-4.4421,-4.6407,-3.5567,0.97262,0.15014,-18.022,-3.4883,6.0601,16.379,8.0649,-23.237,3.2663,9.4063,1.9659,0.38531,15.516,-11.418,-3.2456,-0.47186,1.4325,17.631,4.4309,-7.1191,3.6567,9.1247,-4.0563,-24.637,-17.407,-1.9751,-6.2825,-37.231,20.838,-2.5005,4.2862,-28.917,-18.908,-12.432,19.558,-0.67132,-12.369,-15.53,17.883,-17.338,-27.053,-25.27,-25.171,36.763,-12.815,0,-18.979,-20.089,-21.111,-33.776,-20.15,25.256,0.85584,22.012,4.1773,-10.046,-2.0247,11.979,4.7815,-4.0715,-17.854,-9.5897,20.015,7.0095,-10.594,-0.24603,-5.2949,-20.996,20.887,1.9893,-13.821,-6.5687,-5.3643,-1.5321,5.2874,1.0082,-16.099,15.56,28.028,38.691,0.11848,8.3479,27.42,-33.795,0.23882,4.7958,19.003,11.415,4.2113,-6.038,1.2705,29.527,31.792,-8.6535,14.221,15.281,33.786,12.612,-18.466,2.1783,-18.979,0,12.745,13.315,14.705,4.8778,-17.545,5.3374,-9.9065,12.07,-4.1244,-12.237,5.3089,15.741,1.715,-18.079,-5.4579,10.786,-0.88551,1.0343,6.366,-3.7442,-14.912,7.9277,8.4945,-1.0426,-4.2836,-4.939,6.0114,-0.83791,-6.6642,-1.4597,9.6414,12.875,12.185,-0.7896,-3.816,17.472,-16.757,10.792,-4.2968,11.534,20.098,13.79,-7.8604,-9.8456,13.792,7.6565,-7.3476,13.756,18.97,12.923,8.9133,-14.591,8.0643,-20.089,12.745,0,14.032,29.041,14.09,-8.9111,-10.748,-16.464,-0.54475,-9.3181,-1.2096,5.2558,8.4501,-3.0762,-9.6014,-3.5025,11.812,1.21,-2.5982,6.7417,3.6885,-15.461,3.5181,-0.78239,-1.5396,-8.1106,-13.298,-0.20898,1.038,8.3117,-9.1161,8.4628,12.703,12.906,-10.214,0.5145,17.878,-12.13,11.634,1.2378,12.241,6.3097,13.851,-12.213,2.0343,8.7934,9.5685,-6.469,14.227,15.665,21.963,13.515,-15.938,22.145,-21.111,13.315,14.032,0,18.963,10.812,-14.004,-4.3927,-6.8687,9.5729,-0.24788,-4.3165,11.637,7.0957,-4.014,-18.792,-4.4447,15.96,-2.4758,-2.5386,2.9079,1.5749,-16.884,7.7399,2.788,0.67754,-2.2469,-14.098,-2.3861,4.8795,-5.8829,-7.2226,5.122,16.036,15.014,0.80143,0.79277,23.816,-17.078,7.372,-6.8792,19.597,18.801,17.346,-15.535,-5.3957,10.291,11.64,-12.758,13.36,22.358,17.773,15.275,-26.434,12.559,-33.776,14.705,29.041,18.963,0,18.148,-18.002,-6.6432,-24.011,0.48846,7.0266,-1.4222,16.147,0.33337,-6.6371,-9.26,-4.6895,10.766,-10.844,-8.8195,-7.4737,-3.6388,-1.3544,6.8224,6.6923,12.008,8.3566,-17.793,-2.2307,1.7396,-9.4708,2.2608,-5.9931,11.892,2.3862,4.357,2.0289,15.066,-9.5963,-1.1039,-12.821,17.875,22.639,6.4179,-26.805,3.4457,3.0259,3.7659,-16.316,17.052,24.404,8.8101,22.179,-18.129,10.813,-20.15,4.8778,14.09,10.812,18.148,0,-10.935,-5.0442,-20.499,-0.13161,-1.4826,-9.5315,-21.747,3.3123,6.162,8.967,10.028,-31.453,4.6414,12.526,5.2862,-4.9319,16.395,-8.4591,0.50529,0.44041,3.1324,17.715,12.507,-18.998,2.0002,15.095,-1.1203,-22.296,-19.449,-6.6788,-16.042,-25.051,13.745,2.3131,0.52865,-24.466,-9.3754,-11.857,14.437,-1.955,-8.4839,-16.948,23.116,-7.2826,-12.69,-20.893,-22.83,27.305,-10.772,25.256,-17.545,-8.9111,-14.004,-18.002,-10.935,0,-7.8188,16.88,-12.546,0.16398,19.05,9.1451,-12.023,-0.29363,6.5866,-12.261,9.8039,-2.7885,-17.41,-14.434,-1.3384,-0.812,5.4187,0.91703,-3.3992,-1.8376,0.19929,-8.3136,14.84,2.6406,-6.2802,-2.3388,7.6882,5.4069,10.729,30.433,3.1174,-1.2827,-17.356,11.115,3.7025,-4.16,-6.2896,2.117,9.4529,3.1473,6.3861,-8.8124,-3.401,-4.298,3.5472,5.9992,-0.8328,-4.4421,0.85584,5.3374,-10.748,-4.3927,-6.6432,-5.0442,-7.8188,0,2.6591,-10.332,-9.6703,0.97413,-20.399,1.651,8.4446,16.727,3.505,-14.418,5.9767,6.6654,5.9166,0.21527,7.8588,-10.12,-2.4025,-4.167,-6.6239,15.579,8.1099,-8.3947,17.042,5.238,2.7757,-13.787,-9.5951,-10.412,-4.2552,-17.541,13.504,2.3174,14.186,-23.215,-24.358,-9.3051,18.666,3.3381,-5.8506,-10.713,17.489,-9.7402,-18.83,-10.305,-15.941,25.516,-4.6407,22.012,-9.9065,-16.464,-6.8687,-24.011,-20.499,16.88,2.6591,0
