0,-2.8994,-1.582,2.0461,-23.408,-3.0606,-11.435,8.2612,-2.2475,5.3143,21.256,10.866,-9.2815,12.322,-1.3385,5.9705,-6.2711,-3.6571,14.239,-0.25806,-2.2651,-1.072,-7.2633,1.7517,6.357,8.1873,3.0144,-11.857,-7.7793,13.659,-12.434,1.9487,9.9327,7.9704,1.9666,10.636,-12.021,5.5866,12.649,-3.2521,-5.7504,1.0016,4.5217,3.2701,-15.134,-4.6369,-0.21599,-1.1052,-14.315,4.9005,-8.1333,-20.32,10.657,5.6737,-7.3328,-2.8994,0,1.6866,-7.9935,-6.4611,-3.0139,15.075,5.4856,4.7658,-6.9094,-7.9524,-12.38,17.538,-8.3047,13.025,-1.4486,-2.5921,4.9307,-9.3364,-8.55,21.944,18.103,-4.8317,-13.892,-1.2352,-13.784,9.5644,16.998,6.852,-3.0981,5.0506,0.129,13.198,-12.303,-3.5984,11.774,-0.49627,-0.65998,-11.308,7.4945,-0.71242,-9.1488,-3.1574,1.8244,17.262,-0.81065,21.912,-3.6513,10.92,7.9956,-12.634,-0.17389,-1.6384,-10.273,11.837,-1.582,1.6866,0,7.8172,-0.27812,1.5443,-4.6409,-1.568,18.899,3.051,-7.9498,-7.5588,-5.4249,1.9841,1.8086,-1.77,0.039704,11.463,2.6474,0.65728,0.77017,10.964,6.01,-11.949,-1.9159,-7.1502,11.646,1.4917,-3.1478,5.766,2.6246,10.708,0.92738,6.6847,-3.7883,3.8397,2.3267,-11.694,-3.5015,-3.5642,5.8625,8.0315,3.9043,-4.8952,7.4344,-11.215,-3.8477,-4.5479,4.5745,-13.361,-0.055181,0.58768,-1.4877,9.5293,3.3278,2.0461,-7.9935,7.8172,0,5.8208,19.135,-7.5143,-9.0791,-3.1725,-6.2572,5.4852,-0.094729,-3.0701,6.6327,-18.333,3.3256,10.588,-5.985,-2.1085,27.281,-16.89,2.9792,12.258,-8.956,-18.19,-7.0372,1.9733,-15.542,-18.8,6.2081,0.93876,17.599,-9.4756,23.18,15.721,-7.8217,-8.3026,-17.815,-5.0721,-13.957,7.6684,-6.1134,-0.68758,-24.128,-4.4356,2.5799,-16.113,-8.8428,-1.2215,-1.9799,-0.55393,8.8868,17.387,2.9417,1.1214,-23.408,-6.4611,-0.27812,5.8208,0,7.2153,5.2543,-17.935,-2.8021,-4.5109,-11.341,-6.6955,2.6875,-8.7779,-9.6793,-2.431,11.689,0.46603,-8.5037,10.377,-8.9147,-3.2808,9.3479,0.14987,-12.332,-5.2365,-7.0704,-0.038204,-1.445,-12.779,5.8355,0.20688,-21.92,-0.50405,2.3562,-19.822,6.3851,-8.6402,-9.2021,-2.866,10.895,-1.4512,-2.8527,-10.529,4.6731,8.8962,-10.624,0.84781,5.6191,-4.6956,14.516,29.215,-3.6985,-4.5677,3.7013,-3.0606,-3.0139,1.5443,19.135,7.2153,0,-5.8269,-4.4094,-11.642,-21.435,6.0748,4.0854,8.3235,9.6125,-12.432,-6.729,17.265,-13.403,-12.805,14.168,-11.375,-1.4747,25.506,-5.4587,-15.191,-5.4628,-5.5039,-7.6398,-8.8598,8.3338,13.268,21.884,-11.788,17.234,27.601,-15.288,-9.3518,-7.8875,-12.553,-16.144,1.9967,-13.825,-14.54,-15.619,-2.7966,9.9029,-7.7479,-18.143,9.9358,4.7757,-2.8459,10.289,17.332,-3.5463,-2.4074,-11.435,15.075,-4.6409,-7.5143,5.2543,-5.8269,0,-2.4366,3.6097,-1.3184,-14.428,-20.047,11.883,-28.123,7.2858,7.2523,-3.7361,3.7487,-10.843,-1.5759,13.445,12.068,-9.3905,-7.2789,-5.7538,-15.516,7.4946,15.782,8.3304,-22.282,0.77847,-10.744,5.4868,-21.873,-4.842,5.412,8.514,-5.3763,-7.5403,16.146,2.7959,-7.5314,4.301,-0.69485,19.928,0.95663,12.36,8.1637,3.601,2.6956,-3.4888,9.8903,-7.7198,-10.323,23.446,8.2612,5.4856,-1.568,-9.0791,-17.935,-4.4094,-2.4366,0,3.115,3.2914,7.7768,9.1021,1.6465,9.0715,19.737,0.11447,-16.948,-7.1337,-1.1588,-15.848,14.208,-1.1563,-3.9558,5.8815,16.837,5.5333,5.8545,8.4502,14.703,10.957,5.1879,-3.3944,19.29,-1.6879,1.2644,11.804,4.3033,8.5448,9.4451,9.2708,-33.156,2.2798,0.7501,19.146,0.75833,-12.895,17.284,2.7753,0.82711,-1.3062,-17.314,-18.426,-3.0257,9.2681,-1.7295,-2.2475,4.7658,18.899,-3.1725,-2.8021,-11.642,3.6097,3.115,0,14.224,-13.182,-11.667,-7.3804,-6.3845,12.079,5.4309,-12.542,16.239,4.9902,-6.9705,10.562,12.056,-6.3113,-6.1067,5.3493,-5.6092,19.125,9.9592,6.3624,-2.572,-2.453,-3.8255,9.5512,-5.2742,-14.251,13.394,13.115,-7.1229,3.7445,10.404,0.95118,14.16,14.806,4.5248,13.107,-22.666,4.2427,8.4826,-0.95352,-18.465,-1.0077,-3.0327,-13.332,11.739,9.3753,5.3143,-6.9094,3.051,-6.2572,-4.5109,-21.435,-1.3184,3.2914,14.224,0,-2.0429,-0.38819,-22.557,-3.5451,6.1539,11.738,-18.873,8.6562,17.629,-5.6115,2.7811,-1.4421,-15.451,7.7211,12.532,7.4475,7.3493,0.42434,4.41,-3.861,-14.703,-15.195,7.2098,-4.8187,-15.215,10.612,11.674,1.5471,23.068,11.553,-2.7031,22.761,25.658,10.438,-1.5407,-17.215,-0.79988,22.431,-17.702,-15.317,4.3755,-9.2913,-13.115,15.66,0.93237,21.256,-7.9524,-7.9498,5.4852,-11.341,6.0748,-14.428,7.7768,-13.182,-2.0429,0,22.411,-3.9962,20.183,-5.9045,1.6754,-0.46801,-16.998,4.8279,3.7309,-7.952,-9.3009,1.2313,7.031,3.0147,10.762,-4.9635,-15.209,-6.901,16.256,-3.4027,4.7192,1.9492,13.626,13.05,-0.3727,-12.811,6.5301,9.1571,-7.4287,-9.7242,-4.3662,-3.0568,1.1982,-22.142,1.8765,-2.9548,-4.5558,-8.5363,7.5349,-7.2965,-11.381,16.022,3.7724,-11.748,10.866,-12.38,-7.5588,-0.094729,-6.6955,4.0854,-20.047,9.1021,-11.667,-0.38819,22.411,0,-5.1305,24.387,-2.6114,-6.3485,-0.11835,-13.419,5.127,-2.7395,-7.6601,-22.534,5.2039,18.042,10.413,23.586,-12.644,-9.6845,-0.3128,16.251,1.5685,2.4167,-2.3045,10.867,7.7362,-5.6282,-5.7042,14.278,10.856,-7.4528,-12.866,2.7924,-6.8414,7.8592,-22.142,1.7458,-3.7367,-3.6192,-3.7131,2.6464,-0.33565,-12.312,5.5914,6.3834,-23.875,-9.2815,17.538,-5.4249,-3.0701,2.6875,8.3235,11.883,1.6465,-7.3804,-22.557,-3.9962,-5.1305,0,-4.2009,3.9948,-7.5757,6.966,-5.4887,-25.264,-2.0087,8.445,5.6947,5.4814,-7.4808,-7.0462,-11.008,-1.8593,11.027,5.4338,-2.6966,15.472,4.0721,0.75336,-6.2712,7.0513,-2.8453,-2.6888,0.055385,-19.975,0.72774,-1.4098,-20.33,-15.301,-2.6883,10.674,10.05,12.073,-9.4009,19.957,13.341,-8.3228,7.8998,3.1063,-17.241,6.2729,12.322,-8.3047,1.9841,6.6327,-8.7779,9.6125,-28.123,9.0715,-6.3845,-3.5451,20.183,24.387,-4.2009,0,-3.1557,-7.7072,2.1422,-10.816,3.508,-0.17227,-7.5975,-9.9545,10.905,6.0022,5.6601,11.709,-5.6154,-10.436,-4.2413,36.646,4.6745,12.619,-1.1205,21.045,11.122,-3.6503,-9.2177,5.9018,5.343,-12.744,-9.5922,1.3125,-7.9769,2.259,-15.298,-1.1929,-4.6945,-10.901,0.2883,0.84531,-4.4985,-11.281,10.865,8.7179,-18.028,-1.3385,13.025,1.8086,-18.333,-9.6793,-12.432,7.2858,19.737,12.079,6.1539,-5.9045,-2.6114,3.9948,-3.1557,0,-0.025681,-18.948,3.6632,-2.627,-25.637,33.787,4.9714,-8.2531,1.7173,15.58,-0.36156,9.696,25.101,26.42,-0.28571,4.9544,-9.3844,20.055,-13.73,-9.1469,15.201,12.957,5.8466,4.2729,19.176,-14.308,5.5595,3.9007,20.706,12.418,-14.532,26.326,7.5172,4.5928,-4.7341,-9.8948,-9.8509,-14.962,5.0405,5.5267,5.9705,-1.4486,-1.77,3.3256,-2.431,-6.729,7.2523,0.11447,5.4309,11.738,1.6754,-6.3485,-7.5757,-7.7072,-0.025681,0,-12.424,-1.3446,3.8547,7.1156,1.5592,7.4618,-15.472,-2.669,-3.4017,-5.9019,14.667,-2.3424,-1.808,-7.3899,-13.604,-9.6892,8.5854,-2.6194,-0.45883,10.849,4.8169,-9.9898,9.516,11.986,-0.64637,-0.23275,25.332,-2.2283,1.5995,-9.2339,0.92556,16.448,-18.469,-4.7722,-5.6809,0.13333,0.1734,5.8482,14.075,-6.2711,-2.5921,0.039704,10.588,11.689,17.265,-3.7361,-16.948,-12.542,-18.873,-0.46801,-0.11835,6.966,2.1422,-18.948,-12.424,0,-1.1386,-5.3827,11.77,-14.677,-2.6631,17.007,-5.367,-15.246,-2.9379,-13.645,-8.8243,-13.934,0.8397,5.4488,15.454,-22.143,8.3018,8.0346,-20.018,-13.32,-2.6366,-18.012,-23.45,14.731,-9.6054,-17.612,-17.482,-4.0405,24.124,-12.578,-19.324,9.3552,9.3273,8.7674,13.257,11.345,-13.607,-5.9205,-3.6571,4.9307,11.463,-5.985,0.46603,-13.403,3.7487,-7.1337,16.239,8.6562,-16.998,-13.419,-5.4887,-10.816,3.6632,-1.3446,-1.1386,0,9.6675,-5.9086,4.703,8.3932,-6.5928,-6.3587,2.675,-2.6697,5.0241,5.0916,-0.61379,-7.2711,-7.6153,-3.1756,1.424,-8.602,-26.467,6.6781,3.4448,-0.88776,-1.8543,2.2338,13.044,11.503,6.4136,0.89715,7.3583,-4.0414,-0.65713,2.9074,-0.12448,-5.5498,9.3863,-0.29852,-10.877,-1.0519,2.9163,14.239,-9.3364,2.6474,-2.1085,-8.5037,-12.805,-10.843,-1.1588,4.9902,17.629,4.8279,5.127,-25.264,3.508,-2.627,3.8547,-5.3827,9.6675,0,-2.3867,-5.2023,-4.384,-9.6524,5.9162,9.8654,13.274,-0.36186,-10.307,-6.8222,3.2215,-22.142,-4.2873,2.1331,2.3942,-12.011,6.4237,-3.258,6.4627,16.104,-2.1972,3.1484,16.186,10.222,4.8782,-12.743,-5.4559,-7.5552,5.5144,-18.352,-3.9795,7.7441,-13.516,-1.7539,7.7634,-9.5054,-0.25806,-8.55,0.65728,27.281,10.377,14.168,-1.5759,-15.848,-6.9705,-5.6115,3.7309,-2.7395,-2.0087,-0.17227,-25.637,7.1156,11.77,-5.9086,-2.3867,0,-18.908,1.8442,6.5536,-7.0002,-25.213,-7.6668,-0.6564,-16.225,-19.901,-1.8801,-3.2114,8.6399,-12.253,12.512,13.051,-9.6463,-7.5226,-16.489,-5.2347,-10.084,11.595,-8.9592,1.0373,-29.176,-4.6748,7.6519,-16.953,-3.9916,-4.6008,1.316,2.895,14.322,14.976,-2.4196,3.6686,-2.2651,21.944,0.77017,-16.89,-8.9147,-11.375,13.445,14.208,10.562,2.7811,-7.952,-7.6601,8.445,-7.5975,33.787,1.5592,-14.677,4.703,-5.2023,-18.908,0,10.446,-10.177,-3.4117,8.8365,-5.6934,11.843,28.189,19.685,-3.5369,3.926,-8.6582,21.717,-17.861,-8.6188,17.369,9.4447,3.2379,-0.31056,19.678,-9.2443,0.29041,3.3119,13.305,16.952,-10.049,36.072,5.9051,5.6967,-0.3824,-12.04,-6.0904,-11.402,-0.54922,10.44,-1.072,18.103,10.964,2.9792,-3.2808,-1.4747,12.068,-1.1563,12.056,-1.4421,-9.3009,-22.534,5.6947,-9.9545,4.9714,7.4618,-2.6631,8.3932,-4.384,1.8442,10.446,0,-4.9493,-30.159,-8.6191,-26.018,22.815,7.3773,-1.6807,-3.973,-1.0925,3.298,10.255,-4.5492,-2.7513,13.318,-0.1192,-14.457,-9.0325,5.418,6.33,-5.877,6.0936,-7.2033,17.167,-5.9414,7.643,-1.1345,3.2468,-0.0045442,-10.15,3.8799,1.4055,-3.1902,21.191,-7.2633,-4.8317,6.01,12.258,9.3479,25.506,-9.3905,-3.9558,-6.3113,-15.451,1.2313,5.2039,5.4814,10.905,-8.2531,-15.472,17.007,-6.5928,-9.6524,6.5536,-10.177,-4.9493,0,-1.7526,-7.5006,-1.0323,-8.5375,-4.0633,-4.3628,9.3837,18.409,20.764,-15.426,15.173,13.608,-19.274,-4.4017,-4.0528,-11.435,-17.2,2.0051,-4.1991,-17.208,-9.0006,-1.6178,7.2255,-8.9686,-18.037,15.173,-0.68246,2.8048,8.405,7.4363,-0.29617,-7.0374,1.7517,-13.892,-11.949,-8.956,0.14987,-5.4587,-7.2789,5.8815,-6.1067,7.7211,7.031,18.042,-7.4808,6.0022,1.7173,-2.669,-5.367,-6.3587,5.9162,-7.0002,-3.4117,-30.159,-1.7526,0,15.529,27.032,-13.121,-2.0879,7.8852,1.1412,-1.178,-11.012,-3.0899,-1.1181,-1.8531,-5.5407,6.0027,16.5,15.951,2.6379,-11.22,9.7958,-0.086482,15.122,-11.839,-0.18359,-1.886,8.5441,-6.3368,-3.128,7.1713,-7.6269,-7.4258,6.504,-13.9,6.357,-1.2352,-1.9159,-18.19,-12.332,-15.191,-5.7538,16.837,5.3493,12.532,3.0147,10.413,-7.0462,5.6601,15.58,-3.4017,-15.246,2.675,9.8654,-25.213,8.8365,-8.6191,-7.5006,15.529,0,18.079,-1.2983,5.9676,13.679,5.4652,-1.9206,-10.091,10.02,-5.5684,-10.964,8.1822,6.8424,19.211,16.578,7.7144,-14.875,15.862,3.0468,37.495,-3.7981,-10.526,8.0943,7.5093,-3.6133,-4.8244,-0.43376,-22.915,-12.257,9.79,-9.5212,8.1873,-13.784,-7.1502,-7.0372,-5.2365,-5.4628,-15.516,5.5333,-5.6092,7.4475,10.762,23.586,-11.008,11.709,-0.36156,-5.9019,-2.9379,-2.6697,13.274,-7.6668,-5.6934,-26.018,-1.0323,27.032,18.079,0,-13.868,-6.8222,1.9389,7.3526,-4.3956,-4.9351,-2.441,3.0633,-3.4113,-3.4216,-1.0355,21.369,16.084,-3.3803,-7.8757,11.865,-1.8177,13.504,-19.417,0.22846,-4.3748,2.6473,-7.3765,-0.73151,7.5393,-14.202,-2.9987,6.501,-25.74,3.0144,9.5644,11.646,1.9733,-7.0704,-5.5039,7.4946,5.8545,19.125,7.3493,-4.9635,-12.644,-1.8593,-5.6154,9.696,14.667,-13.645,5.0241,-0.36186,-0.6564,11.843,22.815,-8.5375,-13.121,-1.2983,-13.868,0,7.1476,2.8027,-1.0597,-3.0085,-1.44,17.152,-2.8572,-3.1483,20.242,6.3097,-13.285,1.8821,11.839,-1.7995,1.131,15.698,-0.49971,13.075,-19.382,8.3676,6.5433,-3.0865,-8.1986,-13.241,-2.147,-2.3016,7.8779,19.117,-11.857,16.998,1.4917,-15.542,-0.038204,-7.6398,15.782,8.4502,9.9592,0.42434,-15.209,-9.6845,11.027,-10.436,25.101,-2.3424,-8.8243,5.0916,-10.307,-16.225,28.189,7.3773,-4.0633,-2.0879,5.9676,-6.8222,7.1476,0,25.486,-7.3578,9.8129,-8.1394,9.8398,-19.124,-8.0748,7.2488,15.338,1.3879,-4.3379,17.374,-6.3808,1.0079,0.29647,10.627,24.185,-6.6907,21.896,5.4585,11.66,-3.3848,-5.543,0.80988,-16.864,-1.6252,10.708,-7.7793,6.852,-3.1478,-18.8,-1.445,-8.8598,8.3304,14.703,6.3624,4.41,-6.901,-0.3128,5.4338,-4.2413,26.42,-1.808,-13.934,-0.61379,-6.8222,-19.901,19.685,-1.6807,-4.3628,7.8852,13.679,1.9389,2.8027,25.486,0,-4.015,9.0991,-12.823,9.2629,-14.667,-6.0507,5.084,19.966,6.8168,3.8607,19.368,-15.703,5.0947,1.3033,20.604,11.142,-8.8834,18.378,9.9281,6.2207,-5.9191,-4.5181,-3.9205,-19.623,4.0613,4.0112,13.659,-3.0981,5.766,6.2081,-12.779,8.3338,-22.282,10.957,-2.572,-3.861,16.256,16.251,-2.6966,36.646,-0.28571,-7.3899,0.8397,-7.2711,3.2215,-1.8801,-3.5369,-3.973,9.3837,1.1412,5.4652,7.3526,-1.0597,-7.3578,-4.015,0,4.8557,15.168,2.7454,18.534,9.0608,0.68333,-10.033,4.164,3.3266,-11.302,-8.8643,0.73251,-7.1408,2.0502,-10.187,-3.6412,-1.542,-12.902,1.9736,1.0666,-8.1082,-13.079,11.061,8.3507,-13.189,-12.434,5.0506,2.6246,0.93876,5.8355,13.268,0.77847,5.1879,-2.453,-14.703,-3.4027,1.5685,15.472,4.6745,4.9544,-13.604,5.4488,-7.6153,-22.142,-3.2114,3.926,-1.0925,18.409,-1.178,-1.9206,-4.3956,-3.0085,9.8129,9.0991,4.8557,0,8.5496,-3.6647,2.2321,9.6192,-8.6874,3.861,-1.288,-11.723,-2.1252,-6.6075,-5.9098,-15.445,0.22943,8.3852,2.1346,5.2169,-9.6399,27.629,-0.64191,-4.7626,6.2181,-0.6299,-1.2423,0.17106,1.9487,0.129,10.708,17.599,0.20688,21.884,-10.744,-3.3944,-3.8255,-15.195,4.7192,2.4167,4.0721,12.619,-9.3844,-9.6892,15.454,-3.1756,-4.2873,8.6399,-8.6582,3.298,20.764,-11.012,-10.091,-4.9351,-1.44,-8.1394,-12.823,15.168,8.5496,0,-6.8011,20.137,12.737,-6.8854,-14.398,-6.6871,-12.073,-22.52,5.1647,-7.2359,-12.559,-13.849,-2.7567,5.1428,-7.5716,-29.521,9.7817,3.6271,-3.056,3.2759,17.367,-1.4788,-4.8331,9.9327,13.198,0.92738,-9.4756,-21.92,-11.788,5.4868,19.29,9.5512,7.2098,1.9492,-2.3045,0.75336,-1.1205,20.055,8.5854,-22.143,1.424,2.1331,-12.253,21.717,10.255,-15.426,-3.0899,10.02,-2.441,17.152,9.8398,9.2629,2.7454,-3.6647,-6.8011,0,-7.8925,-5.257,35.34,3.3106,2.5873,7.3345,15.409,-12.038,0.92192,9.0051,11.927,6.1067,-15.437,21.532,6.7003,-3.8376,0.061248,-19.231,-14.994,-3.4716,4.8116,7.513,7.9704,-12.303,6.6847,23.18,-0.50405,17.234,-21.873,-1.6879,-5.2742,-4.8187,13.626,10.867,-6.2712,21.045,-13.73,-2.6194,8.3018,-8.602,2.3942,12.512,-17.861,-4.5492,15.173,-1.1181,-5.5684,3.0633,-2.8572,-19.124,-14.667,18.534,2.2321,20.137,-7.8925,0,15.455,-7.9582,-10.826,-5.4071,0.5857,-19.547,0.62798,-1.2526,-4.4657,-10.013,-12.68,1.0374,-15.266,-11.968,-1.403,-1.7103,-0.79258,-0.69625,17.304,7.5146,-9.4252,1.9666,-3.5984,-3.7883,15.721,2.3562,27.601,-4.842,1.2644,-14.251,-15.215,13.05,7.7362,7.0513,11.122,-9.1469,-0.45883,8.0346,-26.467,-12.011,13.051,-8.6188,-2.7513,13.608,-1.8531,-10.964,-3.4113,-3.1483,-8.0748,-6.0507,9.0608,9.6192,12.737,-5.257,15.455,0,-9.3667,-8.0875,-5.9656,-5.1554,-8.9169,-4.6364,-16.047,-9.1109,-10.023,-5.18,6.3605,-3.726,-10.258,3.8095,5.7997,-8.6758,5.3912,19.155,-0.94718,-1.0933,10.636,11.774,3.8397,-7.8217,-19.822,-15.288,5.412,11.804,13.394,10.612,-0.3727,-5.6282,-2.8453,-3.6503,15.201,10.849,-20.018,6.6781,6.4237,-9.6463,17.369,13.318,-19.274,-5.5407,8.1822,-3.4216,20.242,7.2488,5.084,0.68333,-8.6874,-6.8854,35.34,-7.9582,-9.3667,0,2.4956,0.45609,7.512,13.689,-5.693,3.3612,13.277,8.6579,5.926,-16.068,14.709,7.7244,-6.8005,-1.3681,-13.1,-13.627,-3.8701,4.7897,8.4509,-12.021,-0.49627,2.3267,-8.3026,6.3851,-9.3518,8.514,4.3033,13.115,11.674,-12.811,-5.7042,-2.6888,-9.2177,12.957,4.8169,-13.32,3.4448,-3.258,-7.5226,9.4447,-0.1192,-4.4017,6.0027,6.8424,-1.0355,6.3097,15.338,19.966,-10.033,3.861,-14.398,3.3106,-10.826,-8.0875,2.4956,0,-2.6332,5.8397,19.564,-6.1775,11.037,10.386,9.7902,12.472,-12.96,5.7137,18.674,0.57602,-18.98,2.2274,2.6313,-25.919,9.7965,8.6414,5.5866,-0.65998,-11.694,-17.815,-8.6402,-7.8875,-5.3763,8.5448,-7.1229,1.5471,6.5301,14.278,0.055385,5.9018,5.8466,-9.9898,-2.6366,-0.88776,6.4627,-16.489,3.2379,-14.457,-4.0528,16.5,19.211,21.369,-13.285,1.3879,6.8168,4.164,-1.288,-6.6871,2.5873,-5.4071,-5.9656,0.45609,-2.6332,0,7.236,0.097433,-8.7501,4.5649,-7.0895,18.396,-9.5629,3.9276,5.5449,-0.016058,-0.61938,7.6921,2.694,-14.67,-4.3132,-2.7647,-16.884,12.649,-11.308,-3.5015,-5.0721,-9.2021,-12.553,-7.5403,9.4451,3.7445,23.068,9.1571,10.856,-19.975,5.343,4.2729,9.516,-18.012,-1.8543,16.104,-5.2347,-0.31056,-9.0325,-11.435,15.951,16.578,16.084,1.8821,-4.3379,3.8607,3.3266,-11.723,-12.073,7.3345,0.5857,-5.1554,7.512,5.8397,7.236,0,7.4297,-11.051,14.762,14.332,13.791,-10.327,-12.777,-0.62459,15.656,-20.767,-8.4542,0.22805,-16.263,-5.4938,17.227,-5.7766,-3.2521,7.4945,-3.5642,-13.957,-2.866,-16.144,16.146,9.2708,10.404,11.553,-7.4287,-7.4528,0.72774,-12.744,19.176,11.986,-23.45,2.2338,-2.1972,-10.084,19.678,5.418,-17.2,2.6379,7.7144,-3.3803,11.839,17.374,19.368,-11.302,-2.1252,-22.52,15.409,-19.547,-8.9169,13.689,19.564,0.097433,7.4297,0,-9.0673,3.9263,13.953,12.594,12.459,-12.791,16.663,22.804,-3.842,-6.4147,-6.2457,-2.6968,-16.478,4.1277,14.125,-5.7504,-0.71242,5.8625,7.6684,10.895,1.9967,2.7959,-33.156,0.95118,-2.7031,-9.7242,-12.866,-1.4098,-9.5922,-14.308,-0.64637,14.731,13.044,3.1484,11.595,-9.2443,6.33,2.0051,-11.22,-14.875,-7.8757,-1.7995,-6.3808,-15.703,-8.8643,-6.6075,5.1647,-12.038,0.62798,-4.6364,-5.693,-6.1775,-8.7501,-11.051,-9.0673,0,-1.518,-0.0067741,-18.068,1.5537,9.6331,-12.799,-4.6974,0.14681,1.9174,13.313,13.252,3.0457,-9.7135,2.9263,1.0016,-9.1488,8.0315,-6.1134,-1.4512,-13.825,-7.5314,2.2798,14.16,22.761,-4.3662,2.7924,-20.33,1.3125,5.5595,-0.23275,-9.6054,11.503,16.186,-8.9592,0.29041,-5.877,-4.1991,9.7958,15.862,11.865,1.131,1.0079,5.0947,0.73251,-5.9098,-7.2359,0.92192,-1.2526,-16.047,3.3612,11.037,4.5649,14.762,3.9263,-1.518,0,10.313,11.316,-2.2033,-13.348,-4.0988,10.239,-6.7862,-19.086,10.157,-8.6475,-15.617,16.64,-6.2383,4.5217,-3.1574,3.9043,-0.68758,-2.8527,-14.54,4.301,0.7501,14.806,25.658,-3.0568,-6.8414,-15.301,-7.9769,3.9007,25.332,-17.612,6.4136,10.222,1.0373,3.3119,6.0936,-17.208,-0.086482,3.0468,-1.8177,15.698,0.29647,1.3033,-7.1408,-15.445,-12.559,9.0051,-4.4657,-9.1109,13.277,10.386,-7.0895,14.332,13.953,-0.0067741,10.313,0,2.758,2.776,-17.035,0.011437,22.692,-18.65,-13.17,-0.50426,-3.2924,-7.5679,12.058,10.145,3.2701,1.8244,-4.8952,-24.128,-10.529,-15.619,-0.69485,19.146,4.5248,10.438,1.1982,7.8592,-2.6883,2.259,20.706,-2.2283,-17.482,0.89715,4.8782,-29.176,13.305,-7.2033,-9.0006,15.122,37.495,13.504,-0.49971,10.627,20.604,2.0502,0.22943,-13.849,11.927,-10.013,-10.023,8.6579,9.7902,18.396,13.791,12.594,-18.068,11.316,2.758,0,-0.25138,-9.7169,13.175,9.6865,-1.7683,-3.5064,-2.544,-17.59,-14.745,7.0437,-5.3523,-15.134,17.262,7.4344,-4.4356,4.6731,-2.7966,19.928,0.75833,13.107,-1.5407,-22.142,-22.142,10.674,-15.298,12.418,1.5995,-4.0405,7.3583,-12.743,-4.6748,16.952,17.167,-1.6178,-11.839,-3.7981,-19.417,13.075,24.185,11.142,-10.187,8.3852,-2.7567,6.1067,-12.68,-5.18,5.926,12.472,-9.5629,-10.327,12.459,1.5537,-2.2033,2.776,-0.25138,0,-5.9404,12.195,3.2855,11.569,-5.1314,-5.0493,8.5727,-10.308,-2.6245,21.677,-4.6369,-0.81065,-11.215,2.5799,8.8962,9.9029,0.95663,-12.895,-22.666,-17.215,1.8765,1.7458,10.05,-1.1929,-14.532,-9.2339,24.124,-4.0414,-5.4559,7.6519,-10.049,-5.9414,7.2255,-0.18359,-10.526,0.22846,-19.382,-6.6907,-8.8834,-3.6412,2.1346,5.1428,-15.437,1.0374,6.3605,-16.068,-12.96,3.9276,-12.777,-12.791,9.6331,-13.348,-17.035,-9.7169,-5.9404,0,-6.2631,-11.284,5.5531,18.72,7.5334,10.059,9.1543,-23.647,-5.8828,-0.21599,21.912,-3.8477,-16.113,-10.624,-7.7479,12.36,17.284,4.2427,-0.79988,-2.9548,-3.7367,12.073,-4.6945,26.326,0.92556,-12.578,-0.65713,-7.5552,-16.953,36.072,7.643,-8.9686,-1.886,8.0943,-4.3748,8.3676,21.896,18.378,-1.542,5.2169,-7.5716,21.532,-15.266,-3.726,14.709,5.7137,5.5449,-0.62459,16.663,-12.799,-4.0988,0.011437,13.175,12.195,-6.2631,0,3.6995,5.928,4.2478,-16.182,-6.8828,-6.696,-2.8523,8.2365,-1.1052,-3.6513,-4.5479,-8.8428,0.84781,-18.143,8.1637,2.7753,8.4826,22.431,-4.5558,-3.6192,-9.4009,-10.901,7.5172,16.448,-19.324,2.9074,5.5144,-3.9916,5.9051,-1.1345,-18.037,8.5441,7.5093,2.6473,6.5433,5.4585,9.9281,-12.902,-9.6399,-29.521,6.7003,-11.968,-10.258,7.7244,18.674,-0.016058,15.656,22.804,-4.6974,10.239,22.692,9.6865,3.2855,-11.284,3.6995,0,-13.698,-10.897,2.2673,-2.1157,-15.834,8.2528,7.7048,-14.315,10.92,4.5745,-1.2215,5.6191,9.9358,3.601,0.82711,-0.95352,-17.702,-8.5363,-3.7131,19.957,0.2883,4.5928,-18.469,9.3552,-0.12448,-18.352,-4.6008,5.6967,3.2468,15.173,-6.3368,-3.6133,-7.3765,-3.0865,11.66,6.2207,1.9736,27.629,9.7817,-3.8376,-1.403,3.8095,-6.8005,0.57602,-0.61938,-20.767,-3.842,0.14681,-6.7862,-18.65,-1.7683,11.569,5.5531,5.928,-13.698,0,3.0795,-2.1932,7.4697,-1.0634,-7.6558,1.0343,4.9005,7.9956,-13.361,-1.9799,-4.6956,4.7757,2.6956,-1.3062,-18.465,-15.317,7.5349,2.6464,13.341,0.84531,-4.7341,-4.7722,9.3273,-5.5498,-3.9795,1.316,-0.3824,-0.0045442,-0.68246,-3.128,-4.8244,-0.73151,-8.1986,-3.3848,-5.9191,1.0666,-0.64191,3.6271,0.061248,-1.7103,5.7997,-1.3681,-18.98,7.6921,-8.4542,-6.4147,1.9174,-19.086,-13.17,-3.5064,-5.1314,18.72,4.2478,-10.897,3.0795,0,-4.5185,-0.43553,12.683,-23.051,-3.3547,-8.1333,-12.634,-0.055181,-0.55393,14.516,-2.8459,-3.4888,-17.314,-1.0077,4.3755,-7.2965,-0.33565,-8.3228,-4.4985,-9.8948,-5.6809,8.7674,9.3863,7.7441,2.895,-12.04,-10.15,2.8048,7.1713,-0.43376,7.5393,-13.241,-5.543,-4.5181,-8.1082,-4.7626,-3.056,-19.231,-0.79258,-8.6758,-13.1,2.2274,2.694,0.22805,-6.2457,13.313,10.157,-0.50426,-2.544,-5.0493,7.5334,-16.182,2.2673,-2.1932,-4.5185,0,6.8038,-6.7838,-1.9008,-7.849,-20.32,-0.17389,0.58768,8.8868,29.215,10.289,9.8903,-18.426,-3.0327,-9.2913,-11.381,-12.312,7.8998,-11.281,-9.8509,0.13333,13.257,-0.29852,-13.516,14.322,-6.0904,3.8799,8.405,-7.6269,-22.915,-14.202,-2.147,0.80988,-3.9205,-13.079,6.2181,3.2759,-14.994,-0.69625,5.3912,-13.627,2.6313,-14.67,-16.263,-2.6968,13.252,-8.6475,-3.2924,-17.59,8.5727,10.059,-6.8828,-2.1157,7.4697,-0.43553,6.8038,0,1.0098,-8.9407,9.8503,10.657,-1.6384,-1.4877,17.387,-3.6985,17.332,-7.7198,-3.0257,-13.332,-13.115,16.022,5.5914,3.1063,10.865,-14.962,0.1734,11.345,-10.877,-1.7539,14.976,-11.402,1.4055,7.4363,-7.4258,-12.257,-2.9987,-2.3016,-16.864,-19.623,11.061,-0.6299,17.367,-3.4716,17.304,19.155,-3.8701,-25.919,-4.3132,-5.4938,-16.478,3.0457,-15.617,-7.5679,-14.745,-10.308,9.1543,-6.696,-15.834,-1.0634,12.683,-6.7838,1.0098,0,-5.091,-3.6503,5.6737,-10.273,9.5293,2.9417,-4.5677,-3.5463,-10.323,9.2681,11.739,15.66,3.7724,6.3834,-17.241,8.7179,5.0405,5.8482,-13.607,-1.0519,7.7634,-2.4196,-0.54922,-3.1902,-0.29617,6.504,9.79,6.501,7.8779,-1.6252,4.0613,8.3507,-1.2423,-1.4788,4.8116,7.5146,-0.94718,4.7897,9.7965,-2.7647,17.227,4.1277,-9.7135,16.64,12.058,7.0437,-2.6245,-23.647,-2.8523,8.2528,-7.6558,-23.051,-1.9008,-8.9407,-5.091,0,-2.1355,-7.3328,11.837,3.3278,1.1214,3.7013,-2.4074,23.446,-1.7295,9.3753,0.93237,-11.748,-23.875,6.2729,-18.028,5.5267,14.075,-5.9205,2.9163,-9.5054,3.6686,10.44,21.191,-7.0374,-13.9,-9.5212,-25.74,19.117,10.708,4.0112,-13.189,0.17106,-4.8331,7.513,-9.4252,-1.0933,8.4509,8.6414,-16.884,-5.7766,14.125,2.9263,-6.2383,10.145,-5.3523,21.677,-5.8828,8.2365,7.7048,1.0343,-3.3547,-7.849,9.8503,-3.6503,-2.1355,0
