0,-1.2144,-10.617,1.5656,-3.657,-7.0758,-2.6367,2.7109,-2.3855,3.2831,-0.20237,-0.54831,1.6635,4.4971,4.2014,-5.4941,-1.7064,-3.497,3.8138,0.48435,5.1539,-1.2144,0,2.8438,1.2497,0.58977,-0.04245,1.0895,0.74844,-4.4648,-1.9426,1.0104,-4.0838,1.4105,2.0414,-1.1185,2.2574,-1.26,-1.7644,-0.77274,-3.4008,-0.83891,-10.617,2.8438,0,-0.61843,-0.2053,4.9657,0.080069,-4.888,0.60977,-3.7326,-0.92778,-1.6442,2.065,-4.3662,-1.1025,5.2375,5.2091,5.8856,-1.4128,-1.2904,-0.57939,1.5656,1.2497,-0.61843,0,-0.8873,-3.2447,-2.3395,8.0528,-0.50686,-3.4801,-2.5968,-2.5768,2.1068,1.41,1.8342,-2.6412,-3.0384,-2.0467,1.4959,-1.8022,5.2345,-3.657,0.58977,-0.2053,-0.8873,0,7.3021,5.0215,1.3249,3.6248,0.6003,0.90734,-1.0553,-5.0497,-3.7535,-5.4024,0.63193,-4.7196,-2.4,-3.7835,0.56187,-5.3305,-7.0758,-0.04245,4.9657,-3.2447,7.3021,0,0.90956,-3.2678,2.6771,1.9491,1.8929,-2.026,-0.48856,-6.0631,-4.9425,3.9374,0.73164,3.1359,-1.3916,2.9087,-4.1989,-2.6367,1.0895,0.080069,-2.3395,5.0215,0.90956,0,-0.22904,0.92071,2.0124,0.77463,-1.5812,-5.2766,1.318,-2.1437,4.5459,-3.6603,-4.2896,-9.9051,-0.72837,-6.6866,2.7109,0.74844,-4.888,8.0528,1.3249,-3.2678,-0.22904,0,-1.1943,-1.8309,-2.037,-0.41281,-2.4666,3.1017,1.7094,-3.1938,-7.457,-7.2819,-0.065502,-1.3229,-0.203,-2.3855,-4.4648,0.60977,-0.50686,3.6248,2.6771,0.92071,-1.1943,0,-2.3643,-3.2911,-0.56931,-0.29027,-1.4414,-4.7085,-1.1603,0.19745,-0.27014,-1.7153,-3.2798,0.6143,3.2831,-1.9426,-3.7326,-3.4801,0.6003,1.9491,2.0124,-1.8309,-2.3643,0,6.1034,1.9571,-2.9855,-0.50765,2.307,2.7335,0.29761,-0.038652,-0.39769,9.3403,-4.1334,-0.20237,1.0104,-0.92778,-2.5968,0.90734,1.8929,0.77463,-2.037,-3.2911,6.1034,0,3.8775,-1.574,0.5445,0.75986,3.9762,2.7654,1.5114,1.1535,6.4406,-3.4377,-0.54831,-4.0838,-1.6442,-2.5768,-1.0553,-2.026,-1.5812,-0.41281,-0.56931,1.9571,3.8775,0,-4.9631,-3.0071,2.9712,-0.88146,2.9925,2.2491,2.317,4.8959,-3.3394,1.6635,1.4105,2.065,2.1068,-5.0497,-0.48856,-5.2766,-2.4666,-0.29027,-2.9855,-1.574,-4.9631,0,2.6749,-1.4059,-0.23012,3.3602,2.112,3.6796,-1.522,9.1628,4.4971,2.0414,-4.3662,1.41,-3.7535,-6.0631,1.318,3.1017,-1.4414,-0.50765,0.5445,-3.0071,2.6749,0,-1.0296,1.2521,-1.602,-6.2245,-2.0969,-3.4387,2.139,4.2014,-1.1185,-1.1025,1.8342,-5.4024,-4.9425,-2.1437,1.7094,-4.7085,2.307,0.75986,2.9712,-1.4059,-1.0296,0,-2.4293,0.64929,-0.42258,3.2284,2.967,1.3898,-5.4941,2.2574,5.2375,-2.6412,0.63193,3.9374,4.5459,-3.1938,-1.1603,2.7335,3.9762,-0.88146,-0.23012,1.2521,-2.4293,0,3.0732,0.21512,-4.016,1.7452,-5.0863,-1.7064,-1.26,5.2091,-3.0384,-4.7196,0.73164,-3.6603,-7.457,0.19745,0.29761,2.7654,2.9925,3.3602,-1.602,0.64929,3.0732,0,8.5514,2.7956,2.7268,3.0794,-3.497,-1.7644,5.8856,-2.0467,-2.4,3.1359,-4.2896,-7.2819,-0.27014,-0.038652,1.5114,2.2491,2.112,-6.2245,-0.42258,0.21512,8.5514,0,3.1224,2.5314,1.9502,3.8138,-0.77274,-1.4128,1.4959,-3.7835,-1.3916,-9.9051,-0.065502,-1.7153,-0.39769,1.1535,2.317,3.6796,-2.0969,3.2284,-4.016,2.7956,3.1224,0,2.2526,4.9822,0.48435,-3.4008,-1.2904,-1.8022,0.56187,2.9087,-0.72837,-1.3229,-3.2798,9.3403,6.4406,4.8959,-1.522,-3.4387,2.967,1.7452,2.7268,2.5314,2.2526,0,-2.2092,5.1539,-0.83891,-0.57939,5.2345,-5.3305,-4.1989,-6.6866,-0.203,0.6143,-4.1334,-3.4377,-3.3394,9.1628,2.139,1.3898,-5.0863,3.0794,1.9502,4.9822,-2.2092,0
