0,1.0423,10.913,-9.8251,-16.515,-6.2272,-12.23,10.718,5.0052,-1.6121,-7.3575,-6.6601,-7.0104,15.797,-4.3418,-4.3695,13.381,-12.732,1.6523,-9.6549,-4.9689,11.197,7.1678,4.3071,2.9064,0.64604,-10.551,2.2297,-2.1096,0.82784,4.978,-0.75614,0.88851,-3.6118,-2.9107,-2.6358,10.714,5.6839,10.461,-2.1829,2.5223,0.14039,-0.16967,6.467,-3.0657,3.9401,7.4137,1.8167,-10.078,-6.1376,39.828,10.519,2.3861,-8.6574,2.1313,1.0423,0,4.4354,18.149,-8.0517,-4.2469,-11.012,0.43605,-0.55599,4.21,-15.184,-20.766,-15.696,2.1095,4.949,2.9572,5.883,14.115,3.4696,2.4929,-8.7547,10.085,4.3159,4.1463,1.7033,26.316,18.922,23.889,-12.824,-10.476,-4.526,4.4744,-9.8827,22.402,6.9164,-10.903,12.481,0.99759,16.39,1.137,12.001,8.1571,8.7202,-3.2934,5.6361,-11.144,0.82311,-7.8338,0.78933,-8.6434,3.4493,0.088142,-10.618,-10.328,-1.9952,10.913,4.4354,0,-2.3881,-25.522,-13.018,-19.726,43.922,-11.035,-20.45,-25.063,-17.206,-11.081,16.06,2.944,3.4674,34.106,-0.4429,-4.097,-11.566,-19.353,16.862,12.59,19.238,-7.7044,0.25649,2.9287,-3.7073,1.6553,-7.4016,3.0423,-2.352,-13.877,2.1096,0.86453,-7.7823,25.154,3.2965,13.538,-6.5426,-10.097,-7.1269,-8.5748,-10.055,0.30295,8.8147,10.455,-5.1422,-14.347,-12.993,13.252,15.811,-4.3253,-19.493,-12.24,-9.8251,18.149,-2.3881,0,4.5459,0.64603,-4.6393,-5.2568,-2.1158,4.9507,-4.9526,-5.8651,-4.8184,-0.17687,9.7697,-1.7719,-3.0736,20.917,2.1881,9.0233,-2.595,4.8485,-4.8096,-5.505,7.3997,17.902,20.137,11.916,-3.3732,-2.0489,1.8367,-2.6973,-11.813,20.52,7.8727,-10.309,1.3978,1.1,4.5051,9.3236,7.0666,0.092579,14.941,-1.7844,10.899,-3.9384,-5.7981,-5.6901,1.35,-9.01,-6.4369,-13.494,-9.8616,-6.3608,3.2766,-16.515,-8.0517,-25.522,4.5459,0,10.946,18.834,-20.774,6.5724,9.1649,24.375,21.556,17.945,-11.125,2.2799,-3.971,-26.07,2.0019,2.8408,9.1627,19.79,-12.987,-18.646,-21.35,8.9798,-3.2712,-2.7781,-2.4142,6.4513,13.082,3.59,-5.4497,8.4246,-3.3923,0.5456,7.7236,-30.722,-3.5724,-20.003,7.6749,1.4779,-2.6594,8.349,6.8781,0.34484,-0.12128,-13.091,3.6167,8.459,6.5832,-17.484,-22.976,4.055,15.733,11.199,-6.2272,-4.2469,-13.018,0.64603,10.946,0,11.258,-13.267,-1.4477,10.949,7.6916,9.6122,10.382,-13.799,6.9923,-12.376,-18.147,7.2568,-13.806,18.627,6.8243,-21.955,-15.262,-12.73,9.1737,4.8092,0.51265,0.67889,6.8988,6.8387,2.6379,8.4187,4.1512,-8.561,12.484,-1.8079,-6.1591,13.582,-15.789,10.03,1.0421,0.68988,-0.18331,15.796,1.6664,-1.7352,7.5207,-6.6527,-2.5904,15.55,-5.0677,-6.9033,-11.174,4.5254,15.674,-12.23,-11.012,-19.726,-4.6393,18.834,11.258,0,-15.613,7.6469,5.3287,19.73,14.188,21.939,-22.768,1.0462,4.3888,-16.454,-0.69995,1.8442,2.5401,22.959,-19.941,-13.435,-7.5855,0.59688,-6.1936,-5.7468,-2.2436,5.1643,8.6826,-3.1414,1.3286,20.166,-11.655,2.1536,19.315,-19.343,-7.1194,-25.261,-4.333,-1.4484,1.7253,-1.8519,4.4111,-11.511,-5.6942,-6.144,-0.99209,10.863,16.11,-13.563,-5.1615,4.45,31.599,4.1169,10.718,0.43605,43.922,-5.2568,-20.774,-13.267,-15.613,0,-10.114,-25.632,-18.352,-12.556,-7.3556,16.243,2.386,3.771,31.182,-3.164,-3.7132,-14.187,-15.165,15.222,11.104,18.065,-8.0835,-3.466,-0.3428,-7.2893,4.3847,-4.7009,4.5038,-4.5381,-10.921,-1.0903,-0.54452,-4.6946,18.734,2.0566,9.8229,-7.7655,-13.813,-9.8649,-10.206,-9.8697,-1.6537,11.919,9.1756,-3.7713,-14.574,-12.124,12.472,15.783,-1.708,-15.277,-12.285,5.0052,-0.55599,-11.035,-2.1158,6.5724,-1.4477,7.6469,-10.114,0,10.267,11.038,4.6914,6.7603,-0.96115,-3.4599,2.1805,-4.2228,-9.4691,20.527,-6.1132,19.742,1.5756,-7.0449,-9.3838,9.7395,0.46215,-12.043,9.318,-3.3182,10.92,1.9855,-6.2888,19.754,-2.3655,-3.4691,14.074,-10.529,-9.2745,-2.81,-3.0519,11.514,4.5012,13.387,10.159,-10.609,-6.5745,-13.557,4.5004,8.5023,-0.68472,3.5102,-5.7698,11.797,12.901,8.9601,-1.6121,4.21,-20.45,4.9507,9.1649,10.949,5.3287,-25.632,10.267,0,10.29,6.9292,-0.46137,-7.9396,-5.3933,-8.602,-17.995,1.3001,2.7991,15.248,7.4467,-8.8886,-5.2045,-15.775,10.33,7.9654,0.36244,12.224,-9.8784,1.3263,-4.4414,7.8681,7.0084,4.2748,-0.53538,-1.757,-9.0989,3.1259,-1.4531,11.566,25.728,14.805,12.715,13.969,5.7867,-12.885,-4.3625,5.2748,9.5422,8.8999,-3.1676,-11.383,-0.10743,6.3397,14.987,-7.3575,-15.184,-25.063,-4.9526,24.375,7.6916,19.73,-18.352,11.038,10.29,0,32.323,15.843,-9.1382,-6.784,-3.2506,-21.734,-8.3256,5.1467,4.6553,21.779,-14.084,-10.163,-16.701,5.1532,-10.685,-11.978,-5.3199,3.0643,11.727,0.37676,-3.2154,17.056,-8.2056,-7.2817,12.857,-42.983,-5.6882,-16.926,4.1021,2.989,1.2095,4.4447,8.1402,-2.6832,-0.78735,-12.441,11.438,11.342,10.947,-10.903,-12.507,12.853,22.765,9.3594,-6.6601,-20.766,-17.206,-5.8651,21.556,9.6122,14.188,-12.556,4.6914,6.9292,32.323,0,15.606,-5.6979,-5.44,-8.4254,-20.042,-8.0767,-0.64732,6.9171,14.269,-14.52,-9.8582,-17.229,5.6319,-13.009,-12.171,-11.347,7.4898,12.646,4.0119,-3.9048,10.084,-10.355,-6.6305,7.2963,-27.883,-0.29735,-18.238,8.2372,-1.3338,-3.2775,1.9165,8.686,1.1872,5.3352,-7.4164,11.608,4.8808,10.047,-9.688,-12.494,9.5729,13.605,10.384,-7.0104,-15.696,-11.081,-4.8184,17.945,10.382,21.939,-7.3556,6.7603,-0.46137,15.843,15.606,0,-8.4198,7.7246,-1.1397,-10.323,-2.3718,0.10859,-0.84455,23.523,-10.734,-23.173,-11.006,7.3128,-7.1222,-10.765,-6.9082,18.818,23.048,9.3249,-8.1564,13.562,-18.138,5.3825,15.618,-16.053,-2.1982,-36.346,-1.3328,-8.4699,-10.364,0.21241,8.4545,-11.708,5.553,-4.6972,-3.3906,-0.12758,5.94,-6.3717,-7.4676,3.0981,15.391,8.8943,15.797,2.1095,16.06,-0.17687,-11.125,-13.799,-22.768,16.243,-0.96115,-7.9396,-9.1382,-5.6979,-8.4198,0,-1.1839,-5.4006,15.63,-7.4583,3.0904,-8.9018,-9.2072,24.047,6.9852,2.6117,3.7178,-0.83166,-4.3518,-2.9459,1.7648,1.6083,11.648,-11.99,-10.224,3.9367,-5.482,-8.149,9.0105,3.5421,12.97,3.2537,-2.3485,-9.317,4.337,-0.76382,5.3132,14.287,0.40848,4.7045,-12.58,-22.175,16.271,1.9165,3.1932,-16.652,-0.44307,-4.3418,4.949,2.944,9.7697,2.2799,6.9923,1.0462,2.386,-3.4599,-5.3933,-6.784,-5.44,7.7246,-1.1839,0,-1.8423,1.7853,15.842,-5.8391,1.0047,1.9348,1.6256,-15.344,-2.4366,9.1234,11.433,6.8338,3.6737,14.367,8.3394,12.697,-5.555,-5.3744,-1.9077,30.27,-2.4759,4.7568,6.7016,-6.503,0.98234,-7.8518,-12.963,2.7317,3.6019,-3.4766,4.9584,4.7833,-26.801,-12.172,-6.1804,0.72086,-3.677,-17.265,-5.0077,5.3375,-4.3695,2.9572,3.4674,-1.7719,-3.971,-12.376,4.3888,3.771,2.1805,-8.602,-3.2506,-8.4254,-1.1397,-5.4006,-1.8423,0,7.7438,0.11414,10.428,-14.107,1.078,3.5352,6.6474,15.63,-16.399,-3.5447,3.2308,2.2801,-5.9222,-7.8447,-12.207,0.21128,4.8692,2.483,-3.0261,12.691,1.7943,-23.295,2.7904,-28.049,-2.7514,4.6152,-6.4298,-18.146,-13.197,-9.118,-5.8771,-2.6686,11.117,-0.74411,-4.6646,9.7348,6.0575,7.5426,-20.756,13.381,5.883,34.106,-3.0736,-26.07,-18.147,-16.454,31.182,-4.2228,-17.995,-21.734,-20.042,-10.323,15.63,1.7853,7.7438,0,-2.8308,1.9942,-18.697,-12.931,21.811,12.404,20.202,-7.3309,0.6062,0.7539,-0.098073,-0.77072,-6.2762,1.8401,-3.9496,-7.9865,2.4689,-0.38169,-2.8661,21.536,-1.5422,15.024,-11.4,-6.7302,-4.7293,-5.8288,-9.8702,-4.297,5.0671,6.0507,-4.7094,-9.6526,-14.846,15.535,16.97,-0.75506,-13.342,-12.914,-12.732,14.115,-0.4429,20.917,2.0019,7.2568,-0.69995,-3.164,-9.4691,1.3001,-8.3256,-8.0767,-2.3718,-7.4583,15.842,0.11414,-2.8308,0,-7.4807,11.216,-4.8699,-2.2131,-5.3926,-0.017069,1.8626,17.898,28.393,8.6542,0.13376,-5.0057,-1.3723,5.1036,-11.299,9.7883,17.998,-9.7365,5.5679,5.3735,-0.03621,4.4764,0.63727,0.30433,2.4581,-2.8747,6.2264,-5.2685,4.0811,-16.268,-1.7298,-0.915,-7.7341,-4.7152,-22.922,-5.8697,0.1819,1.6523,3.4696,-4.097,2.1881,2.8408,-13.806,1.8442,-3.7132,20.527,2.7991,5.1467,-0.64732,0.10859,3.0904,-5.8391,10.428,1.9942,-7.4807,0,-11.519,9.5143,9.4855,0.79373,-1.6533,1.5728,-1.406,-4.9452,7.5448,-7.6695,2.9604,-1.7892,-10.264,8.9041,6.1463,-9.3711,11.659,-6.8377,-21.705,4.2855,-6.8997,8.8438,3.8856,12.153,-2.5944,-6.9681,-6.112,-23.856,7.4655,12.685,-7.9869,0.12187,-4.0939,16.682,8.4803,-1.7558,-9.6549,2.4929,-11.566,9.0233,9.1627,18.627,2.5401,-14.187,-6.1132,15.248,4.6553,6.9171,-0.84455,-8.9018,1.0047,-14.107,-18.697,11.216,-11.519,0,-1.3223,-13.755,-5.32,-11.81,6.1206,7.4905,9.1229,2.5916,-2.0719,-1.9988,-2.2622,10.346,-4.8145,4.404,4.8275,-11.703,-4.5494,12.343,-4.133,20.812,7.3245,5.5463,3.9902,7.3166,16.483,-3.964,3.4713,0.35231,1.6028,9.8524,-9.3849,-11.562,-10.39,-1.1887,10.402,-4.9689,-8.7547,-19.353,-2.595,19.79,6.8243,22.959,-15.165,19.742,7.4467,21.779,14.269,23.523,-9.2072,1.9348,1.078,-12.931,-4.8699,9.5143,-1.3223,0,-8.2364,-18.728,-14.515,9.5066,-3.8793,-11.567,1.2913,6.0974,19.101,4.3179,-7.0473,23.439,-9.7061,0.99261,20.394,-22.232,-7.7477,-18.506,-1.6901,2.2659,-1.4792,7.5319,10.481,-12.292,-2.4827,-12.532,1.1489,7.8958,5.5485,-5.7129,-10.4,8.3998,23.949,10.883,11.197,10.085,16.862,4.8485,-12.987,-21.955,-19.941,15.222,1.5756,-8.8886,-14.084,-14.52,-10.734,24.047,1.6256,3.5352,21.811,-2.2131,9.4855,-13.755,-8.2364,0,7.693,7.1277,0.96794,4.1163,1.3603,4.2863,-2.6812,-1.9227,6.119,-11.508,-9.3092,9.8822,-2.6364,-4.7944,11.846,-3.2606,17.972,-3.2378,0.20766,-5.2724,6.2755,-6.0548,0.91695,5.2577,-3.0745,-0.14021,-6.465,-33.528,12.986,3.4189,2.1177,-13.467,-5.3723,7.1678,4.3159,12.59,-4.8096,-18.646,-15.262,-13.435,11.104,-7.0449,-5.2045,-10.163,-9.8582,-23.173,6.9852,-15.344,6.6474,12.404,-5.3926,0.79373,-5.32,-18.728,7.693,0,18.715,-18.506,-3.9619,3.3115,-1.6346,-15.059,-23.542,-13.298,7.3619,-6.874,7.9964,-13.362,-5.7132,11.391,-3.4082,20.881,-5.8131,1.8638,8.9601,-8.667,-14.599,4.9372,-3.1632,3.8284,8.1757,2.7848,-1.9437,4.6158,14.922,4.5113,-7.6931,-18.269,4.3071,4.1463,19.238,-5.505,-21.35,-12.73,-7.5855,18.065,-9.3838,-15.775,-16.701,-17.229,-11.006,2.6117,-2.4366,15.63,20.202,-0.017069,-1.6533,-11.81,-14.515,7.1277,18.715,0,-23.728,-2.3617,5.1905,-1.8067,-5.3497,-17.027,-10.095,5.7938,-5.3968,2.0275,-1.8967,-0.4173,17.227,-4.784,11.193,-17.885,-7.0697,2.6898,-16.758,-19.338,-4.8731,-2.2979,8.1632,-4.2608,-1.3014,-2.3227,4.5042,27.756,-1.1997,-6.0949,-29.075,2.9064,1.7033,-7.7044,7.3997,8.9798,9.1737,0.59688,-8.0835,9.7395,10.33,5.1532,5.6319,7.3128,3.7178,9.1234,-16.399,-7.3309,1.8626,1.5728,6.1206,9.5066,0.96794,-18.506,-23.728,0,9.3123,-4.0833,6.6638,7.0395,18.763,18.257,-8.3459,1.6382,-1.0711,8.2028,-2.9086,-5.4379,8.8917,-5.2988,14.517,6.1941,-6.1077,20.195,23.706,2.5987,4.3972,-3.2135,-2.6661,-6.6702,-4.9953,4.7534,-16.775,-3.9684,-1.3398,33.155,0.64604,26.316,0.25649,17.902,-3.2712,4.8092,-6.1936,-3.466,0.46215,7.9654,-10.685,-13.009,-7.1222,-0.83166,11.433,-3.5447,0.6062,17.898,-1.406,7.4905,-3.8793,4.1163,-3.9619,-2.3617,9.3123,0,14.883,24.706,-5.4145,-3.0069,0.91506,4.9378,-7.1419,11.746,16.083,-11.261,9.3285,7.8558,6.9206,5.6907,10.938,4.9077,10.522,5.2293,4.7267,-8.6541,4.2667,-13.508,-3.4991,-4.8179,4.0952,-3.5219,-18.423,-8.9378,6.4463,-10.551,18.922,2.9287,20.137,-2.7781,0.51265,-5.7468,-0.3428,-12.043,0.36244,-11.978,-12.171,-10.765,-4.3518,6.8338,3.2308,0.7539,28.393,-4.9452,9.1229,-11.567,1.3603,3.3115,5.1905,-4.0833,14.883,0,8.6484,-6.9696,-14.182,-7.2787,7.4688,-15.846,18.3,8.1947,-12.898,8.7596,2.1741,7.4711,2.911,3.0727,4.7938,0.97168,-9.5169,10.15,-7.6892,2.989,-8.8584,1.5562,-2.4474,-7.3836,-1.2948,-15.478,-8.59,-6.1137,2.2297,23.889,-3.7073,11.916,-2.4142,0.67889,-2.2436,-7.2893,9.318,12.224,-5.3199,-11.347,-6.9082,-2.9459,3.6737,2.2801,-0.098073,8.6542,7.5448,2.5916,1.2913,4.2863,-1.6346,-1.8067,6.6638,24.706,8.6484,0,-12.677,-3.5738,-4.406,5.1544,1.1898,11.827,7.5,-2.7244,4.5946,-0.72688,8.0669,0.14651,20.061,12.367,12.828,4.5031,-0.64018,-18.034,-1.9977,-6.9758,4.8189,-2.7554,3.8105,-2.2747,-6.506,-1.1615,4.4771,-2.1096,-12.824,1.6553,-3.3732,6.4513,6.8988,5.1643,4.3847,-3.3182,-9.8784,3.0643,7.4898,18.818,1.7648,14.367,-5.9222,-0.77072,0.13376,-7.6695,-2.0719,6.0974,-2.6812,-15.059,-5.3497,7.0395,-5.4145,-6.9696,-12.677,0,18.472,20.522,-11.57,0.096882,-15.733,8.9202,3.407,-3.368,6.015,-16.519,1.6512,-20.373,-29.105,-3.1265,5.5021,-5.0939,20.135,3.2939,-7.3789,-14.232,-2.035,0.21861,-3.4613,-3.4237,0.1076,6.2953,0.82784,-10.476,-7.4016,-2.0489,13.082,6.8387,8.6826,-4.7009,10.92,1.3263,11.727,12.646,23.048,1.6083,8.3394,-7.8447,-6.2762,-5.0057,2.9604,-1.9988,19.101,-1.9227,-23.542,-17.027,18.763,-3.0069,-14.182,-3.5738,18.472,0,21.69,-15.684,8.993,-12.602,4.6694,8.4624,-11.828,1.75,-16.24,4.1973,-4.2515,-14.287,8.2786,15.634,-6.97,10.468,-5.7198,-1.394,-5.654,-2.3342,1.7803,-11.299,3.3647,6.5952,17.287,4.978,-4.526,3.0423,1.8367,3.59,2.6379,-3.1414,4.5038,1.9855,-4.4414,0.37676,4.0119,9.3249,11.648,12.697,-12.207,1.8401,-1.3723,-1.7892,-2.2622,4.3179,6.119,-13.298,-10.095,18.257,0.91506,-7.2787,-4.406,20.522,21.69,0,-18.317,-3.0589,-6.369,6.9552,-2.1243,-0.92097,8.4614,-5.8276,7.769,-7.5893,-24.703,7.4702,10.808,-0.0601,20.899,0.12893,-4.0967,-18.052,-11.47,7.6788,-8.0026,-2.6346,-6.0379,13.042,-0.75614,4.4744,-2.352,-2.6973,-5.4497,8.4187,1.3286,-4.5381,-6.2888,7.8681,-3.2154,-3.9048,-8.1564,-11.99,-5.555,0.21128,-3.9496,5.1036,-10.264,10.346,-7.0473,-11.508,7.3619,5.7938,-8.3459,4.9378,7.4688,5.1544,-11.57,-15.684,-18.317,0,0.36037,1.1811,2.2402,-5.2339,5.5647,5.9728,3.0432,-0.44875,6.7875,19.267,-9.2495,-0.21814,3.0877,-14.772,12.732,-2.3791,4.5057,17.53,-1.717,8.6652,-8.1302,0.032474,-3.0716,0.88851,-9.8827,-13.877,-11.813,8.4246,4.1512,20.166,-10.921,19.754,7.0084,17.056,10.084,13.562,-10.224,-5.3744,4.8692,-7.9865,-11.299,8.9041,-4.8145,23.439,-9.3092,-6.874,-5.3968,1.6382,-7.1419,-15.846,1.1898,0.096882,8.993,-3.0589,0.36037,0,-12.872,-3.3426,25.877,-14.035,-9.1247,-11.582,-8.0768,3.7478,5.4285,0.28803,7.9055,-17.77,-7.0899,-6.6893,3.498,10.487,11.304,-1.4402,-0.056372,11.799,27.164,4.7333,-3.6118,22.402,2.1096,20.52,-3.3923,-8.561,-11.655,-1.0903,-2.3655,4.2748,-8.2056,-10.355,-18.138,3.9367,-1.9077,2.483,2.4689,9.7883,6.1463,4.404,-9.7061,9.8822,7.9964,2.0275,-1.0711,11.746,18.3,11.827,-15.733,-12.602,-6.369,1.1811,-12.872,0,-2.527,-11.7,5.3068,-3.1545,17.501,4.9736,11.956,7.6991,10.28,-8.4432,13.57,-7.7564,-6.2127,2.2782,5.9338,-9.5795,-3.0501,-4.8939,-2.8143,-8.466,-4.543,-2.9107,6.9164,0.86453,7.8727,0.5456,12.484,2.1536,-0.54452,-3.4691,-0.53538,-7.2817,-6.6305,5.3825,-5.482,30.27,-3.0261,-0.38169,17.998,-9.3711,4.8275,0.99261,-2.6364,-13.362,-1.8967,8.2028,16.083,8.1947,7.5,8.9202,4.6694,6.9552,2.2402,-3.3426,-2.527,0,-3.8762,6.5541,10.46,-5.8246,1.2792,-3.4443,-5.2776,0.83723,6.5787,-3.3536,-0.55899,9.9679,-34.923,-10.42,-0.20233,1.7628,-0.96226,-25.419,-4.3454,6.7318,-2.6358,-10.903,-7.7823,-10.309,7.7236,-1.8079,19.315,-4.6946,14.074,-1.757,12.857,7.2963,15.618,-8.149,-2.4759,12.691,-2.8661,-9.7365,11.659,-11.703,20.394,-4.7944,-5.7132,-0.4173,-2.9086,-11.261,-12.898,-2.7244,3.407,8.4624,-2.1243,-5.2339,25.877,-11.7,-3.8762,0,-12.576,-17.589,-11.747,-15.354,-3.1722,-0.15202,-2.3384,-0.29206,-24.579,-3.3371,-10.096,1.7914,10.182,5.5118,-4.2712,1.4394,14.295,25.996,-2.1213,10.714,12.481,25.154,1.3978,-30.722,-6.1591,-19.343,18.734,-10.529,-9.0989,-42.983,-27.883,-16.053,9.0105,4.7568,1.7943,21.536,5.5679,-6.8377,-4.5494,-22.232,11.846,11.391,17.227,-5.4379,9.3285,8.7596,4.5946,-3.368,-11.828,-0.92097,5.5647,-14.035,5.3068,6.5541,-12.576,0,7.735,16.56,-4.2596,-2.6151,0.091694,-6.4477,-5.8075,1.9239,0.66562,16.597,-10.398,-12.523,-7.9305,14.137,16.012,-12.367,-22.054,-8.2966,5.6839,0.99759,3.2965,1.1,-3.5724,13.582,-7.1194,2.0566,-9.2745,3.1259,-5.6882,-0.29735,-2.1982,3.5421,6.7016,-23.295,-1.5422,5.3735,-21.705,12.343,-7.7477,-3.2606,-3.4082,-4.784,8.8917,7.8558,2.1741,-0.72688,6.015,1.75,8.4614,5.9728,-9.1247,-3.1545,10.46,-17.589,7.735,0,-0.31962,14.86,-1.1199,-3.8818,-1.0476,12.117,9.9589,6.9515,19.197,-6.1512,-18.551,1.8484,7.7772,-0.5792,-17.084,-13.703,11.317,10.461,16.39,13.538,4.5051,-20.003,-15.789,-25.261,9.8229,-2.81,-1.4531,-16.926,-18.238,-36.346,12.97,-6.503,2.7904,15.024,-0.03621,4.2855,-4.133,-18.506,17.972,20.881,11.193,-5.2988,6.9206,7.4711,8.0669,-16.519,-16.24,-5.8276,3.0432,-11.582,17.501,-5.8246,-11.747,16.56,-0.31962,0,-0.97142,8.0376,7.4424,2.2351,-8.0749,7.7204,-3.923,2.03,3.1487,-0.85449,-11.201,10.052,7.5727,-0.60449,-15.344,-8.6594,-2.1829,1.137,-6.5426,9.3236,7.6749,10.03,-4.333,-7.7655,-3.0519,11.566,4.1021,8.2372,-1.3328,3.2537,0.98234,-28.049,-11.4,4.4764,-6.8997,20.812,-1.6901,-3.2378,-5.8131,-17.885,14.517,5.6907,2.911,0.14651,1.6512,4.1973,7.769,-0.44875,-8.0768,4.9736,1.2792,-15.354,-4.2596,14.86,-0.97142,0,6.2896,-1.9323,11.015,11.11,22.413,5.1932,0.21743,4.7456,-4.5719,-0.54305,-1.9574,-17.235,-5.6332,-6.7025,16.577,2.5223,12.001,-10.097,7.0666,1.4779,1.0421,-1.4484,-13.813,11.514,25.728,2.989,-1.3338,-8.4699,-2.3485,-7.8518,-2.7514,-6.7302,0.63727,8.8438,7.3245,2.2659,0.20766,1.8638,-7.0697,6.1941,10.938,3.0727,20.061,-20.373,-4.2515,-7.5893,6.7875,3.7478,11.956,-3.4443,-3.1722,-2.6151,-1.1199,8.0376,6.2896,0,20.177,14.766,6.6848,5.5642,-17.256,-6.0979,5.9277,11.025,1.8979,0.97782,-6.2695,1.6271,2.1035,7.0429,0.14039,8.1571,-7.1269,0.092579,-2.6594,0.68988,1.7253,-9.8649,4.5012,14.805,1.2095,-3.2775,-10.364,-9.317,-12.963,4.6152,-4.7293,0.30433,3.8856,5.5463,-1.4792,-5.2724,8.9601,2.6898,-6.1077,4.9077,4.7938,12.367,-29.105,-14.287,-24.703,19.267,5.4285,7.6991,-5.2776,-0.15202,0.091694,-3.8818,7.4424,-1.9323,20.177,0,0.49187,-0.93369,1.7503,-29.179,-0.56001,4.8899,16.247,10.635,-2.3391,3.5845,1.6422,5.1068,-2.8113,-0.16967,8.7202,-8.5748,14.941,8.349,-0.18331,-1.8519,-10.206,13.387,12.715,4.4447,1.9165,0.21241,4.337,2.7317,-6.4298,-5.8288,2.4581,12.153,3.9902,7.5319,6.2755,-8.667,-16.758,20.195,10.522,0.97168,12.828,-3.1265,8.2786,7.4702,-9.2495,0.28803,10.28,0.83723,-2.3384,-6.4477,-1.0476,2.2351,11.015,14.766,0.49187,0,9.1758,5.2567,-2.3029,-13.835,2.8186,2.9917,-9.4615,0.52733,-20.224,1.5684,-0.030839,14.101,6.467,-3.2934,-10.055,-1.7844,6.8781,15.796,4.4111,-9.8697,10.159,13.969,8.1402,8.686,8.4545,-0.76382,3.6019,-18.146,-9.8702,-2.8747,-2.5944,7.3166,10.481,-6.0548,-14.599,-19.338,23.706,5.2293,-9.5169,4.5031,5.5021,15.634,10.808,-0.21814,7.9055,-8.4432,6.5787,-0.29206,-5.8075,12.117,-8.0749,11.11,6.6848,-0.93369,9.1758,0,-0.61684,1.5066,2.6017,-1.2985,-5.6285,4.3456,6.8051,-8.2553,-3.0409,2.3098,35.771,-3.0657,5.6361,0.30295,10.899,0.34484,1.6664,-11.511,-1.6537,-10.609,5.7867,-2.6832,1.1872,-11.708,5.3132,-3.4766,-13.197,-4.297,6.2264,-6.9681,16.483,-12.292,0.91695,4.9372,-4.8731,2.5987,4.7267,10.15,-0.64018,-5.0939,-6.97,-0.0601,3.0877,-17.77,13.57,-3.3536,-24.579,1.9239,9.9589,7.7204,22.413,5.5642,1.7503,5.2567,-0.61684,0,2.8169,1.3225,6.8995,-2.0119,-2.6815,-3.3628,-8.4481,-5.2924,-12.356,2.9963,3.9401,-11.144,8.8147,-3.9384,-0.12128,-1.7352,-5.6942,11.919,-6.5745,-12.885,-0.78735,5.3352,5.553,14.287,4.9584,-9.118,5.0671,-5.2685,-6.112,-3.964,-2.4827,5.2577,-3.1632,-2.2979,4.3972,-8.6541,-7.6892,-18.034,20.135,10.468,20.899,-14.772,-7.0899,-7.7564,-0.55899,-3.3371,0.66562,6.9515,-3.923,5.1932,-17.256,-29.179,-2.3029,1.5066,2.8169,0,2.7101,1.4174,-17.814,-8.9439,4.9004,-1.868,0.92864,-7.9887,2.6899,7.4137,0.82311,10.455,-5.7981,-13.091,7.5207,-6.144,9.1756,-13.557,-4.3625,-12.441,-7.4164,-4.6972,0.40848,4.7833,-5.8771,6.0507,4.0811,-23.856,3.4713,-12.532,-3.0745,3.8284,8.1632,-3.2135,4.2667,2.989,-1.9977,3.2939,-5.7198,0.12893,12.732,-6.6893,-6.2127,9.9679,-10.096,16.597,19.197,2.03,0.21743,-6.0979,-0.56001,-13.835,2.6017,1.3225,2.7101,0,-10.655,-15.362,5.0591,9.3734,13.756,-16.297,-11.552,-0.89105,1.8167,-7.8338,-5.1422,-5.6901,3.6167,-6.6527,-0.99209,-3.7713,4.5004,5.2748,11.438,11.608,-3.3906,4.7045,-26.801,-2.6686,-4.7094,-16.268,7.4655,0.35231,1.1489,-0.14021,8.1757,-4.2608,-2.6661,-13.508,-8.8584,-6.9758,-7.3789,-1.394,-4.0967,-2.3791,3.498,2.2782,-34.923,1.7914,-10.398,-6.1512,3.1487,4.7456,5.9277,4.8899,2.8186,-1.2985,6.8995,1.4174,-10.655,0,9.6187,1.606,-2.854,-4.2823,21.4,4.6444,-0.568,-10.078,0.78933,-14.347,1.35,8.459,-2.5904,10.863,-14.574,8.5023,9.5422,11.342,4.8808,-0.12758,-12.58,-12.172,11.117,-9.6526,-1.7298,12.685,1.6028,7.8958,-6.465,2.7848,-1.3014,-6.6702,-3.4991,1.5562,4.8189,-14.232,-5.654,-18.052,4.5057,10.487,5.9338,-10.42,10.182,-12.523,-18.551,-0.85449,-4.5719,11.025,16.247,2.9917,-5.6285,-2.0119,-17.814,-15.362,9.6187,0,8.2465,-14.385,-3.9091,11.525,17.681,-4.7012,-6.1376,-8.6434,-12.993,-9.01,6.5832,15.55,16.11,-12.124,-0.68472,8.8999,10.947,10.047,5.94,-22.175,-6.1804,-0.74411,-14.846,-0.915,-7.9869,9.8524,5.5485,-33.528,-1.9437,-2.3227,-4.9953,-4.8179,-2.4474,-2.7554,-2.035,-2.3342,-11.47,17.53,11.304,-9.5795,-0.20233,5.5118,-7.9305,1.8484,-11.201,-0.54305,1.8979,10.635,-9.4615,4.3456,-2.6815,-8.9439,5.0591,1.606,8.2465,0,-8.6073,2.1564,-0.29466,13.141,1.8887,39.828,3.4493,13.252,-6.4369,-17.484,-5.0677,-13.563,12.472,3.5102,-3.1676,-10.903,-9.688,-6.3717,16.271,0.72086,-4.6646,15.535,-7.7341,0.12187,-9.3849,-5.7129,12.986,4.6158,4.5042,4.7534,4.0952,-7.3836,3.8105,0.21861,1.7803,7.6788,-1.717,-1.4402,-3.0501,1.7628,-4.2712,14.137,7.7772,10.052,-1.9574,0.97782,-2.3391,0.52733,6.8051,-3.3628,4.9004,9.3734,-2.854,-14.385,-8.6073,0,10.015,-1.7257,-11.647,2.8637,10.519,0.088142,15.811,-13.494,-22.976,-6.9033,-5.1615,15.783,-5.7698,-11.383,-12.507,-12.494,-7.4676,1.9165,-3.677,9.7348,16.97,-4.7152,-4.0939,-11.562,-10.4,3.4189,14.922,27.756,-16.775,-3.5219,-1.2948,-2.2747,-3.4613,-11.299,-8.0026,8.6652,-0.056372,-4.8939,-0.96226,1.4394,16.012,-0.5792,7.5727,-17.235,-6.2695,3.5845,-20.224,-8.2553,-8.4481,-1.868,13.756,-4.2823,-3.9091,2.1564,10.015,0,-0.97826,-4.1998,-15.466,2.3861,-10.618,-4.3253,-9.8616,4.055,-11.174,4.45,-1.708,11.797,-0.10743,12.853,9.5729,3.0981,3.1932,-17.265,6.0575,-0.75506,-22.922,16.682,-10.39,8.3998,2.1177,4.5113,-1.1997,-3.9684,-18.423,-15.478,-6.506,-3.4237,3.3647,-2.6346,-8.1302,11.799,-2.8143,-25.419,14.295,-12.367,-17.084,-0.60449,-5.6332,1.6271,1.6422,1.5684,-3.0409,-5.2924,0.92864,-16.297,21.4,11.525,-0.29466,-1.7257,-0.97826,0,11.937,-3.5156,-8.6574,-10.328,-19.493,-6.3608,15.733,4.5254,31.599,-15.277,12.901,6.3397,22.765,13.605,15.391,-16.652,-5.0077,7.5426,-13.342,-5.8697,8.4803,-1.1887,23.949,-13.467,-7.6931,-6.0949,-1.3398,-8.9378,-8.59,-1.1615,0.1076,6.5952,-6.0379,0.032474,27.164,-8.466,-4.3454,25.996,-22.054,-13.703,-15.344,-6.7025,2.1035,5.1068,-0.030839,2.3098,-12.356,-7.9887,-11.552,4.6444,17.681,13.141,-11.647,-4.1998,11.937,0,1.6929,2.1313,-1.9952,-12.24,3.2766,11.199,15.674,4.1169,-12.285,8.9601,14.987,9.3594,10.384,8.8943,-0.44307,5.3375,-20.756,-12.914,0.1819,-1.7558,10.402,10.883,-5.3723,-18.269,-29.075,33.155,6.4463,-6.1137,4.4771,6.2953,17.287,13.042,-3.0716,4.7333,-4.543,6.7318,-2.1213,-8.2966,11.317,-8.6594,16.577,7.0429,-2.8113,14.101,35.771,2.9963,2.6899,-0.89105,-0.568,-4.7012,1.8887,2.8637,-15.466,-3.5156,1.6929,0
