0,5.6973,-12.29,0.6145,1.0907,-3.5324,2.4095,1.3269,-1.6094,6.4789,-3.6895,-1.1389,0.85317,2.7399,-0.2606,-5.1577,-7.3463,-5.7633,-2.2891,0.871,-0.42909,5.6973,0,-4.0429,7.4877,-0.43466,-6.4025,1.5021,0.97874,-7.5209,5.1863,-1.5573,1.8766,-2.1201,1.0189,3.9224,-3.8708,-3.8005,-2.8795,-0.0093866,2.7415,-0.45566,-12.29,-4.0429,0,-0.010537,-1.3823,4.1942,-1.1553,1.9149,1.2742,-6.8084,0.051309,1.1062,-1.0318,-2.2198,-1.0616,3.7585,8.5509,2.8521,0.5861,-2.666,-1.2048,0.6145,7.4877,-0.010537,0,-4.466,-6.8046,1.708,1.6983,-7.6212,-0.94994,0.14866,0.32368,1.2596,3.5873,5.342,-0.31153,-0.30175,0.88838,2.8797,2.349,2.6757,1.0907,-0.43466,-1.3823,-4.466,0,7.0991,2.8822,2.2092,3.4024,2.002,-1.0997,2.2434,-6.3187,-11.333,-6.4935,-4.3331,-4.6433,-1.6146,-5.3436,-0.95698,-3.4352,-3.5324,-6.4025,4.1942,-6.8046,7.0991,0,0.87039,5.8471,9.4059,-1.5129,-2.7104,1.066,-1.1245,-9.2937,-10.419,-0.46746,0.66686,-0.32982,-2.5797,-5.5956,-4.234,2.4095,1.5021,-1.1553,1.708,2.8822,0.87039,0,3.8473,-3.1577,-1.9645,-4.2111,-3.648,0.32229,0.10926,-3.2567,1.6652,-4.7881,-4.2129,0.66196,0.37706,0.46013,1.3269,0.97874,1.9149,1.6983,2.2092,5.8471,3.8473,0,2.6941,-0.68919,-6.8934,1.0917,0.48586,-3.6703,-5.3603,-2.1378,-2.3281,-5.1397,-1.0648,-6.421,-4.7936,-1.6094,-7.5209,1.2742,-7.6212,3.4024,9.4059,-3.1577,2.6941,0,-0.57462,-0.79392,-0.95784,1.634,-4.3451,-7.6651,0.26615,1.3479,0.38334,-3.746,-4.8199,-1.9501,6.4789,5.1863,-6.8084,-0.94994,2.002,-1.5129,-1.9645,-0.68919,-0.57462,0,2.647,5.3513,-4.0602,-1.5829,0.046566,-5.5207,-2.1734,-1.1865,-1.4639,1.8005,-3.265,-3.6895,-1.5573,0.051309,0.14866,-1.0997,-2.7104,-4.2111,-6.8934,-0.79392,2.647,0,4.5842,-3.0475,0.44386,4.6935,0.41564,4.1332,7.4539,2.8045,3.8119,0.57756,-1.1389,1.8766,1.1062,0.32368,2.2434,1.066,-3.648,1.0917,-0.95784,5.3513,4.5842,0,-6.0801,-4.5775,1.1457,-4.9473,1.4747,1.152,1.1991,2.4425,-6.7634,0.85317,-2.1201,-1.0318,1.2596,-6.3187,-1.1245,0.32229,0.48586,1.634,-4.0602,-3.0475,-6.0801,0,6.9394,0.65549,3.5451,-0.83662,0.83852,3.2781,-1.4536,5.6269,2.7399,1.0189,-2.2198,3.5873,-11.333,-9.2937,0.10926,-3.6703,-4.3451,-1.5829,0.44386,-4.5775,6.9394,0,6.3298,4.0389,0.75719,0.80079,4.2714,2.807,5.3236,-0.2606,3.9224,-1.0616,5.342,-6.4935,-10.419,-3.2567,-5.3603,-7.6651,0.046566,4.6935,1.1457,0.65549,6.3298,0,0.31246,0.8594,3.1536,3.9231,3.6778,1.5865,-5.1577,-3.8708,3.7585,-0.31153,-4.3331,-0.46746,1.6652,-2.1378,0.26615,-5.5207,0.41564,-4.9473,3.5451,4.0389,0.31246,0,3.813,2.6374,2.7657,0.2267,5.3464,-7.3463,-3.8005,8.5509,-0.30175,-4.6433,0.66686,-4.7881,-2.3281,1.3479,-2.1734,4.1332,1.4747,-0.83662,0.75719,0.8594,3.813,0,5.8016,0.57679,0.19335,0.63272,-5.7633,-2.8795,2.8521,0.88838,-1.6146,-0.32982,-4.2129,-5.1397,0.38334,-1.1865,7.4539,1.152,0.83852,0.80079,3.1536,2.6374,5.8016,0,2.1196,1.3959,4.0061,-2.2891,-0.0093866,0.5861,2.8797,-5.3436,-2.5797,0.66196,-1.0648,-3.746,-1.4639,2.8045,1.1991,3.2781,4.2714,3.9231,2.7657,0.57679,2.1196,0,1.5939,2.1906,0.871,2.7415,-2.666,2.349,-0.95698,-5.5956,0.37706,-6.421,-4.8199,1.8005,3.8119,2.4425,-1.4536,2.807,3.6778,0.2267,0.19335,1.3959,1.5939,0,1.1158,-0.42909,-0.45566,-1.2048,2.6757,-3.4352,-4.234,0.46013,-4.7936,-1.9501,-3.265,0.57756,-6.7634,5.6269,5.3236,1.5865,5.3464,0.63272,4.0061,2.1906,1.1158,0
