0,-3.5627,-4.215,6.2334,-15.959,8.0389,-15.172,2.6079,-5.1595,3.6179,-6.0517,-0.2959,2.5434,-17.961,1.0856,-11.567,3.2313,1.8362,-9.2719,0.14447,-5.8072,8.3019,2.4572,8.3413,21.321,8.505,-9.3117,10.191,-19.157,-23.245,8.9867,-5.2348,-9.4269,-5.3954,-12.31,-11.15,10.068,-0.66701,-8.7632,2.6024,-7.1747,11.07,1.138,16.525,-13.924,1.9186,-10.174,14.222,-4.075,-7.0062,10.417,-25.257,-11.954,2.4955,-11.819,-3.5627,0,2.7712,-10.289,1.1521,-24.028,-4.4761,2.3165,-6.7341,0.30537,-11.6,-7.7632,-0.92691,7.4599,5.881,12.915,-4.8858,-10.491,-3.3499,-8.0528,-8.6905,-20.39,7.2249,5.5588,-4.1367,-17.805,-1.6717,15.036,-3.8389,11.839,-6.6106,-5.9637,-12.569,8.4459,14.262,3.0891,5.2249,-10.28,5.0663,1.9012,-5.6114,8.4438,-13.024,-6.7349,6.3854,-6.7404,5.3356,6.7661,1.6204,-5.1621,11.939,0.86523,0.71043,3.1331,-2.5326,-4.215,2.7712,0,6.1234,-6.8358,-0.46989,5.5005,-12.439,10.321,1.8548,-13.495,-3.9243,-6.0341,1.9975,0.58693,11.447,-9.3625,8.4919,3.4146,12.339,3.213,1.1675,-4.565,-8.9929,-6.1882,2.6319,5.9579,7.5079,-4.2553,9.2632,-1.9209,16.999,0.10991,31.302,8.9459,-4.0356,1.3752,-4.0406,-11.63,-27.471,-21.478,1.1234,-4.7867,5.1642,-2.2342,-5.6168,6.2721,-7.5487,-18.496,5.0972,-1.7074,5.7566,-2.9904,23.918,9.1776,6.2334,-10.289,6.1234,0,-14.436,4.6676,0.033095,-10.773,23.79,0.44539,-8.4301,-12.211,-8.8311,-12.274,-2.492,3.3423,-10.94,8.0647,7.285,15.81,-4.1658,16.727,-17.558,3.9593,6.4522,11.736,7.8766,-1.7039,-5.1529,-4.1088,-7.1037,14.262,11.603,6.3585,-7.8098,1.1417,-6.18,-7.5539,-3.1227,-7.1326,-5.6464,-1.8483,12.278,15.949,-2.7498,-6.1611,-15.78,2.4017,-11.013,10.03,3.1435,-8.323,1.6814,15.041,3.521,-15.959,1.1521,-6.8358,-14.436,0,-1.5759,1.7356,11.322,-6.4721,3.3691,16.197,6.2815,-3.2732,16.722,-10.332,0.88802,11.895,1.6638,-4.4812,-7.8005,1.0369,-5.7945,10.784,-4.015,-5.0591,-9.5042,-2.9485,-8.6534,14.523,10.097,-2.4095,-6.986,4.5369,-6.0508,1.0302,1.2056,0.90562,11.789,5.8519,4.1235,17.575,-6.5288,-5.5839,-13.342,2.5035,10.696,6.2159,-7.4518,14.122,-1.3961,-6.5554,21.327,1.3581,-16.819,7.5528,8.0389,-24.028,-0.46989,4.6676,-1.5759,0,-0.27411,-0.84895,-0.75054,1.2027,9.4417,13.893,2.1549,-4.4656,-8.0613,-19.398,12.782,14.213,-5.0902,8.4552,9.2013,14.147,1.0324,-5.0241,8.2755,12.822,-7.8226,-5.4361,-3.6325,-15.481,16.505,3.8829,1.7991,-7.2733,-16.769,-12.219,4.5554,18.908,-12.574,-3.2398,0.37497,0.51257,1.9379,11.379,-15.288,15.053,-0.12432,-3.3573,-5.6246,-3.9202,-10.321,-1.2787,-8.7643,-3.2154,-1.4895,-15.172,-4.4761,5.5005,0.033095,1.7356,-0.27411,0,-14.648,8.4183,-15.642,6.2471,5.9569,9.0721,6.6019,9.3505,1.7306,-7.3765,-5.4798,23.802,6.2536,21.642,-4.0214,-14.257,-10.88,-25.953,0.83678,12.218,-15.119,13.048,5.2561,0.47236,12.978,7.8139,2.5897,9.6949,14.594,-20.749,-0.41947,6.637,-1.6871,2.1167,-10.456,6.6423,-9.8004,16.187,-5.5999,12.09,-14.429,-3.5028,6.973,-22.252,7.8638,18.374,0.74982,2.2964,2.6079,2.3165,-12.439,-10.773,11.322,-0.84895,-14.648,0,-14.381,17.08,6.3645,2.6279,-3.1078,-2.083,-7.37,-3.5853,11.597,1.5216,-15.825,-22.328,-9.142,1.8838,19.266,-0.48145,7.5841,-0.21596,-5.6442,2.4998,3.9566,-0.6321,0.59301,-29.04,-2.1138,-10.658,-2.8051,-9.0437,10.563,5.4147,-2.1172,4.4449,8.9569,-3.0091,-2.3825,-5.7203,-7.781,6.1468,-4.9144,0.42497,22.092,-1.3291,7.4195,2.7801,-11.415,-13.518,3.6454,-5.1595,-6.7341,10.321,23.79,-6.4721,-0.75054,8.4183,-14.381,0,-2.069,-6.2877,-12.661,-9.6216,-3.5104,-1.2375,11.06,-16.448,5.7421,15.424,15.56,-0.52737,9.259,-23.157,-1.119,-3.7365,6.5236,16.56,-6.3308,3.0798,5.6782,-13.401,21.165,19.097,11.472,0.43395,7.741,-13.583,-9.0026,1.3684,-9.737,-3.2011,-7.9352,11.73,5.3153,4.9714,-9.5873,-7.6219,-4.8527,-9.0499,16.852,-1.9767,1.105,8.6603,15.033,10.092,3.6179,0.30537,1.8548,0.44539,3.3691,1.2027,-15.642,17.08,-2.069,0,-3.5946,-4.2204,-14.422,-6.3678,-12.015,3.7468,3.7336,13.381,-14.315,-7.2796,-12.545,10.67,11.329,-4.3457,9.5274,6.4483,-0.46168,7.9319,-0.56513,3.048,-3.5218,-8.5444,2.0365,2.5156,-2.0367,-17.09,12.984,1.4479,-13.428,-10.286,-2.3255,-3.5255,-1.76,2.9178,-15.791,2.0677,-8.8404,-2.9773,6.1873,5.5853,10.475,3.9307,-20.145,1.7561,14.152,-6.0517,-11.6,-13.495,-8.4301,16.197,9.4417,6.2471,6.3645,-6.2877,-3.5946,0,17.502,7.1077,5.9566,-4.4583,-13.599,14.755,-0.11353,0.18537,-4.395,10.945,0.73212,3.3635,-5.2101,-3.0755,0.5627,-3.3876,-20.516,13.639,-4.2001,7.5744,-5.0844,5.7133,-19.825,-6.1049,2.0867,-4.2588,18.09,5.1473,9.3671,22.522,-8.4659,3.442,-8.6108,1.5747,12.761,4.8201,-7.5394,11.451,-2.184,-16.538,7.8525,3.701,-25.961,-0.52668,-0.2959,-7.7632,-3.9243,-12.211,6.2815,13.893,5.9569,2.6279,-12.661,-4.2204,17.502,0,15.446,4.1786,1.3173,-19.694,15.615,0.29448,-3.3166,-2.7179,20.302,-1.5617,6.9055,-10.768,-3.6644,2.8562,-7.9595,-6.4435,3.7725,-8.1929,26.407,-3.5464,-5.4748,-11.38,-1.9654,-5.4618,2.7179,20.535,-4.6792,2.9388,4.1274,-1.0532,-3.1759,-4.6593,-3.6647,12.419,14.852,-7.8713,2.2068,-8.219,-17.738,4.5504,-3.2069,-13.144,-5.0823,2.5434,-0.92691,-6.0341,-8.8311,-3.2732,2.1549,9.0721,-3.1078,-9.6216,-14.422,7.1077,15.446,0,-1.2171,19.436,-13.258,1.4275,-15.811,5.9115,-5.1771,16.723,-7.302,-1.937,-3.7926,-7.7783,1.2032,-1.2532,-4.2033,2.0945,-9.9893,15.635,-3.7314,-8.7513,-10.208,4.4449,5.3288,-5.3511,1.8093,4.0892,9.8791,1.2582,0.31647,2.6651,-7.773,7.1159,-1.7866,11.107,-1.1562,1.8533,-5.8297,-9.4462,-5.9179,6.1754,-7.7726,-15.216,-17.961,7.4599,1.9975,-12.274,16.722,-4.4656,6.6019,-2.083,-3.5104,-6.3678,5.9566,4.1786,-1.2171,0,-4.9382,4.8491,6.3176,-1.0951,-0.81743,2.0604,4.2367,-17.107,6.0428,-0.12725,-9.3045,-21.797,-5.457,-2.8879,4.6108,13.483,-1.5625,2.9137,-2.0367,3.1168,4.836,4.7898,0.59179,7.6858,7.1118,2.3266,5.3847,3.3506,-14.926,-7.8723,6.6888,8.4591,16.042,-2.644,-0.27114,-8.0454,-7.7752,17.103,5.7346,-5.6938,1.1465,1.0856,5.881,0.58693,-2.492,-10.332,-8.0613,9.3505,-7.37,-1.2375,-12.015,-4.4583,1.3173,19.436,-4.9382,0,-0.091264,-12.611,-22.055,12.956,-4.4937,7.7918,-7.8603,-8.7196,-2.4087,-11.523,1.2135,8.271,0.88013,1.3708,-2.4632,3.0265,-0.17163,-6.1469,0.30381,13.833,10.726,-9.8433,-12.546,5.7661,4.1831,-5.4056,-1.2873,5.844,-8.0724,13.536,-17.117,5.8628,-0.3423,-0.69882,2.1334,-1.3742,-8.3782,9.9643,2.9222,-9.1311,-11.567,12.915,11.447,3.3423,0.88802,-19.398,1.7306,-3.5853,11.06,3.7468,-13.599,-19.694,-13.258,4.8491,-0.091264,0,-15.798,-0.37437,5.5508,1.3358,-9.2561,-4.6147,-4.1697,0.20075,-7.4463,-6.7915,11.908,5.0221,3.1136,26.496,-24.553,5.8164,5.3497,20.872,13.515,6.5517,-3.7815,-15.166,3.7033,-8.8939,-5.222,-3.1194,-1.7874,-3.9445,7.9337,-12.81,-1.5453,-2.4025,-1.8436,10.301,7.547,7.2566,4.8906,12.778,12.636,3.2313,-4.8858,-9.3625,-10.94,11.895,12.782,-7.3765,11.597,-16.448,3.7336,14.755,15.615,1.4275,6.3176,-12.611,-15.798,0,6.7229,-18.219,-3.4761,2.0961,-0.15597,19.04,0.65321,8.8432,-3.1029,-22.592,-1.3073,-2.0062,-7.1422,13.376,-9.2342,-5.9986,-13.231,-12.554,-12.076,13.606,30.008,-4.4501,5.9069,8.3494,5.6659,-10.055,1.8325,-12.197,35.393,4.217,1.873,5.0569,-15.493,-4.3667,4.0558,-10.668,-17.223,-4.14,1.8362,-10.491,8.4919,8.0647,1.6638,14.213,-5.4798,1.5216,5.7421,13.381,-0.11353,0.29448,-15.811,-1.0951,-22.055,-0.37437,6.7229,0,-8.8997,9.9115,-2.2862,15.796,3.6568,-4.9707,9.1851,8.0373,-3.5113,1.2355,-3.6843,0.1328,1.0311,6.4574,6.3545,5.3256,-10.278,-16.894,9.1727,10.341,-17.747,-15.821,-3.8384,-0.51648,-2.7322,13.258,-19.852,10.597,-4.2984,-4.9815,-6.7486,2.2482,-1.2862,6.4748,-14.339,5.2732,12.36,-9.2719,-3.3499,3.4146,7.285,-4.4812,-5.0902,23.802,-15.825,15.424,-14.315,0.18537,-3.3166,5.9115,-0.81743,12.956,5.5508,-18.219,-8.8997,0,5.6742,9.4053,-0.88753,-29.149,-4.0088,-16.955,3.0356,21.185,-12.744,10.487,3.9126,-6.5535,12.372,11.371,3.3987,8.6744,22.976,-38.271,-10.392,10.764,0.13523,1.4057,-11.355,15.128,-6.822,21.253,-15.263,1.5565,-7.3869,-2.6817,13.051,-9.0562,0.2116,25.615,4.9889,1.5358,0.14447,-8.0528,12.339,15.81,-7.8005,8.4552,6.2536,-22.328,15.56,-7.2796,-4.395,-2.7179,-5.1771,2.0604,-4.4937,1.3358,-3.4761,9.9115,5.6742,0,4.5291,5.069,-11.514,2.003,1.2192,2.2337,-0.084847,-2.0087,-7.4098,-1.1395,-0.17188,31.519,4.8591,9.7216,-6.5291,0.51096,-3.1177,1.7138,-3.7195,-7.9197,-7.3822,4.9331,-0.16885,15.486,-2.0792,2.6285,0.1966,0.7,-26.324,-0.448,-6.0379,-0.71494,2.8775,12.534,0.15995,-5.8072,-8.6905,3.213,-4.1658,1.0369,9.2013,21.642,-9.142,-0.52737,-12.545,10.945,20.302,16.723,4.2367,7.7918,-9.2561,2.0961,-2.2862,9.4053,4.5291,0,-1.8547,-5.348,-14.315,-13.732,4.4989,2.3287,-11.208,7.0158,-3.4507,14.03,7.3535,0.49575,-3.0993,3.9486,3.3334,-8.0175,8.6171,-1.0866,-1.0879,0.49976,-5.3859,2.613,-5.7309,4.8054,2.275,17.276,-13.262,-4.1259,-0.53036,-31.705,5.113,6.269,-3.6031,-2.5864,8.3019,-20.39,1.1675,16.727,-5.7945,14.147,-4.0214,1.8838,9.259,10.67,0.73212,-1.5617,-7.302,-17.107,-7.8603,-4.6147,-0.15597,15.796,-0.88753,5.069,-1.8547,0,-5.1447,-4.3941,10.023,26.533,4.5075,-3.9397,-0.27022,-8.388,0.41013,3.2405,12.149,-1.7896,-11.69,-8.8669,-0.036241,2.317,-11.59,-8.7284,-0.92445,-7.9399,13.164,11.252,-12.664,0.94668,-15.125,-4.3707,-1.4824,10.801,0.18549,-3.5852,-7.9592,4.2809,8.3417,2.4572,7.2249,-4.565,-17.558,10.784,1.0324,-14.257,19.266,-23.157,11.329,3.3635,6.9055,-1.937,6.0428,-8.7196,-4.1697,19.04,3.6568,-29.149,-11.514,-5.348,-5.1447,0,0.20864,7.1304,-7.1487,-17.286,9.629,-3.7635,0.56753,6.7426,-16.695,-12.614,-4.4561,-1.9609,-15.116,24.395,11.17,-6.401,1.7823,1.6237,7.5126,-17.988,-1.7573,-11.54,13.663,4.5888,2.9321,7.446,-12.805,5.1353,5.0075,-16.717,-9.7111,-0.68207,8.3413,5.5588,-8.9929,3.9593,-4.015,-5.0241,-10.88,-0.48145,-1.119,-4.3457,-5.2101,-10.768,-3.7926,-0.12725,-2.4087,0.20075,0.65321,-4.9707,-4.0088,2.003,-14.315,-4.3941,0.20864,0,12.637,-10.321,-9.0587,5.1021,-11.905,-4.6099,-5.6815,-2.7072,-4.7494,-3.2191,-9.8599,4.0694,2.7721,-4.9903,9.7586,13.643,2.8099,14.811,-3.1615,8.3523,0.97125,1.9145,-10.054,35.096,-1.1563,-9.9557,13.326,-12.963,2.6033,-0.79156,-12.839,21.321,-4.1367,-6.1882,6.4522,-5.0591,8.2755,-25.953,7.5841,-3.7365,9.5274,-3.0755,-3.6644,-7.7783,-9.3045,-11.523,-7.4463,8.8432,9.1851,-16.955,1.2192,-13.732,10.023,7.1304,12.637,0,3.5879,-13.57,8.0716,-15.774,-12.848,2.5986,-5.9273,-3.9174,-5.327,-22.351,-13.879,14.64,3.8352,-7.3021,2.4038,-1.0058,10.747,-2.2813,19.382,-19.613,9.2041,-15.462,15.52,-1.1523,-7.4667,12.858,-11.79,-15.031,-0.41354,-4.927,8.505,-17.805,2.6319,11.736,-9.5042,12.822,0.83678,-0.21596,6.5236,6.4483,0.5627,2.8562,1.2032,-21.797,1.2135,-6.7915,-3.1029,8.0373,3.0356,2.2337,4.4989,26.533,-7.1487,-10.321,3.5879,0,7.8047,-3.7599,1.3377,-10.403,5.2046,2.663,7.7658,-2.0746,-4.4797,-6.9372,-2.7011,0.24884,-12.536,-9.0121,-4.1191,-10.115,16.087,6.0521,-8.3689,-3.7126,-7.8984,-8.1604,-1.6606,11.966,-3.0334,-5.1757,-5.927,4.7162,5.387,-9.3117,-1.6717,5.9579,7.8766,-2.9485,-7.8226,12.218,-5.6442,16.56,-0.46168,-3.3876,-7.9595,-1.2532,-5.457,8.271,11.908,-22.592,-3.5113,21.185,-0.084847,2.3287,4.5075,-17.286,-9.0587,-13.57,7.8047,0,-7.5583,13.813,8.7733,-12.287,6.7615,15.739,6.939,12.311,11.721,-19.747,-14.271,4.1175,-6.9877,-0.57248,-20.638,17.363,-8.1751,12.213,-22.126,-3.3669,-12.553,2.0174,33.296,-2.5333,3.3335,11.17,7.9098,12.212,10.191,15.036,7.5079,-1.7039,-8.6534,-5.4361,-15.119,2.4998,-6.3308,7.9319,-20.516,-6.4435,-4.2033,-2.8879,0.88013,5.0221,-1.3073,1.2355,-12.744,-2.0087,-11.208,-3.9397,9.629,5.1021,8.0716,-3.7599,-7.5583,0,-19.321,0.69379,0.92342,-4.0261,-17.921,10.111,3.144,-11.485,18.492,-5.9663,-9.8652,-5.6959,-18.632,16.294,-13.676,7.7842,-9.0816,-2.2258,-0.46389,10.284,-6.4824,-7.4739,18.192,-6.5082,-14.014,10.264,-3.2784,-19.157,-3.8389,-4.2553,-5.1529,14.523,-3.6325,13.048,3.9566,3.0798,-0.56513,13.639,3.7725,2.0945,4.6108,1.3708,3.1136,-2.0062,-3.6843,10.487,-7.4098,7.0158,-0.27022,-3.7635,-11.905,-15.774,1.3377,13.813,-19.321,0,9.12,-5.5977,-1.7994,14.983,-4.6677,7.9359,10.334,-14.536,1.1728,8.5687,1.3027,14.83,-28.277,9.7437,-22.038,11.81,-3.5277,3.2278,-18.531,14.505,13.497,-11.202,14.47,10.652,-9.0719,11.373,-23.245,11.839,9.2632,-4.1088,10.097,-15.481,5.2561,-0.6321,5.6782,3.048,-4.2001,-8.1929,-9.9893,13.483,-2.4632,26.496,-7.1422,0.1328,3.9126,-1.1395,-3.4507,-8.388,0.56753,-4.6099,-12.848,-10.403,8.7733,0.69379,9.12,0,-16.041,3.7424,5.3105,14.441,15.636,6.0647,-3.1645,-5.5575,4.4713,-7.4967,-0.15038,-5.6233,-5.3626,-10.472,8.8321,-5.7232,5.4405,-8.0524,1.8445,7.4056,0.5735,18.628,5.1994,4.5988,15.234,8.9867,-6.6106,-1.9209,-7.1037,-2.4095,16.505,0.47236,0.59301,-13.401,-3.5218,7.5744,26.407,15.635,-1.5625,3.0265,-24.553,13.376,1.0311,-6.5535,-0.17188,14.03,0.41013,6.7426,-5.6815,2.5986,5.2046,-12.287,0.92342,-5.5977,-16.041,0,-3.0012,-12.063,-8.8419,-4.95,-10.359,7.5833,14.732,-9.6843,1.84,-2.9765,5.9611,-4.5715,3.0597,-8.9514,10.794,10.129,-0.97149,-3.3788,-12.521,-9.0436,-3.669,-8.0921,-6.4493,-10.845,-5.2348,-5.9637,16.999,14.262,-6.986,3.8829,12.978,-29.04,21.165,-8.5444,-5.0844,-3.5464,-3.7314,2.9137,-0.17163,5.8164,-9.2342,6.4574,12.372,31.519,7.3535,3.2405,-16.695,-2.7072,-5.9273,2.663,6.7615,-4.0261,-1.7994,3.7424,-3.0012,0,7.726,13.875,0.58478,4.7542,-8.4938,-2.0339,-1.8317,-10.805,-7.9768,-0.3687,2.4141,7.7323,3.2534,-3.0099,2.814,-4.6873,-22.05,4.9512,-8.5379,2.6134,7.1849,15.257,3.8438,-9.4269,-12.569,0.10991,11.603,4.5369,1.7991,7.8139,-2.1138,19.097,2.0365,5.7133,-5.4748,-8.7513,-2.0367,-6.1469,5.3497,-5.9986,6.3545,11.371,4.8591,0.49575,12.149,-12.614,-4.7494,-3.9174,7.7658,15.739,-17.921,14.983,5.3105,-12.063,7.726,0,0.30883,-2.3117,7.2821,-14.921,-1.346,4.145,-4.1681,9.2201,-20.716,16.837,-2.0638,4.5606,-3.4252,-8.7354,-10.73,3.5493,20.92,-6.0398,7.1408,8.1135,0.84163,15.528,-5.3954,8.4459,31.302,6.3585,-6.0508,-7.2733,2.5897,-10.658,11.472,2.5156,-19.825,-11.38,-10.208,3.1168,0.30381,20.872,-13.231,5.3256,3.3987,9.7216,-3.0993,-1.7896,-4.4561,-3.2191,-5.327,-2.0746,6.939,10.111,-4.6677,14.441,-8.8419,13.875,0.30883,0,10.649,-0.71332,0.95057,-9.5759,-6.0421,-19.648,-18.502,2.4563,-5.6294,4.034,0.77908,-8.8278,2.8368,-3.0871,-14.515,5.5989,3.9707,4.8252,-0.81814,26.802,9.3334,-12.31,14.262,8.9459,-7.8098,1.0302,-16.769,9.6949,-2.8051,0.43395,-2.0367,-6.1049,-1.9654,4.4449,4.836,13.833,13.515,-12.554,-10.278,8.6744,-6.5291,3.9486,-11.69,-1.9609,-9.8599,-22.351,-4.4797,12.311,3.144,7.9359,15.636,-4.95,0.58478,-2.3117,10.649,0,7.5592,-5.7844,-10.867,3.0341,-5.3448,-5.9053,-5.8381,-1.5973,-16.498,13.14,-15.605,11.188,-9.3427,1.6716,6.9845,-0.9964,7.3385,6.4585,5.2427,5.3647,-11.15,3.0891,-4.0356,1.1417,1.2056,-12.219,14.594,-9.0437,7.741,-17.09,2.0867,-5.4618,5.3288,4.7898,10.726,6.5517,-12.076,-16.894,22.976,0.51096,3.3334,-8.8669,-15.116,4.0694,-13.879,-6.9372,11.721,-11.485,10.334,6.0647,-10.359,4.7542,7.2821,-0.71332,7.5592,0,-26.15,-10.459,28.636,9.6526,8.1023,-6.2455,8.6517,-10.993,39.299,-11.056,1.1477,-0.24251,3.049,5.7357,-4.2835,0.10665,47.553,-1.5299,-2.8077,10.068,5.2249,1.3752,-6.18,0.90562,4.5554,-20.749,10.563,-13.583,12.984,-4.2588,2.7179,-5.3511,0.59179,-9.8433,-3.7815,13.606,9.1727,-38.271,-3.1177,-8.0175,-0.036241,24.395,2.7721,14.64,-2.7011,-19.747,18.492,-14.536,-3.1645,7.5833,-8.4938,-14.921,0.95057,-5.7844,-26.15,0,8.0909,-14.517,-3.536,-6.9623,14.467,-18.426,8.7341,-22.069,12.027,0.61346,7.1375,-1.7794,-13.483,9.3813,-0.93086,-28.921,-0.39675,-1.8732,-0.66701,-10.28,-4.0406,-7.5539,11.789,18.908,-0.41947,5.4147,-9.0026,1.4479,18.09,20.535,1.8093,7.6858,-12.546,-15.166,30.008,10.341,-10.392,1.7138,8.6171,2.317,11.17,-4.9903,3.8352,0.24884,-14.271,-5.9663,1.1728,-5.5575,14.732,-2.0339,-1.346,-9.5759,-10.867,-10.459,8.0909,0,-6.3333,1.1398,7.1534,1.5111,-7.0845,1.7553,-10.595,32.593,7.4472,-4.4709,1.233,-10.064,-12.363,8.2639,-7.7081,-13.047,-0.50451,-8.7632,5.0663,-11.63,-3.1227,5.8519,-12.574,6.637,-2.1172,1.3684,-13.428,5.1473,-4.6792,4.0892,7.1118,5.7661,3.7033,-4.4501,-17.747,10.764,-3.7195,-1.0866,-11.59,-6.401,9.7586,-7.3021,-12.536,4.1175,-9.8652,8.5687,4.4713,-9.6843,-1.8317,4.145,-6.0421,3.0341,28.636,-14.517,-6.3333,0,18.715,14.685,-2.5837,4.4412,-11.165,24.227,-4.6437,-0.50107,4.7835,8.242,0.17122,-0.91761,-0.3851,24.736,-8.091,-5.7353,2.6024,1.9012,-27.471,-7.1326,4.1235,-3.2398,-1.6871,4.4449,-9.737,-10.286,9.3671,2.9388,9.8791,2.3266,4.1831,-8.8939,5.9069,-15.821,0.13523,-7.9197,-1.0879,-8.7284,1.7823,13.643,2.4038,-9.0121,-6.9877,-5.6959,1.3027,-7.4967,1.84,-10.805,-4.1681,-19.648,-5.3448,9.6526,-3.536,1.1398,18.715,0,15.598,3.9579,1.3654,-5.4486,7.9302,3.524,-1.4665,11.801,10.515,-9.6763,0.89239,-7.5249,8.6199,-17.668,-17.136,-7.1747,-5.6114,-21.478,-5.6464,17.575,0.37497,2.1167,8.9569,-3.2011,-2.3255,22.522,4.1274,1.2582,5.3847,-5.4056,-5.222,8.3494,-3.8384,1.4057,-7.3822,0.49976,-0.92445,1.6237,2.8099,-1.0058,-4.1191,-0.57248,-18.632,14.83,-0.15038,-2.9765,-7.9768,9.2201,-18.502,-5.9053,8.1023,-6.9623,7.1534,14.685,15.598,0,-8.715,5.6916,-10.051,6.2595,6.9552,-2.7282,-1.4556,18.768,0.55675,-5.6988,5.3581,8.0662,-24.212,0.26706,11.07,8.4438,1.1234,-1.8483,-6.5288,0.51257,-10.456,-3.0091,-7.9352,-3.5255,-8.4659,-1.0532,0.31647,3.3506,-1.2873,-3.1194,5.6659,-0.51648,-11.355,4.9331,-5.3859,-7.9399,7.5126,14.811,10.747,-10.115,-20.638,16.294,-28.277,-5.6233,5.9611,-0.3687,-20.716,2.4563,-5.8381,-6.2455,14.467,1.5111,-2.5837,3.9579,-8.715,0,-17.407,12.311,-6.5958,6.9965,2.2625,21.078,-10.618,-24.719,8.3453,-9.3107,-6.5144,3.096,-15.699,1.138,-13.024,-4.7867,12.278,-5.5839,1.9379,6.6423,-2.3825,11.73,-1.76,3.442,-3.1759,2.6651,-14.926,5.844,-1.7874,-10.055,-2.7322,15.128,-0.16885,2.613,13.164,-17.988,-3.1615,-2.2813,16.087,17.363,-13.676,9.7437,-5.3626,-4.5715,2.4141,16.837,-5.6294,-1.5973,8.6517,-18.426,-7.0845,4.4412,1.3654,5.6916,-17.407,0,-1.902,5.8874,-10.712,-11.542,-5.4598,4.7374,18.622,-3.1116,-5.6289,8.7171,0.48853,3.3696,16.525,-6.7349,5.1642,15.949,-13.342,11.379,-9.8004,-5.7203,5.3153,2.9178,-8.6108,-4.6593,-7.773,-7.8723,-8.0724,-3.9445,1.8325,13.258,-6.822,15.486,-5.7309,11.252,-1.7573,8.3523,19.382,6.0521,-8.1751,7.7842,-22.038,-10.472,3.0597,7.7323,-2.0638,4.034,-16.498,-10.993,8.7341,1.7553,-11.165,-5.4486,-10.051,12.311,-1.902,0,-15.922,5.5161,-9.4016,10.544,-16.285,-5.0302,6.0924,-10.916,-9.9439,10.451,-3.7801,-13.924,6.3854,-2.2342,-2.7498,2.5035,-15.288,16.187,-7.781,4.9714,-15.791,1.5747,-3.6647,7.1159,6.6888,13.536,7.9337,-12.197,-19.852,21.253,-2.0792,4.8054,-12.664,-11.54,0.97125,-19.613,-8.3689,12.213,-9.0816,11.81,8.8321,-8.9514,3.2534,4.5606,0.77908,13.14,39.299,-22.069,-10.595,24.227,7.9302,6.2595,-6.5958,5.8874,-15.922,0,-12.412,5.0703,-2.5252,3.8968,5.4171,-4.8112,2.4616,34.232,-1.6055,-1.9245,1.9186,-6.7404,-5.6168,-6.1611,10.696,15.053,-5.5999,6.1468,-9.5873,2.0677,12.761,12.419,-1.7866,8.4591,-17.117,-12.81,35.393,10.597,-15.263,2.6285,2.275,0.94668,13.663,1.9145,9.2041,-3.7126,-22.126,-2.2258,-3.5277,-5.7232,10.794,-3.0099,-3.4252,-8.8278,-15.605,-11.056,12.027,32.593,-4.6437,3.524,6.9552,6.9965,-10.712,5.5161,-12.412,0,3.8127,2.1593,0.2863,-15.116,-5.7775,5.1192,-8.9643,-11.916,-2.9445,-10.174,5.3356,6.2721,-15.78,6.2159,-0.12432,12.09,-4.9144,-7.6219,-8.8404,4.8201,14.852,11.107,16.042,5.8628,-1.5453,4.217,-4.2984,1.5565,0.1966,17.276,-15.125,4.5888,-10.054,-15.462,-7.8984,-3.3669,-0.46389,3.2278,5.4405,10.129,2.814,-8.7354,2.8368,11.188,1.1477,0.61346,7.4472,-0.50107,-1.4665,-2.7282,2.2625,-11.542,-9.4016,5.0703,3.8127,0,-8.2422,-3.5425,-7.6387,-13.923,10.723,2.73,-3.12,-2.5464,14.222,6.7661,-7.5487,2.4017,-7.4518,-3.3573,-14.429,0.42497,-4.8527,-2.9773,-7.5394,-7.8713,-1.1562,-2.644,-0.3423,-2.4025,1.873,-4.9815,-7.3869,0.7,-13.262,-4.3707,2.9321,35.096,15.52,-8.1604,-12.553,10.284,-18.531,-8.0524,-0.97149,-4.6873,-10.73,-3.0871,-9.3427,-0.24251,7.1375,-4.4709,4.7835,11.801,-1.4556,21.078,-5.4598,10.544,-2.5252,2.1593,-8.2422,0,-2.7509,-13.674,15.709,-17.722,-1.7434,0.2986,-17.046,-4.075,1.6204,-18.496,-11.013,14.122,-5.6246,-3.5028,22.092,-9.0499,6.1873,11.451,2.2068,1.8533,-0.27114,-0.69882,-1.8436,5.0569,-6.7486,-2.6817,-26.324,-4.1259,-1.4824,7.446,-1.1563,-1.1523,-1.6606,2.0174,-6.4824,14.505,1.8445,-3.3788,-22.05,3.5493,-14.515,1.6716,3.049,-1.7794,1.233,8.242,10.515,18.768,-10.618,4.7374,-16.285,3.8968,0.2863,-3.5425,-2.7509,0,3.6279,2.0185,3.9635,1.2627,-18.893,3.0105,-7.0062,-5.1621,5.0972,10.03,-1.3961,-3.9202,6.973,-1.3291,16.852,5.5853,-2.184,-8.219,-5.8297,-8.0454,2.1334,10.301,-15.493,2.2482,13.051,-0.448,-0.53036,10.801,-12.805,-9.9557,-7.4667,11.966,33.296,-7.4739,13.497,7.4056,-12.521,4.9512,20.92,5.5989,6.9845,5.7357,-13.483,-10.064,0.17122,-9.6763,0.55675,-24.719,18.622,-5.0302,5.4171,-15.116,-7.6387,-13.674,3.6279,0,-1.0397,4.335,5.2918,7.0492,18.38,10.417,11.939,-1.7074,3.1435,-6.5554,-10.321,-22.252,7.4195,-1.9767,10.475,-16.538,-17.738,-9.4462,-7.7752,-1.3742,7.547,-4.3667,-1.2862,-9.0562,-6.0379,-31.705,0.18549,5.1353,13.326,12.858,-3.0334,-2.5333,18.192,-11.202,0.5735,-9.0436,-8.5379,-6.0398,3.9707,-0.9964,-4.2835,9.3813,-12.363,-0.91761,0.89239,-5.6988,8.3453,-3.1116,6.0924,-4.8112,-5.7775,-13.923,15.709,2.0185,-1.0397,0,-10.299,-7.5833,6.1005,-1.4376,-25.257,0.86523,5.7566,-8.323,21.327,-1.2787,7.8638,2.7801,1.105,3.9307,7.8525,4.5504,-5.9179,17.103,-8.3782,7.2566,4.0558,6.4748,0.2116,-0.71494,5.113,-3.5852,5.0075,-12.963,-11.79,-5.1757,3.3335,-6.5082,14.47,18.628,-3.669,2.6134,7.1408,4.8252,7.3385,0.10665,-0.93086,8.2639,-0.3851,-7.5249,5.3581,-9.3107,-5.6289,-10.916,2.4616,5.1192,10.723,-17.722,3.9635,4.335,-10.299,0,1.0906,-3.7138,16.933,-11.954,0.71043,-2.9904,1.6814,1.3581,-8.7643,18.374,-11.415,8.6603,-20.145,3.701,-3.2069,6.1754,5.7346,9.9643,4.8906,-10.668,-14.339,25.615,2.8775,6.269,-7.9592,-16.717,2.6033,-15.031,-5.927,11.17,-14.014,10.652,5.1994,-8.0921,7.1849,8.1135,-0.81814,6.4585,47.553,-28.921,-7.7081,24.736,8.6199,8.0662,-6.5144,8.7171,-9.9439,34.232,-8.9643,2.73,-1.7434,1.2627,5.2918,-7.5833,1.0906,0,-1.6023,-2.8128,2.4955,3.1331,23.918,15.041,-16.819,-3.2154,0.74982,-13.518,15.033,1.7561,-25.961,-13.144,-7.7726,-5.6938,2.9222,12.778,-17.223,5.2732,4.9889,12.534,-3.6031,4.2809,-9.7111,-0.79156,-0.41354,4.7162,7.9098,10.264,-9.0719,4.5988,-6.4493,15.257,0.84163,26.802,5.2427,-1.5299,-0.39675,-13.047,-8.091,-17.668,-24.212,3.096,0.48853,10.451,-1.6055,-11.916,-3.12,0.2986,-18.893,7.0492,6.1005,-3.7138,-1.6023,0,5.0852,-11.819,-2.5326,9.1776,3.521,7.5528,-1.4895,2.2964,3.6454,10.092,14.152,-0.52668,-5.0823,-15.216,1.1465,-9.1311,12.636,-4.14,12.36,1.5358,0.15995,-2.5864,8.3417,-0.68207,-12.839,-4.927,5.387,12.212,-3.2784,11.373,15.234,-10.845,3.8438,15.528,9.3334,5.3647,-2.8077,-1.8732,-0.50451,-5.7353,-17.136,0.26706,-15.699,3.3696,-3.7801,-1.9245,-2.9445,-2.5464,-17.046,3.0105,18.38,-1.4376,16.933,-2.8128,5.0852,0
