0,8.9836,5.3602,9.2763,0.97573,-0.42487,15.733,5.3892,-2.9189,8.1237,2.407,-2.1001,-10.007,8.8536,-1.0538,7.2845,-0.42025,9.7666,16.294,16.38,-6.8175,13.434,-7.1877,-6.3456,2.7745,-3.0148,4.2569,-4.9669,-9.8943,-8.1484,-4.935,14.726,10.282,6.5908,2.5664,11.825,-6.7935,-7.0343,4.3898,-8.2882,12.69,-3.9771,-3.2118,-2.2652,-11.606,-6.379,9.5816,-0.0051228,1.4297,-19.906,-1.1542,-3.4722,-0.11465,-0.26052,1.6401,8.9836,0,-9.844,2.0274,8.4676,-8.6771,-1.8817,-5.5055,-7.3887,-8.6188,-9.6376,-3.4605,5.1762,-1.0285,-1.0664,12.062,2.4746,1.8689,-6.2124,-1.8183,-20.874,9.2226,5.6881,-4.2061,3.2168,-1.7746,14.916,12.548,-8.3657,-4.07,13.433,0.15578,0.054572,3.2564,-0.33195,-0.099606,11.955,-15.545,-3.7382,-9.0462,4.9684,-19.152,5.7743,-2.91,-25.67,13.322,2.4822,-13.589,-10.696,2.3247,-13.937,6.7002,-23.481,14.164,-0.35303,5.3602,-9.844,0,-3.0416,1.6858,1.7801,12.177,16.395,18.625,8.3314,24.42,17.87,-26.173,14.351,-5.3878,-2.9951,4.6313,7.3009,15.312,14.2,12.093,5.2592,-8.0159,4.002,12.349,6.2731,-10.931,-7.3497,-0.73977,-5.2391,-8.6905,5.2655,18.997,-11.54,3.6526,2.5644,-31.815,11.748,-5.5266,-8.9831,-0.9008,3.4444,-4.535,12.64,0.2927,-14.237,1.4513,19.793,8.6565,-7.5692,16.748,-13.007,11.613,-36.584,7.5591,9.2763,2.0274,-3.0416,0,-23.042,19.577,2.3916,-7.0351,-8.2547,8.5987,-11.008,-18.119,3.7171,-2.9307,2.6212,-7.5409,-4.1789,18.984,7.6556,7.2744,-8.5385,1.6211,-10.576,-2.5168,-11.597,-1.0154,7.3297,-14.557,-20.832,11.368,-10.895,17.95,-9.0233,12.233,3.223,11.987,0.44561,-5.7823,23.839,4.4091,24.602,11.043,-2.1398,-13.303,3.21,-8.5955,5.4404,-0.042352,-2.2634,-8.008,-7.5989,1.9713,2.2371,4.3967,-4.7616,0.97573,8.4676,1.6858,-23.042,0,-29.947,1.6666,6.3891,5.0833,-8.8287,8.6448,15.273,-4.7039,4.6139,-2.9737,15.722,4.3081,-12.712,-4.7037,-3.5689,0.74603,5.9559,10.332,-1.746,15.24,-0.30501,-0.19769,18.975,10.24,-19.581,14.266,-11.29,13.948,-8.3326,-3.0855,-6.9451,1.316,-1.6093,-23.733,-10.499,-11.963,-25.512,2.8576,10.173,-15.406,11.27,-0.38274,-4.3315,0.16905,3.7237,2.1857,-0.94364,-9.1393,-0.096755,6.6497,-0.42487,-8.6771,1.7801,19.577,-29.947,0,3.5189,-9.1876,2.0574,14.651,-4.2004,-9.5546,3.0535,-6.3363,8.2657,-26.514,-9.4608,13.337,7.8605,5.8456,3.9629,-7.2835,-16.658,-3.3832,-14.046,-1.6595,2.2052,-15.985,-10.29,14.645,-20.642,14.951,-10.439,7.5502,6.1133,13.136,-4.5226,-1.3945,22.049,8.9105,15.322,17.807,0.82155,-11.964,12.354,-16.725,5.7467,3.1256,3.1566,-1.0571,-4.5884,-5.5537,10.479,-3.5082,-0.54995,15.733,-1.8817,12.177,2.3916,1.6666,3.5189,0,2.829,9.2996,23.725,11.908,3.9588,-13.751,5.3431,9.7431,-3.1939,-10.715,3.3058,23.98,19.34,9.157,1.1891,-17.476,-14.797,-0.55134,-9.9195,-0.87018,-4.3894,0.25782,-10.198,-15.442,16.092,11.403,6.3433,8.2718,21.357,-16.921,-6.2494,4.7766,-3.9801,7.9433,-2.3406,2.2658,-3.3223,-4.0279,-18.277,15.531,0.07433,10.008,-11.012,0.2819,-21.339,10.715,-9.2982,7.6785,5.3892,-5.5055,16.395,-7.0351,6.3891,-9.1876,2.829,0,3.0761,-2.3335,14.579,12.774,-21.275,23.273,-18.243,10.936,16.316,1.205,6.5902,7.141,2.6039,10.399,3.438,12.837,17.247,9.1669,-15.593,-4.1705,3.3928,-7.4412,1.9486,-2.9591,19.349,-12.446,-3.1023,-8.3547,-13.372,18.293,-11.076,-9.88,-9.0037,1.6565,-11.212,22.626,-1.256,-2.1029,-7.4774,18.742,2.8237,-12.665,30.74,-0.24631,5.3354,-13.128,-0.73645,-2.9189,-7.3887,18.625,-8.2547,5.0833,2.0574,9.2996,3.0761,0,6.6766,19.018,21.463,-10.106,2.638,3.4513,-9.28,-2.6151,1.1357,6.0946,5.2438,18.309,-1.9114,-7.0526,-2.4156,8.3857,2.2001,-4.2451,1.3986,2.8234,-4.8216,-6.0217,1.1749,10.53,-11.354,5.3173,3.6341,-14.431,4.0611,-7.5554,-5.6252,-2.242,-2.4637,4.3234,6.8034,-0.69763,-8.9668,4.6917,6.9753,8.5665,5.6114,5.0652,-17.758,6.369,-21.507,14.234,8.1237,-8.6188,8.3314,8.5987,-8.8287,14.651,23.725,-2.3335,6.6766,0,5.6881,-2.8482,-7.5086,0.66924,14.692,-13.281,-15.988,5.6476,20.814,16.887,11.471,-6.4405,-29.807,-13.15,-9.9405,-11.779,-2.2654,-10.739,-0.75945,-0.10788,-32.135,21.873,1.2384,11.36,10.838,26.41,-15.111,-4.8517,14.947,3.2846,10.609,7.0549,2.9161,-8.8678,5.3469,-33.011,12.665,0.67446,9.1927,-8.6243,-1.261,-20.495,19.588,-8.4574,2.8664,2.407,-9.6376,24.42,-11.008,8.6448,-4.2004,11.908,14.579,19.018,5.6881,0,23.357,-16.73,7.5223,-2.6583,0.3411,0.7328,-3.0933,12.542,5.5736,18.051,5.2903,-1.7502,-0.53654,13.932,4.8194,-7.7172,-3.2606,7.0073,-15.118,-5.9025,-1.9348,24.896,-11.917,-2.5988,1.5694,-18.045,9.7998,-9.2448,-3.8859,-4.5662,-0.97566,-6.5378,10.412,0.54939,-8.0636,5.1815,12.829,16.923,-5.2739,15.423,-10.82,8.1555,-20.575,14.699,-2.1001,-3.4605,17.87,-18.119,15.273,-9.5546,3.9588,12.774,21.463,-2.8482,23.357,0,-13.401,8.7899,-6.4145,2.9485,7.0798,-3.0796,1.9374,1.7031,10.577,5.1561,3.0548,4.4298,23.251,7.8071,-7.2259,5.5359,6.0356,-11.031,3.63,-7.0874,20.291,-22.803,-0.85955,-5.9816,-10.782,9.6218,-22.485,-11.094,-10.346,-7.3109,-0.77393,19.037,-5.2939,-0.033418,-1.4741,9.8095,5.7265,3.1118,12.336,-7.4006,0.63028,-17.322,11.467,-10.007,5.1762,-26.173,3.7171,-4.7039,3.0535,-13.751,-21.275,-10.106,-7.5086,-16.73,-13.401,0,-27.766,5.9238,-3.2363,-6.8546,-5.9096,-12.931,-21.057,-6.5228,-4.7325,8.2796,-4.0421,-10.865,-0.62797,15.336,3.1924,-1.5033,6.167,4.7564,-7.1974,-19.418,6.3715,-7.8778,-1.3366,29.193,-8.211,6.2805,15.408,3.7892,0.24735,1.3554,-15.103,4.2676,11.474,2.0935,-12.593,-2.3474,11.675,-16.135,12.899,-11.3,21.761,-0.39161,8.8536,-1.0285,14.351,-2.9307,4.6139,-6.3363,5.3431,23.273,2.638,0.66924,7.5223,8.7899,-27.766,0,-11.99,8.5399,15.103,6.8348,5.2084,16.331,-1.2266,5.5854,-3.5053,10.58,11.023,2.0191,-16.989,-0.37956,-0.018679,-1.9276,2.0062,4.6072,12.899,-6.4082,7.6845,-4.9795,-15.457,9.085,-8.0881,-20.53,-6.8133,-0.97895,-0.79329,19.934,-6.4593,-4.4839,-9.9319,10.741,-5.6905,-10.609,15.522,-5.1195,6.1723,-12.642,-7.1217,-1.0538,-1.0664,-5.3878,2.6212,-2.9737,8.2657,9.7431,-18.243,3.4513,14.692,-2.6583,-6.4145,5.9238,-11.99,0,-12.582,-35.608,-4.5868,2.6899,1.7386,7.9357,-15.221,-12.542,-25.991,-17.495,-22.092,5.8528,2.5478,4.4986,0.24648,-10.474,8.3148,-7.8166,16.421,9.0342,17.869,0.7668,-17.258,11.437,7.8758,6.2855,-1.9395,13.148,-18.27,2.313,-7.6114,12.878,-15.5,4.0298,5.2305,-15.268,-12.746,5.4287,3.3672,3.157,7.2845,12.062,-2.9951,-7.5409,15.722,-26.514,-3.1939,10.936,-9.28,-13.281,0.3411,2.9485,-3.2363,8.5399,-12.582,0,12.165,-6.0242,-3.9534,-2.6023,-11.434,13.864,15.084,4.7907,11.788,3.2128,-0.084817,7.9302,2.8965,-11.899,17.014,-8.6391,9.4763,-3.5216,-7.8198,-10.269,5.1136,0.77888,-12.116,-8.6371,-7.2399,-12.016,-5.5749,8.7861,-13.002,14.691,-4.9905,-1.6203,-4.657,-6.3514,4.2806,10.453,-11.367,6.7275,-2.771,-0.42025,2.4746,4.6313,-4.1789,4.3081,-9.4608,-10.715,16.316,-2.6151,-15.988,0.7328,7.0798,-6.8546,15.103,-35.608,12.165,0,4.8593,-6.2137,-0.37648,-8.8949,10.228,10.549,29.876,16.306,15.861,-8.3382,1.7821,-3.4118,2.2224,13.867,-7.4792,5.9434,-16.085,-3.4721,-21.443,-0.85841,14.801,-14.013,-12.657,-9.5064,-0.45325,-6.077,23.025,-4.6835,8.5224,-19.142,11.896,-9.6457,-1.886,13.193,9.8219,-5.4616,-3.8064,-6.7908,9.7666,1.8689,7.3009,18.984,-12.712,13.337,3.3058,1.205,1.1357,5.6476,-3.0933,-3.0796,-5.9096,6.8348,-4.5868,-6.0242,4.8593,0,7.8788,13.842,-6.7396,5.5812,-11.301,4.7622,0.30688,5.2507,1.0696,-10.246,-26.955,10.376,-6.7696,16.873,-0.45198,-0.040995,7.4264,5.8879,-7.3535,0.73745,7.0761,-7.3388,13.986,7.1193,-0.35311,0.12419,-2.2667,-9.5771,0.082834,7.8626,-5.1641,-6.0843,-0.30969,-2.2222,2.3199,-5.908,-2.9488,16.294,-6.2124,15.312,7.6556,-4.7037,7.8605,23.98,6.5902,6.0946,20.814,12.542,1.9374,-12.931,5.2084,2.6899,-3.9534,-6.2137,7.8788,0,16.638,7.7757,6.2453,-13.601,-7.2243,0.6809,-1.0692,-1.021,-16.498,-4.5292,-7.172,-21.513,14.861,11.464,3.4602,1.3063,17.605,-18.138,0.75644,8.0741,0.35898,12.064,6.1755,-7.7642,-2.9597,2.0158,-21.818,14.358,8.4745,15.121,-19.568,5.3805,-10.895,12.367,-10.698,8.142,16.38,-1.8183,14.2,7.2744,-3.5689,5.8456,19.34,7.141,5.2438,16.887,5.5736,1.7031,-21.057,16.331,1.7386,-2.6023,-0.37648,13.842,16.638,0,2.1837,0.88793,-21.886,-2.3185,-0.068195,-6.4049,-7.6653,-6.1365,-5.3813,0.26925,-11.402,24.46,7.4634,4.3639,16.533,11.234,-21.781,-1.1159,4.7894,-11.537,5.9988,2.1404,3.7505,2.7378,-4.2616,-19.384,2.4785,4.9588,-0.95724,-13.075,4.024,-16.292,12.822,-12.365,-3.2042,-6.8175,-20.874,12.093,-8.5385,0.74603,3.9629,9.157,2.6039,18.309,11.471,18.051,10.577,-6.5228,-1.2266,7.9357,-11.434,-8.8949,-6.7396,7.7757,2.1837,0,-8.8916,-6.9897,-4.7884,-0.19857,-2.7387,-8.7349,-3.872,12.816,-4.6619,-12.52,-0.5137,5.4961,-3.7186,2.0549,4.8431,-13.249,6.3827,-0.75861,5.4901,-4.8586,4.979,-0.036339,1.708,10.928,-12.605,5.0546,6.2192,16.521,1.6,7.8944,-15.83,16.647,-15.833,9.5301,13.434,9.2226,5.2592,1.6211,5.9559,-7.2835,1.1891,10.399,-1.9114,-6.4405,5.2903,5.1561,-4.7325,5.5854,-15.221,13.864,10.228,5.5812,6.2453,0.88793,-8.8916,0,8.3397,3.9714,17.115,14.578,6.703,-3.4423,-10.282,-10.969,4.8934,-2.1434,14.779,-8.0841,-12.417,-1.9894,-0.18106,2.9148,-6.3878,-6.6225,5.5953,-4.6756,-14.548,5.3264,-10.19,4.9857,4.1152,7.2718,3.6433,-10.29,4.6406,8.609,-10.456,0.34599,7.9563,-7.1877,5.6881,-8.0159,-10.576,10.332,-16.658,-17.476,3.438,-7.0526,-29.807,-1.7502,3.0548,8.2796,-3.5053,-12.542,15.084,10.549,-11.301,-13.601,-21.886,-6.9897,8.3397,0,8.5341,9.8061,11.711,3.5784,7.2314,4.3472,-5.6014,20.953,-30.264,1.4557,-9.9478,-20.413,-19.768,14.929,5.4496,-13.123,1.9323,-9.8253,-5.9821,-8.5827,6.0732,-2.3482,28.262,-6.6448,-0.1579,-1.3374,4.8797,2.8624,22.045,-16.759,9.3187,1.5624,-6.3456,-4.2061,4.002,-2.5168,-1.746,-3.3832,-14.797,12.837,-2.4156,-13.15,-0.53654,4.4298,-4.0421,10.58,-25.991,4.7907,29.876,4.7622,-7.2243,-2.3185,-4.7884,3.9714,8.5341,0,9.4863,16.578,-11.663,-2.1795,-2.0356,8.2358,8.8106,-7.8304,0.67484,-15.04,-3.2633,-22.632,-1.1037,21.936,-8.7831,-5.6989,-10.291,6.7296,-6.8453,18.48,3.3599,5.383,-24.502,15.363,-8.1142,0.096578,15.138,9.757,-0.76297,-5.1858,-8.9923,2.7745,3.2168,12.349,-11.597,15.24,-14.046,-0.55134,17.247,8.3857,-9.9405,13.932,23.251,-10.865,11.023,-17.495,11.788,16.306,0.30688,0.6809,-0.068195,-0.19857,17.115,9.8061,9.4863,0,15.776,-2.9721,4.084,-0.47412,-11.53,9.6192,-8.9194,22.241,-25.433,-6.8779,-10.26,-5.063,10.209,-24.674,-13.748,-7.0544,-8.2499,-6.9191,21.18,-9.9065,6.0099,-3.3542,11.179,2.1122,-1.3288,12.354,2.1576,-6.7096,-8.8759,8.5165,-3.0148,-1.7746,6.2731,-1.0154,-0.30501,-1.6595,-9.9195,9.1669,2.2001,-11.779,4.8194,7.8071,-0.62797,2.0191,-22.092,3.2128,15.861,5.2507,-1.0692,-6.4049,-2.7387,14.578,11.711,16.578,15.776,0,0.56253,-5.978,-7.5527,0.16417,5.1402,-9.5907,6.0064,-21.376,-14.581,-11.43,0.46846,16.287,-8.3396,-1.1438,-0.88966,4.6229,-15.99,10.144,1.8921,5.4655,-4.672,17.632,2.9924,-0.29082,10.493,11.689,-6.3678,-4.5678,5.8901,4.2569,14.916,-10.931,7.3297,-0.19769,2.2052,-0.87018,-15.593,-4.2451,-2.2654,-7.7172,-7.2259,15.336,-16.989,5.8528,-0.084817,-8.3382,1.0696,-1.021,-7.6653,-8.7349,6.703,3.5784,-11.663,-2.9721,0.56253,0,1.9675,-10.56,-3.1744,1.6154,0.38673,-4.2329,5.6449,-7.4093,7.8087,14.334,-16.303,5.1673,5.5143,15.825,-6.8394,-0.076228,-16.211,-6.7077,6.671,15.013,-11.529,2.1307,3.8718,-20.585,6.7278,-16.489,15.002,9.6055,-4.9669,12.548,-7.3497,-14.557,18.975,-15.985,-4.3894,-4.1705,1.3986,-10.739,-3.2606,5.5359,3.1924,-0.37956,2.5478,7.9302,1.7821,-10.246,-16.498,-6.1365,-3.872,-3.4423,7.2314,-2.1795,4.084,-5.978,1.9675,0,7.6967,-4.2614,19.019,-8.6539,-0.22078,-2.4158,4.1362,-7.564,8.4865,-8.0865,-14.265,-9.2704,-11.306,-25.426,15.648,4.4485,-14.69,15.109,-4.9091,-14.296,-10.702,14.871,-7.2169,-0.26676,-12.012,5.9721,-1.2337,-9.8943,-8.3657,-0.73977,-20.832,10.24,-10.29,0.25782,3.3928,2.8234,-0.75945,7.0073,6.0356,-1.5033,-0.018679,4.4986,2.8965,-3.4118,-26.955,-4.5292,-5.3813,12.816,-10.282,4.3472,-2.0356,-0.47412,-7.5527,-10.56,7.6967,0,-7.3314,2.6039,-10.694,2.2089,-0.83402,-0.59734,-5.5699,-0.99952,3.5859,-7.0764,3.7638,-20.097,-3.2675,2.4666,4.4634,4.9431,2.3794,-3.7914,-2.9775,4.4079,3.735,6.0523,-4.2838,6.0243,-1.8221,-0.55537,-8.1484,-4.07,-5.2391,11.368,-19.581,14.645,-10.198,-7.4412,-4.8216,-0.10788,-15.118,-11.031,6.167,-1.9276,0.24648,-11.899,2.2224,10.376,-7.172,0.26925,-4.6619,-10.969,-5.6014,8.2358,-11.53,0.16417,-3.1744,-4.2614,-7.3314,0,-2.0291,5.1789,-20.909,3.4716,8.247,-2.5014,2.7928,2.0722,9.3202,2.8393,2.0638,12.841,5.6451,-2.8731,8.8381,-2.6066,-10.681,0.98983,-12.461,5.9071,-3.371,2.5493,3.6856,1.2863,-14.858,-4.935,13.433,-8.6905,-10.895,14.266,-20.642,-15.442,1.9486,-6.0217,-32.135,-5.9025,3.63,4.7564,2.0062,-10.474,17.014,13.867,-6.7696,-21.513,-11.402,-12.52,4.8934,20.953,8.8106,9.6192,5.1402,1.6154,19.019,2.6039,-2.0291,0,-16.441,0.12612,-8.0958,-4.9935,-20.901,13.458,0.32059,-17.602,-8.2439,-12.273,-14.117,2.6002,9.4149,-11.587,33.004,-12.216,-5.1919,-13.23,8.8652,-1.052,13.112,-20.134,8.9181,-4.4336,14.726,0.15578,5.2655,17.95,-11.29,14.951,16.092,-2.9591,1.1749,21.873,-1.9348,-7.0874,-7.1974,4.6072,8.3148,-8.6391,-7.4792,16.873,14.861,24.46,-0.5137,-2.1434,-30.264,-7.8304,-8.9194,-9.5907,0.38673,-8.6539,-10.694,5.1789,-16.441,0,-1.2373,12.725,15.846,20.786,-10.757,-8.0287,15.67,-3.5312,16.05,4.8094,5.5442,-7.7025,-1.4884,-20.07,7.486,-0.76989,-1.1452,-9.5583,-4.8947,-12.7,10.056,-4.378,-3.2082,10.282,0.054572,18.997,-9.0233,13.948,-10.439,11.403,19.349,10.53,1.2384,24.896,20.291,-19.418,12.899,-7.8166,9.4763,5.9434,-0.45198,11.464,7.4634,5.4961,14.779,1.4557,0.67484,22.241,6.0064,-4.2329,-0.22078,2.2089,-20.909,0.12612,-1.2373,0,-11.327,-3.5606,-0.017521,-13.246,6.1606,-12.728,-11.119,-2.8817,-6.981,-7.2885,12.877,-8.5007,-2.7458,4.281,9.9069,9.3201,-9.4123,12.822,-5.6931,1.0398,-12.537,11.514,6.5908,3.2564,-11.54,12.233,-8.3326,7.5502,6.3433,-12.446,-11.354,11.36,-11.917,-22.803,6.3715,-6.4082,16.421,-3.5216,-16.085,-0.040995,3.4602,4.3639,-3.7186,-8.0841,-9.9478,-15.04,-25.433,-21.376,5.6449,-2.4158,-0.83402,3.4716,-8.0958,12.725,-11.327,0,6.7216,14.905,4.1161,-17.329,21.633,7.664,10.122,1.8967,6.0432,-21.662,1.6238,-5.2843,7.5837,-15.214,-1.9505,-4.9449,-14.029,-2.6854,3.836,11.56,-7.2004,2.5664,-0.33195,3.6526,3.223,-3.0855,6.1133,8.2718,-3.1023,5.3173,10.838,-2.5988,-0.85955,-7.8778,7.6845,9.0342,-7.8198,-3.4721,7.4264,1.3063,16.533,2.0549,-12.417,-20.413,-3.2633,-6.8779,-14.581,-7.4093,4.1362,-0.59734,8.247,-4.9935,15.846,-3.5606,6.7216,0,6.6679,-9.1516,-6.1606,3.7185,-10.005,0.14251,-1.3012,21.836,0.45617,-3.7136,-10.499,-3.1079,-4.3963,-10.128,2.1463,-3.8388,-17.858,9.3151,-6.4979,-8.9534,11.825,-0.099606,2.5644,11.987,-6.9451,13.136,21.357,-8.3547,3.6341,26.41,1.5694,-5.9816,-1.3366,-4.9795,17.869,-10.269,-21.443,5.8879,17.605,11.234,4.8431,-1.9894,-19.768,-22.632,-10.26,-11.43,7.8087,-7.564,-5.5699,-2.5014,-20.901,20.786,-0.017521,14.905,6.6679,0,-6.2985,-13.529,16.739,4.2185,20.306,1.721,3.2892,-16.981,0.023286,-16.826,23.861,-5.2039,8.73,-6.6215,-9.4921,-13.052,7.1954,-1.0251,6.7889,-6.7935,11.955,-31.815,0.44561,1.316,-4.5226,-16.921,-13.372,-14.431,-15.111,-18.045,-10.782,29.193,-15.457,0.7668,5.1136,-0.85841,-7.3535,-18.138,-21.781,-13.249,-0.18106,14.929,-1.1037,-5.063,0.46846,14.334,8.4865,-0.99952,2.7928,13.458,-10.757,-13.246,4.1161,-9.1516,-6.2985,0,-8.2578,0.48767,7.5429,0.17226,-5.4932,1.2538,-8.5315,-2.1422,22.303,-1.5084,-14.277,-6.9541,10.079,-13.965,18.979,-19.909,30.748,-2.7295,-7.0343,-15.545,11.748,-5.7823,-1.6093,-1.3945,-6.2494,18.293,4.0611,-4.8517,9.7998,9.6218,-8.211,9.085,-17.258,0.77888,14.801,0.73745,0.75644,-1.1159,6.3827,2.9148,5.4496,21.936,10.209,16.287,-16.303,-8.0865,3.5859,2.0722,0.32059,-8.0287,6.1606,-17.329,-6.1606,-13.529,-8.2578,0,-7.5403,-0.3841,-10.619,11.459,-12.953,17.417,10.454,-1.623,-12.108,28.26,3.7364,-3.3326,30.862,3.3948,7.0984,-13.289,-1.2295,4.3898,-3.7382,-5.5266,23.839,-23.733,22.049,4.7766,-11.076,-7.5554,14.947,-9.2448,-22.485,6.2805,-8.0881,11.437,-12.116,-14.013,7.0761,8.0741,4.7894,-0.75861,-6.3878,-13.123,-8.7831,-24.674,-8.3396,5.1673,-14.265,-7.0764,9.3202,-17.602,15.67,-12.728,21.633,3.7185,16.739,0.48767,-7.5403,0,13.095,17.516,13.443,-0.41203,-22.414,9.9829,-11.892,8.4111,-3.8272,2.5761,-6.4535,-8.6499,-1.7707,8.1019,5.226,-4.2015,-8.2882,-9.0462,-8.9831,4.4091,-10.499,8.9105,-3.9801,-9.88,-5.6252,3.2846,-3.8859,-11.094,15.408,-20.53,7.8758,-8.6371,-12.657,-7.3388,0.35898,-11.537,5.4901,-6.6225,1.9323,-5.6989,-13.748,-1.1438,5.5143,-9.2704,3.7638,2.8393,-8.2439,-3.5312,-11.119,7.664,-10.005,4.2185,7.5429,-0.3841,13.095,0,4.4535,11.816,-7.1889,-15.751,19.978,-1.3797,6.5963,-2.3159,10.855,1.0321,-3.8562,5.382,3.3726,7.4623,2.7671,12.69,4.9684,-0.9008,24.602,-11.963,15.322,7.9433,-9.0037,-2.242,10.609,-4.5662,-10.346,3.7892,-6.8133,6.2855,-7.2399,-9.5064,13.986,12.064,5.9988,-4.8586,5.5953,-9.8253,-10.291,-7.0544,-0.88966,15.825,-11.306,-20.097,2.0638,-12.273,16.05,-2.8817,10.122,0.14251,20.306,0.17226,-10.619,17.516,4.4535,0,4.1431,-2.4309,-17.078,-1.0251,-8.3725,17.322,-2.1937,4.4288,-6.6798,-11.11,-0.974,-1.0253,3.8127,5.5279,-3.9771,-19.152,3.4444,11.043,-25.512,17.807,-2.3406,1.6565,-2.4637,7.0549,-0.97566,-7.3109,0.24735,-0.97895,-1.9395,-12.016,-0.45325,7.1193,6.1755,2.1404,4.979,-4.6756,-5.9821,6.7296,-8.2499,4.6229,-6.8394,-25.426,-3.2675,12.841,-14.117,4.8094,-6.981,1.8967,-1.3012,1.721,-5.4932,11.459,13.443,11.816,4.1431,0,-9.5539,-2.9007,26.641,-11.806,-2.727,12.739,4.8226,-6.3565,7.5318,1.331,14.619,-5.3027,-5.005,-3.2118,5.7743,-4.535,-2.1398,2.8576,0.82155,2.2658,-11.212,4.3234,2.9161,-6.5378,-0.77393,1.3554,-0.79329,13.148,-5.5749,-6.077,-0.35311,-7.7642,3.7505,-0.036339,-14.548,-8.5827,-6.8453,-6.9191,-15.99,-0.076228,15.648,2.4666,5.6451,2.6002,5.5442,-7.2885,6.0432,21.836,3.2892,1.2538,-12.953,-0.41203,-7.1889,-2.4309,-9.5539,0,-2.4436,-7.4225,-0.1791,-1.9939,-14.828,-12.236,13.092,-12.319,-10.98,-0.34781,1.2692,-5.3051,-2.2652,-2.91,12.64,-13.303,10.173,-11.964,-3.3223,22.626,6.8034,-8.8678,10.412,19.037,-15.103,19.934,-18.27,8.7861,23.025,0.12419,-2.9597,2.7378,1.708,5.3264,6.0732,18.48,21.18,10.144,-16.211,4.4485,4.4634,-2.8731,9.4149,-7.7025,12.877,-21.662,0.45617,-16.981,-8.5315,17.417,-22.414,-15.751,-17.078,-2.9007,-2.4436,0,-4.1723,3.3459,-15.407,13.541,-4.033,-0.35801,20.262,-0.29022,0.75989,-13.049,-2.1449,-11.606,-25.67,0.2927,3.21,-15.406,12.354,-4.0279,-1.256,-0.69763,5.3469,0.54939,-5.2939,4.2676,-6.4593,2.313,-13.002,-4.6835,-2.2667,2.0158,-4.2616,10.928,-10.19,-2.3482,3.3599,-9.9065,1.8921,-6.7077,-14.69,4.9431,8.8381,-11.587,-1.4884,-8.5007,1.6238,-3.7136,0.023286,-2.1422,10.454,9.9829,19.978,-1.0251,26.641,-7.4225,-4.1723,0,-7.8607,-1.9102,7.7866,8.2654,-0.68289,6.2625,0.82228,13.99,-3.4364,-2.1972,-6.379,13.322,-14.237,-8.5955,11.27,-16.725,-18.277,-2.1029,-8.9668,-33.011,-8.0636,-0.033418,11.474,-4.4839,-7.6114,14.691,8.5224,-9.5771,-21.818,-19.384,-12.605,4.9857,28.262,5.383,6.0099,5.4655,6.671,15.109,2.3794,-2.6066,33.004,-20.07,-2.7458,-5.2843,-10.499,-16.826,22.303,-1.623,-11.892,-1.3797,-8.3725,-11.806,-0.1791,3.3459,-7.8607,0,-7.354,-7.5579,-8.5864,9.5096,-4.2165,18.963,-25.553,15.064,-1.8311,9.5816,2.4822,1.4513,5.4404,-0.38274,5.7467,15.531,-7.4774,4.6917,12.665,5.1815,-1.4741,2.0935,-9.9319,12.878,-4.9905,-19.142,0.082834,14.358,2.4785,5.0546,4.1152,-6.6448,-24.502,-3.3542,-4.672,15.013,-4.9091,-3.7914,-10.681,-12.216,7.486,4.281,7.5837,-3.1079,23.861,-1.5084,-12.108,8.4111,6.5963,17.322,-2.727,-1.9939,-15.407,-1.9102,-7.354,0,-5.0878,16.259,-4.3158,-9.0294,-6.5225,-0.02782,1.5409,18.199,-0.0051228,-13.589,19.793,-0.042352,-4.3315,3.1256,0.07433,18.742,6.9753,0.67446,12.829,9.8095,-12.593,10.741,-15.5,-1.6203,11.896,7.8626,8.4745,4.9588,6.2192,7.2718,-0.1579,15.363,11.179,17.632,-11.529,-14.296,-2.9775,0.98983,-5.1919,-0.76989,9.9069,-15.214,-4.3963,-5.2039,-14.277,28.26,-3.8272,-2.3159,-2.1937,12.739,-14.828,13.541,7.7866,-7.5579,-5.0878,0,6.7064,-8.1011,25.551,-0.10046,8.6234,-18.547,2.5335,1.4297,-10.696,8.6565,-2.2634,0.16905,3.1566,10.008,2.8237,8.5665,9.1927,16.923,5.7265,-2.3474,-5.6905,4.0298,-4.657,-9.6457,-5.1641,15.121,-0.95724,16.521,3.6433,-1.3374,-8.1142,2.1122,2.9924,2.1307,-10.702,4.4079,-12.461,-13.23,-1.1452,9.3201,-1.9505,-10.128,8.73,-6.9541,3.7364,2.5761,10.855,4.4288,4.8226,-12.236,-4.033,8.2654,-8.5864,16.259,6.7064,0,-6.1694,5.4264,-4.7973,6.9076,-6.648,19.996,-19.906,2.3247,-7.5692,-8.008,3.7237,-1.0571,-11.012,-12.665,5.6114,-8.6243,-5.2739,3.1118,11.675,-10.609,5.2305,-6.3514,-1.886,-6.0843,-19.568,-13.075,1.6,-10.29,4.8797,0.096578,-1.3288,-0.29082,3.8718,14.871,3.735,5.9071,8.8652,-9.5583,-9.4123,-4.9449,2.1463,-6.6215,10.079,-3.3326,-6.4535,1.0321,-6.6798,-6.3565,13.092,-0.35801,-0.68289,9.5096,-4.3158,-8.1011,-6.1694,0,-8.7049,0.56427,-7.8098,3.3253,1.6819,-1.1542,-13.937,16.748,-7.5989,2.1857,-4.5884,0.2819,30.74,5.0652,-1.261,15.423,12.336,-16.135,15.522,-15.268,4.2806,13.193,-0.30969,5.3805,4.024,7.8944,4.6406,2.8624,15.138,12.354,10.493,-20.585,-7.2169,6.0523,-3.371,-1.052,-4.8947,12.822,-14.029,-3.8388,-9.4921,-13.965,30.862,-8.6499,-3.8562,-11.11,7.5318,-12.319,20.262,6.2625,-4.2165,-9.0294,25.551,5.4264,-8.7049,0,-0.73319,9.8485,-16.544,-0.61559,-3.4722,6.7002,-13.007,1.9713,-0.94364,-5.5537,-21.339,-0.24631,-17.758,-20.495,-10.82,-7.4006,12.899,-5.1195,-12.746,10.453,9.8219,-2.2222,-10.895,-16.292,-15.83,8.609,22.045,9.757,2.1576,11.689,6.7278,-0.26676,-4.2838,2.5493,13.112,-12.7,-5.6931,-2.6854,-17.858,-13.052,18.979,3.3948,-1.7707,5.382,-0.974,1.331,-10.98,-0.29022,0.82228,18.963,-6.5225,-0.10046,-4.7973,0.56427,-0.73319,0,-15.178,15.33,-4.227,-0.11465,-23.481,11.613,2.2371,-9.1393,10.479,10.715,5.3354,6.369,19.588,8.1555,0.63028,-11.3,6.1723,5.4287,-11.367,-5.4616,2.3199,12.367,12.822,16.647,-10.456,-16.759,-0.76297,-6.7096,-6.3678,-16.489,-12.012,6.0243,3.6856,-20.134,10.056,1.0398,3.836,9.3151,7.1954,-19.909,7.0984,8.1019,3.3726,-1.0253,14.619,-0.34781,0.75989,13.99,-25.553,-0.02782,8.6234,6.9076,-7.8098,9.8485,-15.178,0,-15.093,-3.2687,-0.26052,14.164,-36.584,4.3967,-0.096755,-3.5082,-9.2982,-13.128,-21.507,-8.4574,-20.575,-17.322,21.761,-12.642,3.3672,6.7275,-3.8064,-5.908,-10.698,-12.365,-15.833,0.34599,9.3187,-5.1858,-8.8759,-4.5678,15.002,5.9721,-1.8221,1.2863,8.9181,-4.378,-12.537,11.56,-6.4979,-1.0251,30.748,-13.289,5.226,7.4623,3.8127,-5.3027,1.2692,-13.049,-3.4364,15.064,1.5409,-18.547,-6.648,3.3253,-16.544,15.33,-15.093,0,-4.9437,1.6401,-0.35303,7.5591,-4.7616,6.6497,-0.54995,7.6785,-0.73645,14.234,2.8664,14.699,11.467,-0.39161,-7.1217,3.157,-2.771,-6.7908,-2.9488,8.142,-3.2042,9.5301,7.9563,1.5624,-8.9923,8.5165,5.8901,9.6055,-1.2337,-0.55537,-14.858,-4.4336,-3.2082,11.514,-7.2004,-8.9534,6.7889,-2.7295,-1.2295,-4.2015,2.7671,5.5279,-5.005,-5.3051,-2.1449,-2.1972,-1.8311,18.199,2.5335,19.996,1.6819,-0.61559,-4.227,-3.2687,-4.9437,0
