0,-3.4542,-11.386,-3.3653,8.9043,0.85882,4.2616,1.1149,3.1536,-2.8763,-1.0265,-3.1303,6.8068,2.5687,0.090602,-6.3667,-8.8215,-6.8687,4.7023,2.6681,7.0249,-3.4542,0,0.56466,9.0651,-3.6792,-6.8169,3.5634,5.7599,-7.8232,-3.2503,-1.5275,-6.4466,-1.2117,2.2592,-1.7347,0.87395,3.6893,-3.3975,-0.16309,5.1063,1.0034,-11.386,0.56466,0,-1.2168,-8.3407,1.873,-3.1003,-6.189,-1.2488,6.5515,3.7427,5.9616,-6.0869,-3.2062,0.055297,4.4173,7.221,11.269,-5.5993,-2.8527,-12.32,-3.3653,9.0651,-1.2168,0,-2.8539,-11.186,1.5509,11.108,-11.112,-6.1945,-5.7213,-5.7571,-1.3212,1.0526,-0.12315,0.57297,1.4783,-5.7711,2.4866,4.8705,3.6793,8.9043,-3.6792,-8.3407,-2.8539,0,3.1512,3.1085,0.97028,4.7567,1.2058,0.11223,-2.4458,1.9642,-1.1656,-0.29507,-6.1354,-6.859,-4.366,4.1053,0.39982,6.0712,0.85882,-6.8169,1.873,-11.186,3.1512,0,-2.4385,-7.5733,11.061,6.7822,6.3706,6.0866,0.97508,-3.87,-1.6116,0.29781,0.046226,5.7527,-4.5122,-6.5503,-3.9417,4.2616,3.5634,-3.1003,1.5509,3.1085,-2.4385,0,0.13886,-4.4396,-1.2442,0.049864,-4.1649,-0.40396,3.0394,-2.9515,-2.9431,0.38866,-5.8715,0.25185,7.5555,3.5489,1.1149,5.7599,-6.189,11.108,0.97028,-7.5733,0.13886,0,-5.0135,-9.3799,-6.7224,-9.538,1.619,0.032169,1.4977,-0.079927,-2.2446,-8.9332,4.1186,3.5016,6.6596,3.1536,-7.8232,-1.2488,-11.112,4.7567,11.061,-4.4396,-5.0135,0,4.3441,4.6295,4.5054,2.9735,-1.9519,-0.35616,-0.9576,-2.1909,3.811,-1.4499,-6.1228,-0.79681,-2.8763,-3.2503,6.5515,-6.1945,1.2058,6.7822,-1.2442,-9.3799,4.3441,0,5.9233,6.9817,-4.4845,-3.8019,-0.12585,-2.3907,0.5064,8.7398,-2.3398,-5.4586,-6.541,-1.0265,-1.5275,3.7427,-5.7213,0.11223,6.3706,0.049864,-6.7224,4.6295,5.9233,0,3.4201,-1.045,-1.3246,-1.8971,1.8159,2.8003,4.8784,-3.9776,-3.1788,-3.4279,-3.1303,-6.4466,5.9616,-5.7571,-2.4458,6.0866,-4.1649,-9.538,4.5054,6.9817,3.4201,0,-1.853,-1.0847,-0.1619,-0.4737,1.9811,9.284,-2.2991,-5.3505,-5.7735,6.8068,-1.2117,-6.0869,-1.3212,1.9642,0.97508,-0.40396,1.619,2.9735,-4.4845,-1.045,-1.853,0,1.3617,1.3941,-2.3833,-5.5771,-3.4486,2.2269,-0.72111,4.1573,2.5687,2.2592,-3.2062,1.0526,-1.1656,-3.87,3.0394,0.032169,-1.9519,-3.8019,-1.3246,-1.0847,1.3617,0,-2.7726,-1.9389,-0.58058,-3.4127,2.1153,5.0383,2.8314,0.090602,-1.7347,0.055297,-0.12315,-0.29507,-1.6116,-2.9515,1.4977,-0.35616,-0.12585,-1.8971,-0.1619,1.3941,-2.7726,0,-0.4398,-3.0635,1.7805,4.5431,-3.4427,-0.54426,-6.3667,0.87395,4.4173,0.57297,-6.1354,0.29781,-2.9431,-0.079927,-0.9576,-2.3907,1.8159,-0.4737,-2.3833,-1.9389,-0.4398,0,6.9634,3.1783,-7.9235,-0.79255,-2.8985,-8.8215,3.6893,7.221,1.4783,-6.859,0.046226,0.38866,-2.2446,-2.1909,0.5064,2.8003,1.9811,-5.5771,-0.58058,-3.0635,6.9634,0,3.8217,-6.5959,0.88962,-4.1453,-6.8687,-3.3975,11.269,-5.7711,-4.366,5.7527,-5.8715,-8.9332,3.811,8.7398,4.8784,9.284,-3.4486,-3.4127,1.7805,3.1783,3.8217,0,-4.6695,-7.8152,-11.124,4.7023,-0.16309,-5.5993,2.4866,4.1053,-4.5122,0.25185,4.1186,-1.4499,-2.3398,-3.9776,-2.2991,2.2269,2.1153,4.5431,-7.9235,-6.5959,-4.6695,0,1.5246,5.8616,2.6681,5.1063,-2.8527,4.8705,0.39982,-6.5503,7.5555,3.5016,-6.1228,-5.4586,-3.1788,-5.3505,-0.72111,5.0383,-3.4427,-0.79255,0.88962,-7.8152,1.5246,0,4.2582,7.0249,1.0034,-12.32,3.6793,6.0712,-3.9417,3.5489,6.6596,-0.79681,-6.541,-3.4279,-5.7735,4.1573,2.8314,-0.54426,-2.8985,-4.1453,-11.124,5.8616,4.2582,0
