0,0.0010388,-0.71226,7.3457,-3.1052,-18.137,-14.85,-22.066,-1.9518,5.7111,-7.029,-2.0486,-10.418,-10.063,0.19498,-18.427,5.9591,0.0076932,-6.3449,-20.266,-19.851,-8.7915,-16.155,-3.0594,-7.1025,-1.3381,-7.1269,-15.315,13.001,-9.5303,19.624,-15.551,-14.961,3.4594,-11.784,-14.579,4.5573,-10.863,-5.3483,-2.0635,30.18,9.7811,-1.0759,-6.2014,1.852,2.8927,-0.95896,2.0677,12.203,3.5321,-0.15588,17.695,7.8292,4.6635,-4.3669,0.0010388,0,2.1919,0.84169,-6.5316,3.0646,-12.083,-8.5211,-14.64,-20.432,-6.8647,-13.293,0.029781,-15.847,5.7798,3.0066,-9.8024,16.941,6.316,0.094496,10.203,-3.3775,-7.8395,-3.8223,-1.7548,-11.14,28.749,-2.6057,2.3738,8.1982,1.929,4.2522,-10.571,4.2079,10.043,6.9339,-0.71961,11.572,7.6054,-24.932,-1.7566,10.107,-16.039,1.3393,-6.4857,-27.71,0.82541,-9.4048,17.098,-11.114,-0.20182,-2.8634,3.0133,3.9503,-4.7726,-0.71226,2.1919,0,21.12,-16.041,-4.4337,-6.6534,6.4803,4.8818,-0.46448,-1.4484,-17.434,-11.161,9.2089,-8.6245,7.9227,-3.117,-1.4377,2.7302,1.2434,-0.23587,-12.148,5.1984,-9.8786,-3.8326,-13.063,2.6775,-3.7874,-1.9182,-8.2222,-5.3232,-10.848,-8.7613,11.947,-1.7178,13.797,-23.655,-0.46644,10.453,-4.9596,-1.0377,10.142,-4.6144,-16.186,-7.6237,-8.5257,-7.3158,-3.1165,-3.0107,3.2415,16.663,5.2498,-7.4742,-15.885,9.8254,7.3457,0.84169,21.12,0,-28.939,-17.891,-15.455,-0.12393,1.7947,4.7079,2.2595,-12.056,-12.262,5.4857,-12.678,4.2847,3.8884,1.4371,-5.9942,-11.205,-3.9957,-27.598,1.3355,-17.736,-10.133,-10.711,-0.84005,-13.472,7.4591,-16.247,3.1747,-17.401,-8.3999,15.823,-10.067,5.2327,-13.688,-11.056,9.4674,-2.2278,5.522,14.96,-2.0506,-27.187,-5.1931,-1.6595,-6.901,-8.8212,-2.5343,7.2878,12.077,6.8731,-3.4979,-18.857,10.883,-3.1052,-6.5316,-16.041,-28.939,0,14.846,15.315,0.82845,3.2814,-1.3346,-5.7292,15.084,9.1,-2.4648,12.611,-7.7005,-4.2235,-6.1764,7.8674,10.013,-3.0553,28.819,-0.1051,26.899,13.856,9.4073,-4.7763,14.995,-6.6902,10.966,-0.28467,8.8415,6.9284,-18.856,7.2062,-9.3842,14.063,8.499,-15.746,6.9949,-2.3133,-18.796,2.1418,22.05,9.5678,5.3106,7.765,18.707,1.7524,-6.4935,-10.83,-2.6028,2.6639,16.554,-9.5039,-18.137,3.0646,-4.4337,-17.891,14.846,0,12.573,10.271,0.61103,-13.764,-5.0853,4.9932,13.033,0.75007,11.226,6.9248,-16.328,0.91832,19.817,25.62,10.754,21.576,8.3965,17.561,19.217,-1.0581,9.1741,29.606,-11.894,19.584,-8.3696,15.449,8.4107,-12.468,23.75,5.2443,4.2596,27.274,-3.6682,0.31659,-18.862,-15.651,-6.478,17.924,4.5263,-6.3777,7.5541,8.0549,-0.24614,-15.146,-5.9185,-13.704,-3.4026,5.6098,-3.4565,-14.85,-12.083,-6.6534,-15.455,15.315,12.573,0,12.02,6.7718,5.654,6.0607,8.6896,6.5551,9.4689,1.3777,0.78074,2.6203,-11.156,0.30487,15.658,3.7078,16.193,6.7138,7.9818,4.7272,16.441,-7.4684,11.56,-14.607,6.0614,-16.104,12.384,13.163,-7.3641,3.0159,1.6295,0.030997,3.5351,-3.0073,7.9997,-8.2947,-13.952,13.319,10.428,0.25892,7.3034,-1.5246,8.2305,-12.196,4.288,-2.0264,-3.9723,-4.0467,4.7252,-2.2553,-22.066,-8.5211,6.4803,-0.12393,0.82845,10.271,12.02,0,10.369,0.041717,6.9585,4.5645,6.3708,24.386,-4.8234,19.508,-4.4723,-5.3862,6.0247,14.27,7.9646,4.8565,34.381,3.3458,9.2202,-1.7352,-0.26762,14.838,-10.022,1.1324,-13.521,3.9329,16.414,-3.2395,5.3594,11.22,-6.8608,4.0453,2.1355,10.926,-21.591,-11.761,1.9009,-0.1827,2.5079,3.4138,1.737,1.7655,-22.029,-0.68343,3.3423,-12.731,-10.616,-13.786,11.91,-1.9518,-14.64,4.8818,1.7947,3.2814,0.61103,6.7718,10.369,0,4.7158,7.3528,5.7683,-9.1461,19.986,-13.528,3.9566,4.9123,-28.281,1.302,8.2542,-11.663,6.7266,9.8703,4.4868,4.9815,-0.81696,-12.608,4.5377,-14.181,-13.65,-6.2495,-11.578,4.5723,-10.382,-8.696,4.5625,-6.6505,-5.0352,-12.335,14.128,0.32655,-4.043,6.1843,-8.1744,-1.6443,7.9662,8.0863,4.1255,-8.6298,5.2566,13.308,2.1616,6.0443,-4.7043,17.007,5.7111,-20.432,-0.46448,4.7079,-1.3346,-13.764,5.654,0.041717,4.7158,0,8.2433,3.3785,-4.833,7.8655,-7.7009,-8.4159,20.479,-9.9902,-20.008,-9.0499,-9.1436,-6.4189,-1.6876,-7.2651,-11.44,15.896,-26.83,-9.718,3.5497,-11.239,-0.8701,-4.7732,2.1817,6.9821,-18.263,-7.6145,-2.9331,-22.365,1.3387,9.1424,9.5732,1.1079,23.96,-5.8258,-0.49584,19.585,-11.772,2.3363,-11.862,25.779,1.7402,10.836,-3.6296,-3.1465,0.13491,-7.029,-6.8647,-1.4484,2.2595,-5.7292,-5.0853,6.0607,6.9585,7.3528,8.2433,0,3.3838,-3.5392,12.197,-21.293,8.5982,17.715,-7.9019,-15.156,0.69535,2.845,-1.5216,5.7521,-10.137,-8.6685,7.6327,-6.1658,-4.8219,-6.898,-10.624,-10.49,0.12469,10.478,0.12136,-12.194,7.831,-6.9879,-12.442,1.9592,6.6837,-2.2448,2.1577,16.171,-9.1491,-9.5127,8.9491,-0.081715,-14.804,-14.558,14.208,8.468,-3.9732,4.7884,-6.6987,13.534,-2.0486,-13.293,-17.434,-12.056,15.084,4.9932,8.6896,4.5645,5.7683,3.3785,3.3838,0,12.189,3.4482,3.2779,-0.69417,1.123,-4.4866,0.97093,1.0699,-3.5038,12.482,7.7101,15.057,12.357,6.9921,-8.328,10.905,0.53857,2.2446,5.291,3.5095,20.076,-17.827,0.22971,-12.04,18.086,-2.0637,-16.623,23.836,-3.9554,-22.801,4.1513,9.5874,17.105,19.271,12.972,7.6492,-6.762,-3.5735,-12.224,-9.5121,2.8719,2.6986,1.0275,-10.418,0.029781,-11.161,-12.262,9.1,13.033,6.5551,6.3708,-9.1461,-4.833,-3.5392,12.189,0,-2.8194,15.532,4.5328,-10.658,11.395,7.1134,3.2454,13.495,7.1735,8.1452,10.664,12.621,2.7079,6.5648,15.385,4.9571,20.841,2.3074,19.402,16.118,-4.8423,17.123,-5.527,14.999,9.8488,0.62477,5.2509,-16.17,-19.907,-4.3699,20.537,16.709,3.0044,3.2793,5.0964,-4.3964,-12.01,-25.206,-19.742,-10.13,0.73933,-7.3139,-10.063,-15.847,9.2089,5.4857,-2.4648,0.75007,9.4689,24.386,19.986,7.8655,12.197,3.4482,-2.8194,0,-14.705,12.096,4.4274,-14.37,-1.3916,7.7235,-1.0158,0.72721,20.463,-1.5397,2.2246,0.48398,-9.0691,5.0646,-10.101,-9.7374,-12.109,-4.7183,10.776,-1.3629,-5.5215,9.2932,-11.673,-5.5026,-0.13552,14.328,-7.6134,-5.1707,8.4836,-8.7008,-1.514,8.6779,-0.021929,0.23833,-25.404,8.2004,10.752,-3.2032,-5.1847,-15.712,18.744,0.19498,5.7798,-8.6245,-12.678,12.611,11.226,1.3777,-4.8234,-13.528,-7.7009,-21.293,3.2779,15.532,-14.705,0,-7.3971,-15.725,11.706,11.897,1.4945,4.5895,7.0669,-4.3014,13.793,10.363,0.66189,7.3867,9.5179,6.4677,26.021,7.2649,12.208,-0.85585,-2.946,19.205,-10.49,15.489,15.605,-1.2705,-4.3161,-3.4509,-9.4586,-9.8755,25.836,13.1,-4.7891,0.31006,13.48,9.3176,-15.509,-22.225,-3.4281,-6.5407,11.274,-22.964,-18.427,3.0066,7.9227,4.2847,-7.7005,6.9248,0.78074,19.508,3.9566,-8.4159,8.5982,-0.69417,4.5328,12.096,-7.3971,0,-6.191,2.7919,5.8006,9.0936,14.088,-0.4834,21.711,-2.4481,5.6544,-10.272,10.171,8.3254,-6.192,0.39217,-9.1029,2.7012,10.698,-0.9103,6.2544,18.994,-7.6324,5.0243,5.7975,2.7551,-21.932,-3.0578,-5.1983,-4.6402,-1.8651,-4.1145,5.1923,-9.88,-10.527,-4.8791,5.3713,-18.857,-4.615,-16.761,16.783,5.9591,-9.8024,-3.117,3.8884,-4.2235,-16.328,2.6203,-4.4723,4.9123,20.479,17.715,1.123,-10.658,4.4274,-15.725,-6.191,0,-10.652,-33.71,-8.4066,-7.8587,-5.4338,-6.1826,-12.276,-18.926,14.511,-16.842,-16.468,-0.68634,-16.192,-2.834,-5.4574,0.197,4.206,-29.272,-2.3731,-4.5294,-26.537,-0.089772,3.9575,12.638,7.8474,25.859,-10.135,-9.4895,12.653,-6.1456,-7.5885,-6.1923,29.688,7.1756,9.9056,7.3002,0.31471,3.7853,0.0076932,16.941,-1.4377,1.4371,-6.1764,0.91832,-11.156,-5.3862,-28.281,-9.9902,-7.9019,-4.4866,11.395,-14.37,11.706,2.7919,-10.652,0,3.5754,-7.1441,13.785,-7.6954,-2.7723,-2.934,0.20644,-7.0206,19.342,-0.77279,15.531,12.51,8.5112,8.2742,-1.9596,7.9067,12.137,-1.7754,6.5462,7.1971,11.075,-10.348,-5.1198,2.0038,-13.857,5.6446,5.0265,-9.405,-2.509,-5.6121,7.1024,-11.344,-12.337,-7.9797,-7.0172,-1.3753,-8.3268,-6.3449,6.316,2.7302,-5.9942,7.8674,19.817,0.30487,6.0247,1.302,-20.008,-15.156,0.97093,7.1134,-1.3916,11.897,5.8006,-33.71,3.5754,0,13.469,3.707,10.715,7.3299,17.455,24.952,-13.538,11.688,20.834,-4.7272,12.151,0.70443,3.0002,0.4098,-9.8271,22.038,3.325,3.6563,26.163,-5.2332,-1.1526,-11.397,-9.6202,-20.354,9.2907,8.1371,-10.662,10.426,10.198,5.7861,-26.337,-3.634,-8.4113,-3.0348,1.4627,-0.99929,-20.266,0.094496,1.2434,-11.205,10.013,25.62,15.658,14.27,8.2542,-9.0499,0.69535,1.0699,3.2454,7.7235,1.4945,9.0936,-8.4066,-7.1441,13.469,0,7.0576,18.792,9.6063,10.382,11.655,-0.49745,4.5748,18.865,-26.624,8.0042,-18.239,8.4953,6.2336,-10.704,11.402,12.84,-4.5349,16.335,-3.1108,0.56894,-14.825,-9.056,-1.198,7.2041,-3.2161,-6.1929,5.5156,4.9718,-3.6148,-6.0874,4.0817,-7.9095,-0.84551,2.7527,2.8707,-19.851,10.203,-0.23587,-3.9957,-3.0553,10.754,3.7078,7.9646,-11.663,-9.1436,2.845,-3.5038,13.495,-1.0158,4.5895,14.088,-7.8587,13.785,3.707,7.0576,0,0.34554,6.3911,-2.8285,1.3989,-1.0411,17.857,6.5123,-1.437,14.959,-9.1403,20.707,7.4599,4.4157,15.274,10.753,-1.6487,11.326,14.75,-6.8837,-20.589,-2.6989,-4.0869,6.8972,-2.1218,-8.8328,-3.453,-8.0772,-4.1203,-6.1405,-4.9947,-17.042,-9.7637,-3.6408,-2.0713,-8.7915,-3.3775,-12.148,-27.598,28.819,21.576,16.193,4.8565,6.7266,-6.4189,-1.5216,12.482,7.1735,0.72721,7.0669,-0.4834,-5.4338,-7.6954,10.715,18.792,0.34554,0,3.6111,23.767,15.99,5.226,-0.67775,19.242,-14.728,9.6903,-5.435,9.0623,8.7507,-26.155,8.6457,-1.0733,8.4861,11.863,-15.453,5.7898,-6.9292,-16.624,0.53422,16.206,4.4403,1.4407,12.682,10.71,0.81498,-8.2636,-4.8352,-6.8899,5.7182,12.932,-2.9438,-16.155,-7.8395,5.1984,1.3355,-0.1051,8.3965,6.7138,34.381,9.8703,-1.6876,5.7521,7.7101,8.1452,20.463,-4.3014,21.711,-6.1826,-2.7723,7.3299,9.6063,6.3911,3.6111,0,4.7719,12.508,-5.4252,0.72116,15.387,-5.3576,0.20702,-6.4209,1.4283,18.552,-5.1727,5.3411,7.7929,-2.8697,3.0709,-0.43457,14.379,-21.014,-13.394,-1.6627,-0.82904,6.9331,4.877,6.1052,1.1383,-18.811,-3.9865,0.97323,-16.539,-8.738,-16.746,14.574,-3.0594,-3.8223,-9.8786,-17.736,26.899,17.561,7.9818,3.3458,4.4868,-7.2651,-10.137,15.057,10.664,-1.5397,13.793,-2.4481,-12.276,-2.934,17.455,10.382,-2.8285,23.767,4.7719,0,28.64,-0.27055,-0.25474,22.86,-4.4838,10.948,3.5776,4.8335,6.941,-23.051,11.743,-7.5695,14.884,12.704,-18.096,8.3422,-5.8169,-22.237,-6.1661,17.916,15.639,2.4271,14.483,19.552,2.9924,-15.385,-10.714,-6.651,1.5205,9.1872,-4.7531,-7.1025,-1.7548,-3.8326,-10.133,13.856,19.217,4.7272,9.2202,4.9815,-11.44,-8.6685,12.357,12.621,2.2246,10.363,5.6544,-18.926,0.20644,24.952,11.655,1.3989,15.99,12.508,28.64,0,-7.0388,4.3492,31.716,-3.8104,10.173,2.6903,3.7523,9.533,-18.385,15.621,-2.0328,10.196,15.024,-12.057,9.0094,-12.836,-22.193,-11.476,12.155,16.685,0.064454,16.642,12.921,-0.14369,-21.151,-8.3152,-13.219,-1.9309,0.91582,1.0276,-1.3381,-11.14,-13.063,-10.711,9.4073,-1.0581,16.441,-1.7352,-0.81696,15.896,7.6327,6.9921,2.7079,0.48398,0.66189,-10.272,14.511,-7.0206,-13.538,-0.49745,-1.0411,5.226,-5.4252,-0.27055,-7.0388,0,-13.424,-2.6654,-2.4633,1.5531,-5.7055,9.0291,5.9485,-0.16693,-6.199,-7.4742,3.6685,-6.9734,-0.79198,4.2711,4.1329,-4.115,25.44,7.0713,-1.5952,12.537,-7.9056,3.3969,-6.5055,13.359,-5.0416,4.267,-0.19215,9.38,-8.8343,-7.1269,28.749,2.6775,-0.84005,-4.7763,9.1741,-7.4684,-0.26762,-12.608,-26.83,-6.1658,-8.328,6.5648,-9.0691,7.3867,10.171,-16.842,19.342,11.688,4.5748,17.857,-0.67775,0.72116,-0.25474,4.3492,-13.424,0,4.6844,0.99915,12.935,-0.41541,8.3168,-2.7268,1.8604,18.333,9.5018,0.091478,17.651,8.2236,-14.612,-10.974,2.6342,-19.756,4.2864,-1.8157,-23.065,2.9877,-7.4164,8.7707,-16.983,-2.8116,-11.228,-2.1506,-0.49266,-2.1576,-15.315,-2.6057,-3.7874,-13.472,14.995,29.606,11.56,14.838,4.5377,-9.718,-4.8219,10.905,15.385,5.0646,9.5179,8.3254,-16.468,-0.77279,20.834,18.865,6.5123,19.242,15.387,22.86,31.716,-2.6654,4.6844,0,-8.2159,13.653,-4.2121,9.6854,13.482,-15.367,18.609,1.8353,6.5174,17.685,-7.1698,7.9835,-20.073,-25.749,-6.6227,14.842,11.582,-0.32649,10.846,11.442,-4.3823,-15.526,-7.4359,-16.153,-5.1813,0.75089,0.35976,13.001,2.3738,-1.9182,7.4591,-6.6902,-11.894,-14.607,-10.022,-14.181,3.5497,-6.898,0.53857,4.9571,-10.101,6.4677,-6.192,-0.68634,15.531,-4.7272,-26.624,-1.437,-14.728,-5.3576,-4.4838,-3.8104,-2.4633,0.99915,-8.2159,0,0.52679,22.197,-2.676,-3.304,9.6068,-1.302,-14.416,9.1052,-6.3366,4.6535,-0.7577,6.1672,2.6719,-5.0935,-0.30921,10.539,3.4188,-4.5168,-0.83166,3.9251,-1.7097,-11.964,1.6637,-5.4988,-3.3857,-6.7346,-9.5303,8.1982,-8.2222,-16.247,10.966,19.584,6.0614,1.1324,-13.65,-11.239,-10.624,2.2446,20.841,-9.7374,26.021,0.39217,-16.192,12.51,12.151,8.0042,14.959,9.6903,0.20702,10.948,10.173,1.5531,12.935,13.653,0.52679,0,-1.0673,25.008,4.0519,-3.1278,29.643,-1.8502,9.9901,22.614,2.8196,-5.6933,-12.072,-10.59,-8.0089,28.708,7.3148,-7.6068,0.18846,6.722,4.4225,-15.3,-17.292,-10.538,-7.9264,8.6423,-15.956,19.624,1.929,-5.3232,3.1747,-0.28467,-8.3696,-16.104,-13.521,-6.2495,-0.8701,-10.49,5.291,2.3074,-12.109,7.2649,-9.1029,-2.834,8.5112,0.70443,-18.239,-9.1403,-5.435,-6.4209,3.5776,2.6903,-5.7055,-0.41541,-4.2121,22.197,-1.0673,0,-7.5949,-4.4805,-1.1439,-1.5838,-19.436,15.55,-3.9899,-6.8304,2.1583,9.4881,0.017225,-9.0177,0.95526,14.062,3.6637,5.7111,3.387,10.323,-6.9704,-10.729,2.4163,3.4719,1.958,-4.7179,-15.551,4.2522,-10.848,-17.401,8.8415,15.449,12.384,3.9329,-11.578,-4.7732,0.12469,3.5095,19.402,-4.7183,12.208,2.7012,-5.4574,8.2742,3.0002,8.4953,20.707,9.0623,1.4283,4.8335,3.7523,9.0291,8.3168,9.6854,-2.676,25.008,-7.5949,0,9.5256,-1.5023,15.52,1.0876,6.2904,12.144,5.7375,-3.5408,-13.534,-9.4407,1.1726,20.842,1.9791,-2.8506,-2.8228,0.88682,-2.2789,-5.406,-13.023,-12.139,-7.11,6.9435,-11.561,-14.961,-10.571,-8.7613,-8.3999,6.9284,8.4107,13.163,16.414,4.5723,2.1817,10.478,20.076,16.118,10.776,-0.85585,10.698,0.197,-1.9596,0.4098,6.2336,7.4599,8.7507,18.552,6.941,9.533,5.9485,-2.7268,13.482,-3.304,4.0519,-4.4805,9.5256,0,-9.3412,3.5425,-0.28471,6.5033,0.13725,-3.7754,18.474,-16.052,-20.673,5.4793,6.8243,9.3416,13.012,6.8753,0.67994,-18.175,-1.6331,-7.5904,-20.019,-4.1709,-5.2573,5.7899,3.4594,4.2079,11.947,15.823,-18.856,-12.468,-7.3641,-3.2395,-10.382,6.9821,0.12136,-17.827,-4.8423,-1.3629,-2.946,-0.9103,4.206,7.9067,-9.8271,-10.704,4.4157,-26.155,-5.1727,-23.051,-18.385,-0.16693,1.8604,-15.367,9.6068,-3.1278,-1.1439,-1.5023,-9.3412,0,-4.0294,3.3015,-11.4,-6.3424,27.718,-10.681,4.148,15.042,2.1359,-8.9275,-7.5544,-4.5305,-26.877,-7.5075,-1.6924,9.8515,3.7303,7.8918,-11.422,-8.3035,-2.9337,-11.784,10.043,-1.7178,-10.067,7.2062,23.75,3.0159,5.3594,-8.696,-18.263,-12.194,0.22971,17.123,-5.5215,19.205,6.2544,-29.272,12.137,22.038,11.402,15.274,8.6457,5.3411,11.743,15.621,-6.199,18.333,18.609,-1.302,29.643,-1.5838,15.52,3.5425,-4.0294,0,2.9639,5.8541,34.396,2.6341,-5.1383,-17.486,-10.254,-15.265,17.537,7.4606,-11.69,3.457,6.0292,3.904,-23.105,-10.87,-13.677,-8.7385,2.919,-7.7694,-14.579,6.9339,13.797,5.2327,-9.3842,5.2443,1.6295,11.22,4.5625,-7.6145,7.831,-12.04,-5.527,9.2932,-10.49,18.994,-2.3731,-1.7754,3.325,12.84,10.753,-1.0733,7.7929,-7.5695,-2.0328,-7.4742,9.5018,1.8353,-14.416,-1.8502,-19.436,1.0876,-0.28471,3.3015,2.9639,0,-21.007,5.6176,9.351,-6.8339,-10.438,6.2864,-1.8519,-8.204,-16.089,-12.338,-1.2035,-11.283,-4.5015,0.83581,16.777,-4.941,-1.1372,-8.5292,12.011,4.5573,-0.71961,-23.655,-13.688,14.063,4.2596,0.030997,-6.8608,-6.6505,-2.9331,-6.9879,18.086,14.999,-11.673,15.489,-7.6324,-4.5294,6.5462,3.6563,-4.5349,-1.6487,8.4861,-2.8697,14.884,10.196,3.6685,0.091478,6.5174,9.1052,9.9901,15.55,6.2904,6.5033,-11.4,5.8541,-21.007,0,3.107,-11.806,6.1292,0.38297,-12.926,-4.1093,16.914,19.594,6.8343,10.118,7.7943,5.9379,-11.014,-26.641,-6.3692,3.351,10.513,-10.328,-10.863,11.572,-0.46644,-11.056,8.499,27.274,3.5351,4.0453,-5.0352,-22.365,-12.442,-2.0637,9.8488,-5.5026,15.605,5.0243,-26.537,7.1971,26.163,16.335,11.326,11.863,3.0709,12.704,15.024,-6.9734,17.651,17.685,-6.3366,22.614,-3.9899,12.144,0.13725,-6.3424,34.396,5.6176,3.107,0,0.1943,-7.5228,-13.626,-7.358,-15.064,14.93,3.0435,-15.978,5.0303,6.3217,7.0095,-21.724,-5.5451,-9.4837,-3.998,5.9857,-6.6534,-5.3483,7.6054,10.453,9.4674,-15.746,-3.6682,-3.0073,2.1355,-12.335,1.3387,1.9592,-16.623,0.62477,-0.13552,-1.2705,5.7975,-0.089772,11.075,-5.2332,-3.1108,14.75,-15.453,-0.43457,-18.096,-12.057,-0.79198,8.2236,-7.1698,4.6535,2.8196,-6.8304,5.7375,-3.7754,27.718,2.6341,9.351,-11.806,0.1943,0,-12.162,-4.3892,9.747,0.26832,-4.3451,-8.36,-8.318,-20.752,-9.9073,-3.9265,5.1376,2.3524,-0.11453,-14.478,-8.8441,-2.257,-2.0635,-24.932,-4.9596,-2.2278,6.9949,0.31659,7.9997,10.926,14.128,9.1424,6.6837,23.836,5.2509,14.328,-4.3161,2.7551,3.9575,-10.348,-1.1526,0.56894,-6.8837,5.7898,14.379,8.3422,9.0094,4.2711,-14.612,7.9835,-0.7577,-5.6933,2.1583,-3.5408,18.474,-10.681,-5.1383,-6.8339,6.1292,-7.5228,-12.162,0,-3.4585,-16.534,6.9952,0.37138,13.056,25.791,8.2731,6.9367,-15.442,2.274,-3.3496,-5.7104,-0.77229,-6.2068,8.8874,30.18,-1.7566,-1.0377,5.522,-2.3133,-18.862,-8.2947,-21.591,0.32655,9.5732,-2.2448,-3.9554,-16.17,-7.6134,-3.4509,-21.932,12.638,-5.1198,-11.397,-14.825,-20.589,-6.9292,-21.014,-5.8169,-12.836,4.1329,-10.974,-20.073,6.1672,-12.072,9.4881,-13.534,-16.052,4.148,-17.486,-10.438,0.38297,-13.626,-4.3892,-3.4585,0,13.032,5.466,-7.4916,-4.5244,3.3649,-4.1461,0.60363,9.9352,10.145,4.0991,27.092,10.341,7.4955,-4.3984,9.7811,10.107,10.142,14.96,-18.796,-15.651,-13.952,-11.761,-4.043,1.1079,2.1577,-22.801,-19.907,-5.1707,-9.4586,-3.0578,7.8474,2.0038,-9.6202,-9.056,-2.6989,-16.624,-13.394,-22.237,-22.193,-4.115,2.6342,-25.749,2.6719,-10.59,0.017225,-9.4407,-20.673,15.042,-10.254,6.2864,-12.926,-7.358,9.747,-16.534,13.032,0,0.27698,-16.692,-19.377,-9.4928,-8.9319,-13.933,8.2036,8.882,13.766,13.659,5.5725,-1.3444,1.6745,-1.0759,-16.039,-4.6144,-2.0506,2.1418,-6.478,13.319,1.9009,6.1843,23.96,16.171,4.1513,-4.3699,8.4836,-9.8755,-5.1983,25.859,-13.857,-20.354,-1.198,-4.0869,0.53422,-1.6627,-6.1661,-11.476,25.44,-19.756,-6.6227,-5.0935,-8.0089,-9.0177,1.1726,5.4793,2.1359,-15.265,-1.8519,-4.1093,-15.064,0.26832,6.9952,5.466,0.27698,0,-2.9145,-6.4951,15.235,-8.4101,-1.1759,-12.394,26.835,3.9124,6.5493,1.1271,1.4616,0.85507,-6.2014,1.3393,-16.186,-27.187,22.05,17.924,10.428,-0.1827,-8.1744,-5.8258,-9.1491,9.5874,20.537,-8.7008,25.836,-4.6402,-10.135,5.6446,9.2907,7.2041,6.8972,16.206,-0.82904,17.916,12.155,7.0713,4.2864,14.842,-0.30921,28.708,0.95526,20.842,6.8243,-8.9275,17.537,-8.204,16.914,14.93,-4.3451,0.37138,-7.4916,-16.692,-2.9145,0,11.178,-0.3174,3.0595,12.243,3.4215,-11.839,-21.901,-7.9474,-3.9052,14.016,-17.537,1.852,-6.4857,-7.6237,-5.1931,9.5678,4.5263,0.25892,2.5079,-1.6443,-0.49584,-9.5127,17.105,16.709,-1.514,13.1,-1.8651,-9.4895,5.0265,8.1371,-3.2161,-2.1218,4.4403,6.9331,15.639,16.685,-1.5952,-1.8157,11.582,10.539,7.3148,14.062,1.9791,9.3416,-7.5544,7.4606,-16.089,19.594,3.0435,-8.36,13.056,-4.5244,-19.377,-6.4951,11.178,0,9.132,7.37,13.709,-1.7699,-11.339,-20.213,-7.8244,-6.4006,-0.86702,-4.1914,2.8927,-27.71,-8.5257,-1.6595,5.3106,-6.3777,7.3034,3.4138,7.9662,19.585,8.9491,19.271,3.0044,8.6779,-4.7891,-4.1145,12.653,-9.405,-10.662,-6.1929,-8.8328,1.4407,4.877,2.4271,0.064454,12.537,-23.065,-0.32649,3.4188,-7.6068,3.6637,-2.8506,13.012,-4.5305,-11.69,-12.338,6.8343,-15.978,-8.318,25.791,3.3649,-9.4928,15.235,-0.3174,9.132,0,1.4202,4.5981,-13.525,9.7251,-4.7376,0.22276,0.068508,-2.6043,3.2986,-0.95896,0.82541,-7.3158,-6.901,7.765,7.5541,-1.5246,1.737,8.0863,-11.772,-0.081715,12.972,3.2793,-0.021929,0.31006,5.1923,-6.1456,-2.509,10.426,5.5156,-3.453,12.682,6.1052,14.483,16.642,-7.9056,2.9877,10.846,-4.5168,0.18846,5.7111,-2.8228,6.8753,-26.877,3.457,-1.2035,10.118,5.0303,-20.752,8.2731,-4.1461,-8.9319,-8.4101,3.0595,7.37,1.4202,0,1.2076,4.0017,-13.668,-1.9925,-10.387,13.346,2.6696,7.7509,2.0677,-9.4048,-3.1165,-8.8212,18.707,8.0549,8.2305,1.7655,4.1255,2.3363,-14.804,7.6492,5.0964,0.23833,13.48,-9.88,-7.5885,-5.6121,10.198,4.9718,-8.0772,10.71,1.1383,19.552,12.921,3.3969,-7.4164,11.442,-0.83166,6.722,3.387,0.88682,0.67994,-7.5075,6.0292,-11.283,7.7943,6.3217,-9.9073,6.9367,0.60363,-13.933,-1.1759,12.243,13.709,4.5981,1.2076,0,0.86587,-5.1063,-8.0781,3.7473,-5.5131,6.9525,-9.1359,12.203,17.098,-3.0107,-2.5343,1.7524,-0.24614,-12.196,-22.029,-8.6298,-11.862,-14.558,-6.762,-4.3964,-25.404,9.3176,-10.527,-6.1923,7.1024,5.7861,-3.6148,-4.1203,0.81498,-18.811,2.9924,-0.14369,-6.5055,8.7707,-4.3823,3.9251,4.4225,10.323,-2.2789,-18.175,-1.6924,3.904,-4.5015,5.9379,7.0095,-3.9265,-15.442,9.9352,8.2036,-12.394,3.4215,-1.7699,-13.525,4.0017,0.86587,0,-9.5477,-2.2148,6.7232,10.364,14.703,-10.258,3.5321,-11.114,3.2415,7.2878,-6.4935,-15.146,4.288,-0.68343,5.2566,25.779,14.208,-3.5735,-12.01,8.2004,-15.509,-4.8791,29.688,-11.344,-26.337,-6.0874,-6.1405,-8.2636,-3.9865,-15.385,-21.151,13.359,-16.983,-15.526,-1.7097,-15.3,-6.9704,-5.406,-1.6331,9.8515,-23.105,0.83581,-11.014,-21.724,5.1376,2.274,10.145,8.882,26.835,-11.839,-11.339,9.7251,-13.668,-5.1063,-9.5477,0,10.136,12.766,0.37565,-3.2178,3.4373,-0.15588,-0.20182,16.663,12.077,-10.83,-5.9185,-2.0264,3.3423,13.308,1.7402,8.468,-12.224,-25.206,10.752,-22.225,5.3713,7.1756,-12.337,-3.634,4.0817,-4.9947,-4.8352,0.97323,-10.714,-8.3152,-5.0416,-2.8116,-7.4359,-11.964,-17.292,-10.729,-13.023,-7.5904,3.7303,-10.87,16.777,-26.641,-5.5451,2.3524,-3.3496,4.0991,13.766,3.9124,-21.901,-20.213,-4.7376,-1.9925,-8.0781,-2.2148,10.136,0,8.2512,5.9039,-6.706,15.366,17.695,-2.8634,5.2498,6.8731,-2.6028,-13.704,-3.9723,-12.731,2.1616,10.836,-3.9732,-9.5121,-19.742,-3.2032,-3.4281,-18.857,9.9056,-7.9797,-8.4113,-7.9095,-17.042,-6.8899,-16.539,-6.651,-13.219,4.267,-11.228,-16.153,1.6637,-10.538,2.4163,-12.139,-20.019,7.8918,-13.677,-4.941,-6.3692,-9.4837,-0.11453,-5.7104,27.092,13.659,6.5493,-7.9474,-7.8244,0.22276,-10.387,3.7473,6.7232,12.766,8.2512,0,3.8708,5.4687,-4.8541,7.8292,3.0133,-7.4742,-3.4979,2.6639,-3.4026,-4.0467,-10.616,6.0443,-3.6296,4.7884,2.8719,-10.13,-5.1847,-6.5407,-4.615,7.3002,-7.0172,-3.0348,-0.84551,-9.7637,5.7182,-8.738,1.5205,-1.9309,-0.19215,-2.1506,-5.1813,-5.4988,-7.9264,3.4719,-7.11,-4.1709,-11.422,-8.7385,-1.1372,3.351,-3.998,-14.478,-0.77229,10.341,5.5725,1.1271,-3.9052,-6.4006,0.068508,13.346,-5.5131,10.364,0.37565,5.9039,3.8708,0,10.195,4.1207,4.6635,3.9503,-15.885,-18.857,16.554,5.6098,4.7252,-13.786,-4.7043,-3.1465,-6.6987,2.6986,0.73933,-15.712,11.274,-16.761,0.31471,-1.3753,1.4627,2.7527,-3.6408,12.932,-16.746,9.1872,0.91582,9.38,-0.49266,0.75089,-3.3857,8.6423,1.958,6.9435,-5.2573,-8.3035,2.919,-8.5292,10.513,5.9857,-8.8441,-6.2068,7.4955,-1.3444,1.4616,14.016,-0.86702,-2.6043,2.6696,6.9525,14.703,-3.2178,-6.706,5.4687,10.195,0,-17.309,-4.3669,-4.7726,9.8254,10.883,-9.5039,-3.4565,-2.2553,11.91,17.007,0.13491,13.534,1.0275,-7.3139,18.744,-22.964,16.783,3.7853,-8.3268,-0.99929,2.8707,-2.0713,-2.9438,14.574,-4.7531,1.0276,-8.8343,-2.1576,0.35976,-6.7346,-15.956,-4.7179,-11.561,5.7899,-2.9337,-7.7694,12.011,-10.328,-6.6534,-2.257,8.8874,-4.3984,1.6745,0.85507,-17.537,-4.1914,3.2986,7.7509,-9.1359,-10.258,3.4373,15.366,-4.8541,4.1207,-17.309,0
