0,-9.7627,-8.4851,7.2297,-7.3718,-21.079,1.8573,-0.93036,-1.7406,17.402,2.4197,-14.015,1.1176,2.6211,-4.6399,11.2,9.6711,-16.077,3.5409,-6.1389,-0.13133,18.785,-14.559,-4.1319,-12.379,-13.945,-27.065,-10.881,10.369,11.116,-19.498,-18.854,-2.3483,-2.3394,-14.613,17.29,-13.325,6.5453,-1.6816,24.293,5.8478,-4.7963,12.073,-10.479,9.9222,-3.1423,7.8316,10.101,2.8273,-8.593,9.3769,2.6493,-5.5173,-5.7798,10.899,-9.7627,0,6.6191,-6.0407,-4.1083,20.64,2.3047,0.214,-0.59056,-22.973,-7.0044,6.8647,-3.3022,1.9594,17.118,-3.4894,-18.283,32.529,-3.5381,13.784,2.7228,-4.847,-0.43357,-5.9541,2.792,-2.9793,19.367,11.372,-9.3896,-10.552,11.742,7.3009,1.1923,-12.886,10.408,-14.807,22.993,7.3704,-12.931,-12.024,5.6089,5.4091,-27.336,1.5068,9.1547,9.4098,-31.478,-44.615,-8.9541,4.5724,10.03,11.193,2.3444,-3.3981,-11.217,-8.4851,6.6191,0,-17.605,-8.5175,2.4591,16.201,24.756,8.9477,-12.16,-3.7884,8.3517,-15.749,20.607,17.218,4.1705,-13.514,5.7466,12.671,-0.15742,-5.3096,-0.64779,-2.2982,-3.4604,4.3183,15.532,6.4413,3.2435,-19.72,-16.265,4.9813,10.537,29.002,-9.664,-1.0643,-14.106,0.46953,4.0714,-1.7417,-17.073,2.8057,16.207,-7.9437,6.829,-1.2096,-2.5137,-8.4711,-5.3704,-8.885,-4.2339,-5.6643,-4.0714,11.014,-10.763,4.7495,7.2297,-6.0407,-17.605,0,3.1238,-3.4638,-20.213,-22.09,-29.086,6.8612,-9.5514,-9.3849,8.9639,-21.229,-10.81,-2.2922,17.032,-6.7403,-8.9248,-2.2378,-6.0968,-6.2033,2.5565,11.198,1.6048,-10.626,-7.3284,-14.595,19.331,17.087,3.6845,-8.6243,-20.513,14.986,8.1042,3.557,-2.9486,-7.3318,12.434,6.7639,7.3981,-0.99153,6.6499,-11.322,-5.6285,12.911,2.3625,2.456,2.4941,11.352,9.9233,8.6624,2.6704,4.6401,-9.8166,-7.3718,-4.1083,-8.5175,3.1238,0,2.1856,-5.886,-11.826,-2.2185,4.7339,4.7268,4.9593,0.96125,-12.722,-6.678,-24.076,8.4614,-2.0282,-1.7378,1.0416,-3.6075,-9.4311,6.0463,15.164,14.829,6.1114,5.7751,0.33642,6.2816,2.7404,1.8125,10.129,-12.006,8.1482,8.2096,1.1206,5.0512,-20.797,6.8268,1.7618,-20.786,-4.3828,2.3787,5.2134,-10.164,2.2999,8.2487,3.8796,8.6059,-0.46906,-6.9518,2.1355,-11.777,8.5286,-9.3709,-21.079,20.64,2.4591,-3.4638,2.1856,0,-4.6252,-4.0019,-1.1896,-20.291,-4.7554,6.8517,5.4049,-5.4928,4.5273,-8.6736,-15.025,35.076,-12.809,15.033,6.7234,-14.117,10.045,-2.9159,4.0661,0.18835,26.048,16.794,-8.9867,-6.5523,18.633,9.8601,-3.0968,-0.81213,15.295,-14.84,20.81,1.9593,-5.712,-16.268,0.92321,0.76136,-16.707,6.7356,-0.42296,6.0864,-16.701,-21.686,-2.5451,11.855,1.154,3.0492,3.2865,8.1337,-15.107,1.8573,2.3047,16.201,-20.213,-5.886,-4.6252,0,21.957,17.163,0.74703,2.7353,-0.77252,-12.398,29.011,10.324,2.572,-11.434,-0.38313,13.274,3.7366,-1.3156,9.3993,-16.64,-9.2653,-1.2945,5.9942,-2.0658,5.2445,-16.851,-6.0039,-8.7021,7.4262,18.671,-14.699,-11.701,-2.9936,-4.83,9.5563,-7.3445,-2.0398,-1.4977,7.1839,0.50169,10.801,6.2596,-10.573,-1.8493,0.5196,1.8786,-23.802,-2.8237,-2.7118,-3.2725,-8.3415,12.064,-0.93036,0.214,24.756,-22.09,-11.826,-4.0019,21.957,0,18.372,-3.6488,4.0661,3.8678,-10.953,36.854,9.6731,10.996,-11.123,-0.31115,13.689,-3.4725,0.84695,8.8259,-5.3381,-10.202,-4.3924,10.672,-1.215,4.1117,-16.598,-11.885,-4.9927,2.9171,49.208,-10.894,-12.649,-2.8749,-6.2012,9.158,-5.2599,-5.9856,0.73132,6.3752,-1.1139,6.2941,3.0942,-12.754,-0.8468,2.1508,-4.6837,-10.605,-8.4688,-11.141,5.3447,-9.5254,17.31,-1.7406,-0.59056,8.9477,-29.086,-2.2185,-1.1896,17.163,18.372,0,0.69418,17.876,4.2774,-3.2598,17.762,2.6742,4.4014,-10.838,0.9376,6.3883,0.096721,11.241,11.592,-3.0829,-14.219,-7.3502,6.5928,0.83491,14.009,-12.795,-9.2362,-11.287,2.8684,15.322,-10.394,-16.445,4.3262,-2.3379,8.412,-12.301,0.54521,-10.256,-5.9197,0.42862,10.801,6.4415,-25.082,4.77,4.4262,2.7468,-14.809,-12.687,-14.515,-7.3376,-0.68456,17.275,17.402,-22.973,-12.16,6.8612,4.7339,-20.291,0.74703,-3.6488,0.69418,0,6.5702,-14.826,5.0586,-2.2842,-16.498,0.24111,14.437,-25.342,0.91635,-4.5617,-0.62404,8.6732,-8.4035,1.9097,-5.1285,-5.1134,-24.488,-7.8862,9.3026,18.404,-19.637,-7.455,-5.9646,7.4023,-12.484,18.216,-19.068,-2.1138,5.9808,22.08,-4.7715,-7.6,30.942,0.056872,-1.5126,-8.8153,21.661,23.676,16.391,-10.955,-1.8699,-3.5563,-11.223,4.4689,9.4273,2.4197,-7.0044,-3.7884,-9.5514,4.7268,-4.7554,2.7353,4.0661,17.876,6.5702,0,5.6776,1.6789,3.8907,-4.891,3.6405,1.7333,-4.7439,3.247,-7.342,13.629,13.205,2.9041,-6.3687,-8.1832,1.9639,-1.7968,6.9177,2.4583,-4.7699,-15.537,-5.069,2.6922,-4.0915,-14.402,17.742,-1.2368,0.43787,-9.2502,10.785,-18.478,-20.758,3.2588,0.84206,5.8463,-17.752,15.229,10.742,2.7614,-8.4114,-11.834,-12.745,-14.486,1.8636,13.296,-14.015,6.8647,8.3517,-9.3849,4.9593,6.8517,-0.77252,3.8678,4.2774,-14.826,5.6776,0,-11.431,2.223,12.116,-1.5496,-2.3691,7.7135,8.4587,-7.1673,-1.2847,-3.1502,11.752,4.971,9.081,14.054,18.112,2.946,-0.95754,-28.403,7.3544,6.4473,6.1388,-6.9801,6.3212,-4.7773,14.734,-8.481,-3.7575,-8.7983,-9.7234,0.86967,-17.413,-2.8827,-0.92342,3.4711,-2.5855,-5.711,-16.008,4.0333,-7.293,-1.0737,1.9508,-7.7897,-3.4256,1.1176,-3.3022,-15.749,8.9639,0.96125,5.4049,-12.398,-10.953,-3.2598,5.0586,1.6789,-11.431,0,-13.087,-21.387,-0.9234,0.69626,1.4036,-31.463,6.6371,14.761,-3.1146,6.7914,-5.4875,-10.649,-12.317,-3.2949,6.487,3.2869,14.202,0.12424,-7.4294,-12.807,13.21,0.025482,5.889,-2.2306,4.1713,0.54597,4.5466,2.2486,-13.833,7.3568,2.2983,-1.4678,-3.928,3.0806,2.1679,11.798,8.6899,0.148,-5.3096,-2.128,25.567,-2.1063,2.6211,1.9594,20.607,-21.229,-12.722,-5.4928,29.011,36.854,17.762,-2.2842,3.8907,2.223,-13.087,0,12.419,10.913,-11.169,-0.44728,15.578,-1.9241,0.47031,12.877,-10.923,-11.898,-5.2691,6.3933,-2.4952,3.5596,-14.641,-10.674,-7.9773,1.8338,31.814,-16.703,-14.395,-1.4929,-5.2436,11.829,-8.6898,-2.7119,1.5361,6.1742,-1.7271,4.6231,7.9426,-11.015,-2.0836,0.77196,-4.6319,-15.148,-3.5469,-6.0873,1.9183,-12.866,17.169,-4.6399,17.118,17.218,-10.81,-6.678,4.5273,10.324,9.6731,2.6742,-16.498,-4.891,12.116,-21.387,12.419,0,2.2803,-10.513,10.404,12.645,1.1066,-6.1384,1.5727,-5.1848,-1.9083,5.8022,5.0962,10.669,1.3647,-8.0857,-19.657,5.3303,6.7305,11.72,-22.067,3.6476,-11.612,11.05,3.6955,-8.8792,-9.7643,3.7874,12.63,-20.54,-2.3915,8.2341,7.2116,-15.902,-15.047,-17.781,-2.7946,6.0125,8.925,4.6041,-20.516,-2.2694,11.2,-3.4894,4.1705,-2.2922,-24.076,-8.6736,2.572,10.996,4.4014,0.24111,3.6405,-1.5496,-0.9234,10.913,2.2803,0,-0.57518,-4.8736,5.0392,-11.418,5.3213,16.266,-1.9673,-11.444,-18.513,-4.1369,-9.8222,-3.906,0.90953,-3.6712,-7.6398,-19.079,11.217,-6.0292,-14.374,8.0014,-8.1271,12.095,-5.6475,4.7474,9.9417,-2.5032,1.1524,-10.888,9.2855,-6.2548,1.4635,4.225,-9.8216,-0.27026,1.505,-7.4667,7.6644,-9.6256,16.737,9.6711,-18.283,-13.514,17.032,8.4614,-15.025,-11.434,-11.123,-10.838,14.437,1.7333,-2.3691,0.69626,-11.169,-10.513,-0.57518,0,-20.651,2.9623,-15.245,-8.6014,0.74625,2.3582,16.516,3.5376,-1.0746,-11.266,-21.955,28.357,9.4081,-4.922,-8.5111,-10.57,11.377,0.11715,12.218,-7.6734,-15.847,13.736,13.385,-3.929,-4.0358,11.375,-12.19,-7.1245,4.2586,16.367,14.981,1.7421,1.8801,-0.18734,1.7986,-2.779,-0.83308,-0.41214,-16.077,32.529,5.7466,-6.7403,-2.0282,35.076,-0.38313,-0.31115,0.9376,-25.342,-4.7439,7.7135,1.4036,-0.44728,10.404,-4.8736,-20.651,0,-8.1341,14.885,6.6681,-8.3875,5.2857,-6.4515,2.1356,-0.93187,25.061,17.245,-11.311,-10.184,14.863,8.559,0.57293,-7.1949,11.477,-15.19,22.981,6.1255,-10.88,-15.56,3.1141,2.3891,-23.261,4.9513,4.8284,6.0216,-23.39,-30.535,-6.0942,8.051,4.1687,5.0278,3.2547,2.5087,-11.53,3.5409,-3.5381,12.671,-8.9248,-1.7378,-12.809,13.274,13.689,6.3883,0.91635,3.247,8.4587,-31.463,15.578,12.645,5.0392,2.9623,-8.1341,0,-12.601,-11.739,8.5321,-7.427,4.036,5.5242,12.13,-2.8092,-8.7585,-0.89749,-10.849,-6.4622,2.5304,14.841,-10.738,-6.6938,0.7527,-3.9533,-3.7463,0.36605,0.73547,-4.2073,8.4233,-1.0992,-3.2854,1.4155,-1.7662,3.8091,5.1744,-8.715,-12.537,-3.6432,-0.078401,0.37599,-23.761,9.1739,-6.1389,13.784,-0.15742,-2.2378,1.0416,15.033,3.7366,-3.4725,0.096721,-4.5617,-7.342,-7.1673,6.6371,-1.9241,1.1066,-11.418,-15.245,14.885,-12.601,0,4.6942,-7.276,-5.3406,-6.8235,0.98716,-6.4655,7.3226,14.822,-12.058,4.6286,5.6746,10.395,-4.7605,-1.724,6.2805,-10.767,7.0502,8.4137,-5.7239,-6.5423,3.5408,2.6361,-3.8453,14.274,2.8989,1.8129,-13.398,-13.641,9.4689,-0.73938,6.626,6.7881,-3.6869,10.065,-9.2565,-0.13133,2.7228,-5.3096,-6.0968,-3.6075,6.7234,-1.3156,0.84695,11.241,-0.62404,13.629,-1.2847,14.761,0.47031,-6.1384,5.3213,-8.6014,6.6681,-11.739,4.6942,0,7.2492,4.4439,-20.032,-19.023,-8.3474,1.6455,18.826,-3.3022,-0.80799,-5.7528,-7.3297,-0.6806,-2.7611,-8.2393,8.3492,2.8902,12.734,-15.864,4.3002,-2.8204,-20.917,-1.0199,3.0015,10.22,-12.659,1.2785,-0.72449,3.7633,0.81355,-2.9366,-9.7937,-6.6999,10.09,6.2497,18.785,-4.847,-0.64779,-6.2033,-9.4311,-14.117,9.3993,8.8259,11.592,8.6732,13.205,-3.1502,-3.1146,12.877,1.5727,16.266,0.74625,-8.3875,8.5321,-7.276,7.2492,0,-11.425,-12.992,-17.123,-6.6429,-12.483,-0.75352,2.3048,-1.3446,-27.062,-14.157,7.0693,-12.723,-27.739,17.747,-7.4289,11.588,-12.699,16.613,-0.56684,-8.5943,4.3948,-6.1604,18.417,-11.899,7.0943,7.8554,-1.5228,-14.373,2.0269,-3.956,-8.228,-9.1919,22.167,-14.559,-0.43357,-2.2982,2.5565,6.0463,10.045,-16.64,-5.3381,-3.0829,-8.4035,2.9041,11.752,6.7914,-10.923,-5.1848,-1.9673,2.3582,5.2857,-7.427,-5.3406,4.4439,-11.425,0,5.9594,3.3551,6.7033,10.728,2.8084,3.5808,-5.5918,12.312,0.3744,-3.5219,10.417,9.5597,-1.9238,7.1937,-9.9193,4.9181,-7.5757,-5.0322,-5.5728,-5.2451,-2.0512,-10.417,2.3584,1.7537,-0.85197,-5.0345,20.097,-10.192,-7.7623,6.7081,7.9904,-6.569,-4.1319,-5.9541,-3.4604,11.198,15.164,-2.9159,-9.2653,-10.202,-14.219,1.9097,-6.3687,4.971,-5.4875,-11.898,-1.9083,-11.444,16.516,-6.4515,4.036,-6.8235,-20.032,-12.992,5.9594,0,22.94,8.4669,1.889,-15.091,10.994,2.3504,7.9391,6.1512,-8.1135,11.028,13.65,-3.5364,1.0397,-35.181,20.44,-1.9167,-4.9955,6.7805,1.6771,-4.0843,-17.083,12.962,4.4936,3.3823,-1.0958,5.5892,-1.8831,6.4867,2.3499,-1.1271,-11.637,-12.379,2.792,4.3183,1.6048,14.829,4.0661,-1.2945,-4.3924,-7.3502,-5.1285,-8.1832,9.081,-10.649,-5.2691,5.8022,-18.513,3.5376,2.1356,5.5242,0.98716,-19.023,-17.123,3.3551,22.94,0,13.611,10.514,-5.013,0.089563,-3.7971,12.526,19.658,-2.702,3.5625,17.778,-13.316,7.089,-20.315,11.324,-10.297,-6.1595,12.946,-5.1004,3.5888,-13.659,12.408,-3.011,-4.2016,-1.7263,2.2292,-2.3724,8.4164,1.9201,-2.189,-14.88,-13.945,-2.9793,15.532,-10.626,6.1114,0.18835,5.9942,10.672,6.5928,-5.1134,1.9639,14.054,-12.317,6.3933,5.0962,-4.1369,-1.0746,-0.93187,12.13,-6.4655,-8.3474,-6.6429,6.7033,8.4669,13.611,0,7.1946,-0.36422,-7.494,-12.144,5.3271,14.666,12.337,1.3361,2.441,-8.0764,-0.42852,-11.281,7.7643,-12.503,-9.9588,8.7164,-2.0218,7.846,-13.907,-3.1347,3.2846,3.5206,-3.3885,-2.0075,-19.63,-8.5128,5.5266,-3.4765,1.7318,-27.065,19.367,6.4413,-7.3284,5.7751,26.048,-2.0658,-1.215,0.83491,-24.488,-1.7968,18.112,-3.2949,-2.4952,10.669,-9.8222,-11.266,25.061,-2.8092,7.3226,1.6455,-12.483,10.728,1.889,10.514,7.1946,0,11.957,-7.365,-15.459,17.474,14.083,0.40412,-4.6503,15.974,-15.047,28.446,-3.7091,-5.2989,-17.449,-4.6487,2.9541,-24.44,4.5827,-1.2152,7.3528,-13.256,-18.768,-7.7876,8.1543,-1.8952,3.8325,2.0801,1.1011,-13.963,-10.881,11.372,3.2435,-14.595,0.33642,16.794,5.2445,4.1117,14.009,-7.8862,6.9177,2.946,6.487,3.5596,1.3647,-3.906,-21.955,17.245,-8.7585,14.822,18.826,-0.75352,2.8084,-15.091,-5.013,-0.36422,11.957,0,-15.445,-5.9407,1.4511,6.9446,2.8786,-5.8906,-1.081,-3.9159,9.183,10.063,-15.032,-6.3296,-5.1194,-6.726,-7.1857,14.59,5.8502,-8.9345,-6.2416,-8.4921,4.4281,-1.4866,-4.6809,-5.7097,-5.6206,9.6328,0.088271,10.369,-9.3896,-19.72,19.331,6.2816,-8.9867,-16.851,-16.598,-12.795,9.3026,2.4583,-0.95754,3.2869,-14.641,-8.0857,0.90953,28.357,-11.311,-0.89749,-12.058,-3.3022,2.3048,3.5808,10.994,0.089563,-7.494,-7.365,-15.445,0,7.449,-3.8589,-13.492,-15.488,6.8694,1.7743,13.957,-1.189,-10.636,5.7159,15.726,-1.8905,-8.4669,4.8916,-19.951,-0.42283,7.5095,10.02,7.4915,-1.7796,5.3983,5.3505,5.6422,-4.4015,-1.1397,-3.2366,11.116,-10.552,-16.265,17.087,2.7404,-6.5523,-6.0039,-11.885,-9.2362,18.404,-4.7699,-28.403,14.202,-10.674,-19.657,-3.6712,9.4081,-10.184,-10.849,4.6286,-0.80799,-1.3446,-5.5918,2.3504,-3.7971,-12.144,-15.459,-5.9407,7.449,0,-5.0033,-5.6365,-14.499,14.553,-1.4939,6.5057,-12.007,-0.025885,9.1309,10.687,4.4664,-3.3986,20.066,1.0779,-4.154,-0.18987,6.6973,8.2227,18.817,-0.36588,5.3052,2.2371,-4.0314,11.933,-1.3366,-19.498,11.742,4.9813,3.6845,1.8125,18.633,-8.7021,-4.9927,-11.287,-19.637,-15.537,7.3544,0.12424,-7.9773,5.3303,-7.6398,-4.922,14.863,-6.4622,5.6746,-5.7528,-27.062,12.312,7.9391,12.526,5.3271,17.474,1.4511,-3.8589,-5.0033,0,10.075,-2.559,5.292,29.141,-23.166,12.44,-6.1309,6.3369,-23.482,5.7372,10.771,-12.918,1.1727,-9.8954,15.941,-15.205,-15.677,-7.273,19.967,1.5811,5.5643,14.678,2.676,-20.928,-18.854,7.3009,10.537,-8.6243,10.129,9.8601,7.4262,2.9171,2.8684,-7.455,-5.069,6.4473,-7.4294,1.8338,6.7305,-19.079,-8.5111,8.559,2.5304,10.395,-7.3297,-14.157,0.3744,6.1512,19.658,14.666,14.083,6.9446,-13.492,-5.6365,10.075,0,3.2613,-0.48931,10.271,-18.752,6.9001,-6.5061,3.4863,-16.378,-7.0206,11.677,-5.5882,18.243,-9.272,2.3459,-6.3857,-6.9863,3.5289,-2.9624,-6.201,2.4083,-0.11257,2.4377,-8.7614,-2.3483,1.1923,29.002,-20.513,-12.006,-3.0968,18.671,49.208,15.322,-5.9646,2.6922,6.1388,-12.807,31.814,11.72,11.217,-10.57,0.57293,14.841,-4.7605,-0.6806,7.0693,-3.5219,-8.1135,-2.702,12.337,0.40412,2.8786,-15.488,-14.499,-2.559,3.2613,0,-10.816,-9.7867,-4.4687,-4.6064,7.399,-4.3058,-7.9554,1.417,8.0242,-3.1354,4.576,2.1525,-9.6781,-2.0973,0.83947,-7.5967,-7.9566,-8.1729,-10.021,7.7215,-11.368,14.504,-2.3394,-12.886,-9.664,14.986,8.1482,-0.81213,-14.699,-10.894,-10.394,7.4023,-4.0915,-6.9801,13.21,-16.703,-22.067,-6.0292,11.377,-7.1949,-10.738,-1.724,-2.7611,-12.723,10.417,11.028,3.5625,1.3361,-4.6503,-5.8906,6.8694,14.553,5.292,-0.48931,-10.816,0,5.9851,0.97627,-7.6929,-11.142,22.408,-0.084765,-0.56607,-1.785,12.878,2.0584,-21.978,1.2335,8.6844,9.0524,10.247,10.236,-6.28,-5.3226,4.3998,16.309,-5.1672,-14.613,10.408,-1.0643,8.1042,8.2096,15.295,-11.701,-12.649,-16.445,-12.484,-14.402,6.3212,0.025482,-14.395,3.6476,-14.374,0.11715,11.477,-6.6938,6.2805,-8.2393,-27.739,9.5597,13.65,17.778,2.441,15.974,-1.081,1.7743,-1.4939,29.141,10.271,-9.7867,5.9851,0,-16.391,15.123,-11.065,7.126,-13.088,2.2152,8.1306,-11.151,-0.72873,-9.064,23.474,-11.733,-14.258,-4.4516,16.439,4.8071,12.137,6.5392,3.155,-39.645,17.29,-14.807,-14.106,3.557,1.1206,-14.84,-2.9936,-2.8749,4.3262,18.216,17.742,-4.7773,5.889,-1.4929,-11.612,8.0014,12.218,-15.19,0.7527,-10.767,8.3492,17.747,-1.9238,-3.5364,-13.316,-8.0764,-15.047,-3.9159,13.957,6.5057,-23.166,-18.752,-4.4687,0.97627,-16.391,0,-8.749,0.94992,-3.4492,32.125,-6.4209,-21.065,11.839,-8.1431,6.8044,-10.153,20.262,17.166,4.6364,-6.1617,-1.6801,-6.0663,-12.416,1.031,12.859,-13.325,22.993,0.46953,-2.9486,5.0512,20.81,-4.83,-6.2012,-2.3379,-19.068,-1.2368,14.734,-2.2306,-5.2436,11.05,-8.1271,-7.6734,22.981,-3.9533,7.0502,2.8902,-7.4289,7.1937,1.0397,7.089,-0.42852,28.446,9.183,-1.189,-12.007,12.44,6.9001,-4.6064,-7.6929,15.123,-8.749,0,-2.0756,-9.552,-8.2446,-2.9078,-0.63005,-28.528,-1.6815,5.0844,11.407,-14.059,-22.233,-9.45,8.0969,5.2339,10.238,-1.8753,-1.0164,-16.138,6.5453,7.3704,4.0714,-7.3318,-20.797,1.9593,9.5563,9.158,8.412,-2.1138,0.43787,-8.481,4.1713,11.829,3.6955,12.095,-15.847,6.1255,-3.7463,8.4137,12.734,11.588,-9.9193,-35.181,-20.315,-11.281,-3.7091,10.063,-10.636,-0.025885,-6.1309,-6.5061,7.399,-11.142,-11.065,0.94992,-2.0756,0,-16.46,1.2344,11.252,-2.0342,-1.6054,2.3642,17.481,-7.7717,-8.1094,-5.5363,0.22415,-4.9304,7.0123,-1.9877,0.47984,-1.1121,9.091,-1.6816,-12.931,-1.7417,12.434,6.8268,-5.712,-7.3445,-5.2599,-12.301,5.9808,-9.2502,-3.7575,0.54597,-8.6898,-8.8792,-5.6475,13.736,-10.88,0.36605,-5.7239,-15.864,-12.699,4.9181,20.44,11.324,7.7643,-5.2989,-15.032,5.7159,9.1309,6.3369,3.4863,-4.3058,22.408,7.126,-3.4492,-9.552,-16.46,0,-2.9776,0.86803,8.3118,10.775,0.41564,-29.094,5.2654,6.7765,8.8913,4.5318,5.7648,-5.1887,-1.2919,8.4923,3.9382,-4.7718,24.293,-12.024,-17.073,6.7639,1.7618,-16.268,-2.0398,-5.9856,0.54521,22.08,10.785,-8.7983,4.5466,-2.7119,-9.7643,4.7474,13.385,-15.56,0.73547,-6.5423,4.3002,16.613,-7.5757,-1.9167,-10.297,-12.503,-17.449,-6.3296,15.726,10.687,-23.482,-16.378,-7.9554,-0.084765,-13.088,32.125,-8.2446,1.2344,-2.9776,0,-3.814,-14.918,12.325,-8.6238,8.5396,-5.4556,15.075,13.347,6.4135,-8.3149,4.1853,0.61913,-15.312,-0.23457,8.6209,5.8478,5.6089,2.8057,7.3981,-20.786,0.92321,-1.4977,0.73132,-10.256,-4.7715,-18.478,-9.7234,2.2486,1.5361,3.7874,9.9417,-3.929,3.1141,-4.2073,3.5408,-2.8204,-0.56684,-5.0322,-4.9955,-6.1595,-9.9588,-4.6487,-5.1194,-1.8905,4.4664,5.7372,-7.0206,1.417,-0.56607,2.2152,-6.4209,-2.9078,11.252,0.86803,-3.814,0,9.4396,-1.8517,-6.4375,3.7372,8.0621,-13.207,-7.9352,-5.7677,7.2229,15.285,6.3095,15.61,-4.2081,-1.9921,-4.7963,5.4091,16.207,-0.99153,-4.3828,0.76136,7.1839,6.3752,-5.9197,-7.6,-20.758,0.86967,-13.833,6.1742,12.63,-2.5032,-4.0358,2.3891,8.4233,2.6361,-20.917,-8.5943,-5.5728,6.7805,12.946,8.7164,2.9541,-6.726,-8.4669,-3.3986,10.771,11.677,8.0242,-1.785,8.1306,-21.065,-0.63005,-2.0342,8.3118,-14.918,9.4396,0,-4.2504,2.9635,-6.7838,9.7109,-11.42,-7.035,-5.559,-0.016754,3.5105,7.3037,13.902,-9.42,-5.361,12.073,-27.336,-7.9437,6.6499,2.3787,-16.707,0.50169,-1.1139,0.42862,30.942,3.2588,-17.413,7.3568,-1.7271,-20.54,1.1524,11.375,-23.261,-1.0992,-3.8453,-1.0199,4.3948,-5.2451,1.6771,-5.1004,-2.0218,-24.44,-7.1857,4.8916,20.066,-12.918,-5.5882,-3.1354,12.878,-11.151,11.839,-28.528,-1.6054,10.775,12.325,-1.8517,-4.2504,0,3.411,-6.8336,-10.52,19.413,25.446,18.337,-7.2702,-5.3801,-8.2043,-4.2373,7.6303,9.9477,-10.479,1.5068,6.829,-11.322,5.2134,6.7356,10.801,6.2941,10.801,0.056872,0.84206,-2.8827,2.2983,4.6231,-2.3915,-10.888,-12.19,4.9513,-3.2854,14.274,3.0015,-6.1604,-2.0512,-4.0843,3.5888,7.846,4.5827,14.59,-19.951,1.0779,1.1727,18.243,4.576,2.0584,-0.72873,-8.1431,-1.6815,2.3642,0.41564,-8.6238,-6.4375,2.9635,3.411,0,-6.3191,-10.175,-0.79809,-0.27035,14.759,-7.3658,-10.444,-7.049,-3.3907,11.244,0.83337,9.9222,9.1547,-1.2096,-5.6285,-10.164,-0.42296,6.2596,3.0942,6.4415,-1.5126,5.8463,-0.92342,-1.4678,7.9426,8.2341,9.2855,-7.1245,4.8284,1.4155,2.8989,10.22,18.417,-10.417,-17.083,-13.659,-13.907,-1.2152,5.8502,-0.42283,-4.154,-9.8954,-9.272,2.1525,-21.978,-9.064,6.8044,5.0844,17.481,-29.094,8.5396,3.7372,-6.7838,-6.8336,-6.3191,0,-2.2317,-5.6185,-6.4242,-5.2488,-6.8419,12.081,5.4954,-7.9731,-8.0075,5.7818,-3.1423,9.4098,-2.5137,12.911,2.2999,6.0864,-10.573,-12.754,-25.082,-8.8153,-17.752,3.4711,-3.928,-11.015,7.2116,-6.2548,4.2586,6.0216,-1.7662,1.8129,-12.659,-11.899,2.3584,12.962,12.408,-3.1347,7.3528,-8.9345,7.5095,-0.18987,15.941,2.3459,-9.6781,1.2335,23.474,-10.153,11.407,-7.7717,5.2654,-5.4556,8.0621,9.7109,-10.52,-10.175,-2.2317,0,-12.274,-13.24,-9.5493,12.576,14.811,23.221,6.6631,-5.1356,-23.722,7.8316,-31.478,-8.4711,2.3625,8.2487,-16.701,-1.8493,-0.8468,4.77,21.661,15.229,-2.5855,3.0806,-2.0836,-15.902,1.4635,16.367,-23.39,3.8091,-13.398,1.2785,7.0943,1.7537,4.4936,-3.011,3.2846,-13.256,-6.2416,10.02,6.6973,-15.205,-6.3857,-2.0973,8.6844,-11.733,20.262,-14.059,-8.1094,6.7765,15.075,-13.207,-11.42,19.413,-0.79809,-5.6185,-12.274,0,37.655,9.08,-6.7649,-12.564,-11.95,-8.71,4.0644,11.601,10.101,-44.615,-5.3704,2.456,3.8796,-21.686,0.5196,2.1508,4.4262,23.676,10.742,-5.711,2.1679,0.77196,-15.047,4.225,14.981,-30.535,5.1744,-13.641,-0.72449,7.8554,-0.85197,3.3823,-4.2016,3.5206,-18.768,-8.4921,7.4915,8.2227,-15.677,-6.9863,0.83947,9.0524,-14.258,17.166,-22.233,-5.5363,8.8913,13.347,-7.9352,-7.035,25.446,-0.27035,-6.4242,-13.24,37.655,0,9.1818,-7.826,-11.662,-13.102,-4.7775,2.5483,14.951,2.8273,-8.9541,-8.885,2.4941,8.6059,-2.5451,1.8786,-4.6837,2.7468,16.391,2.7614,-16.008,11.798,-4.6319,-17.781,-9.8216,1.7421,-6.0942,-8.715,9.4689,3.7633,-1.5228,-5.0345,-1.0958,-1.7263,-3.3885,-7.7876,4.4281,-1.7796,18.817,-7.273,3.5289,-7.5967,10.247,-4.4516,4.6364,-9.45,0.22415,4.5318,6.4135,-5.7677,-5.559,18.337,14.759,-5.2488,-9.5493,9.08,9.1818,0,-7.5829,-4.3316,-4.2491,-11,18.625,1.8062,-8.593,4.5724,-4.2339,11.352,-0.46906,11.855,-23.802,-10.605,-14.809,-10.955,-8.4114,4.0333,8.6899,-15.148,-2.7946,-0.27026,1.8801,8.051,-12.537,-0.73938,0.81355,-14.373,20.097,5.5892,2.2292,-2.0075,8.1543,-1.4866,5.3983,-0.36588,19.967,-2.9624,-7.9566,10.236,16.439,-6.1617,8.0969,-4.9304,5.7648,-8.3149,7.2229,-0.016754,-7.2702,-7.3658,-6.8419,12.576,-6.7649,-7.826,-7.5829,0,2.5033,1.7439,13.299,5.6403,-13.805,9.3769,10.03,-5.6643,9.9233,-6.9518,1.154,-2.8237,-8.4688,-12.687,-1.8699,-11.834,-7.293,0.148,-3.5469,6.0125,1.505,-0.18734,4.1687,-3.6432,6.626,-2.9366,2.0269,-10.192,-1.8831,-2.3724,-19.63,-1.8952,-4.6809,5.3505,5.3052,1.5811,-6.201,-8.1729,-6.28,4.8071,-1.6801,5.2339,7.0123,-5.1887,4.1853,15.285,3.5105,-5.3801,-10.444,12.081,14.811,-12.564,-11.662,-4.3316,2.5033,0,24.345,-0.031513,-5.9383,-8.0883,2.6493,11.193,-4.0714,8.6624,2.1355,3.0492,-2.7118,-11.141,-14.515,-3.5563,-12.745,-1.0737,-5.3096,-6.0873,8.925,-7.4667,1.7986,5.0278,-0.078401,6.7881,-9.7937,-3.956,-7.7623,6.4867,8.4164,-8.5128,3.8325,-5.7097,5.6422,2.2371,5.5643,2.4083,-10.021,-5.3226,12.137,-6.0663,10.238,-1.9877,-1.2919,0.61913,6.3095,7.3037,-8.2043,-7.049,5.4954,23.221,-11.95,-13.102,-4.2491,1.7439,24.345,0,-2.2258,-6.6266,-16.001,-5.5173,2.3444,11.014,2.6704,-11.777,3.2865,-3.2725,5.3447,-7.3376,-11.223,-14.486,1.9508,-2.128,1.9183,4.6041,7.6644,-2.779,3.2547,0.37599,-3.6869,-6.6999,-8.228,6.7081,2.3499,1.9201,5.5266,2.0801,-5.6206,-4.4015,-4.0314,14.678,-0.11257,7.7215,4.3998,6.5392,-12.416,-1.8753,0.47984,8.4923,-15.312,15.61,13.902,-4.2373,-3.3907,-7.9731,6.6631,-8.71,-4.7775,-11,13.299,-0.031513,-2.2258,0,-4.0775,-2.3757,-5.7798,-3.3981,-10.763,4.6401,8.5286,8.1337,-8.3415,-9.5254,-0.68456,4.4689,1.8636,-7.7897,25.567,-12.866,-20.516,-9.6256,-0.83308,2.5087,-23.761,10.065,10.09,-9.1919,7.9904,-1.1271,-2.189,-3.4765,1.1011,9.6328,-1.1397,11.933,2.676,2.4377,-11.368,16.309,3.155,1.031,-1.0164,-1.1121,3.9382,-0.23457,-4.2081,-9.42,7.6303,11.244,-8.0075,-5.1356,4.0644,2.5483,18.625,5.6403,-5.9383,-6.6266,-4.0775,0,-4.6601,10.899,-11.217,4.7495,-9.8166,-9.3709,-15.107,12.064,17.31,17.275,9.4273,13.296,-3.4256,-2.1063,17.169,-2.2694,16.737,-0.41214,-11.53,9.1739,-9.2565,6.2497,22.167,-6.569,-11.637,-14.88,1.7318,-13.963,0.088271,-3.2366,-1.3366,-20.928,-8.7614,14.504,-5.1672,-39.645,12.859,-16.138,9.091,-4.7718,8.6209,-1.9921,-5.361,9.9477,0.83337,5.7818,-23.722,11.601,14.951,1.8062,-13.805,-8.0883,-16.001,-2.3757,-4.6601,0
