0,6.2575,11.689,5.0573,-11.818,-3.6083,5.0116,26.013,-13.109,9.3144,4.9354,-4.3901,0.88447,20.549,1.7279,-12.883,4.218,-3.1121,4.4678,14.476,11.402,-5.7263,-13.038,-15.808,-17.604,0.45827,-13.231,-11.798,-12.759,0.42709,-3.3694,-11.68,-4.7626,15.071,-11.114,4.0335,-14.051,3.0424,0.77327,2.4106,-17.684,-2.0725,-4.0119,-9.0018,-0.65984,-16.127,-6.27,-9.7011,-14.765,13.797,12.488,-6.8497,-5.6835,-15.076,-0.86674,6.2575,0,10.527,-6.2846,5.6482,14.886,-14.761,14.479,2.7626,4.1849,8.0435,6.7644,-0.34026,3.9798,-6.6312,-23.988,-3.5074,10.867,-14.549,28.304,1.4804,10.955,11.264,9.4219,8.4542,16.089,10.256,-4.1442,10.838,0.094946,11.964,3.2609,-15.057,-0.44864,13.779,-8.2132,9.5305,17.447,-3.6357,1.4545,-13.051,1.0724,-0.098668,6.8189,-9.6597,0.87037,-7.7329,-0.47553,1.6601,3.3328,-5.5446,9.2139,-2.909,-1.2232,-7.3988,11.689,10.527,0,7.8074,-0.16251,5.2684,0.6527,21.554,-12.417,-1.5833,9.3506,-3.5817,-1.4698,18.537,2.6114,-7.4885,3.532,10.135,5.0684,10.573,-6.4345,10.94,-1.8711,-4.6091,-1.7304,3.6705,-3.4217,2.3616,1.5651,-13.861,13.592,-2.2608,-7.777,7.1156,-2.1283,3.5152,3.1501,19.12,-6.6052,10.02,-13.073,14.011,-22.684,5.3578,-6.2993,-14.445,-3.5418,-8.3748,-0.15094,5.4291,-6.7293,-0.7619,-6.1501,-15.078,-21.999,5.0573,-6.2846,7.8074,0,-1.3583,-7.6451,12.424,2.755,-9.7048,-1.3193,15.896,-8.4182,-10.438,12.51,21.654,10.556,-5.1712,-0.39333,20.907,-5.722,-5.5687,2.0755,-17.362,-13.911,-8.7621,-2.3346,-3.9693,5.0887,-4.2255,-12.267,3.6639,-8.5633,16.96,2.8817,-11.795,17.069,-5.6148,4.0463,10.928,4.781,5.7679,3.7117,-10.805,4.9368,14.816,-18.472,-4.0609,-4.854,-2.7068,6.3862,4.0261,-11.12,2.6924,-8.0155,-5.5705,-11.818,5.6482,-0.16251,-1.3583,0,23.294,-3.0952,-7.7419,20.574,-5.967,2.1888,-5.2416,5.4196,-9.6478,0.37929,0.81798,-1.3187,22.668,-10.875,1.36,-4.3601,6.5164,14.315,14.024,12.532,-0.63044,19.504,20.674,13.239,-12.01,11.075,2.9688,1.5726,-2.9979,19.394,-6.7985,21.16,4.187,-2.4463,-10.958,6.5591,-3.0664,0.048932,22.05,-4.532,1.6618,3.2921,15.514,33.9,-6.783,-11.159,23.358,18.613,15.992,-10.608,-3.6083,14.886,5.2684,-7.6451,23.294,0,-6.0376,1.2116,14.511,-2.0117,-0.6682,-3.4991,10.655,-5.7345,-5.5741,-9.8856,3.5223,26.472,-17.406,11.719,-0.35584,6.2537,18.176,13.424,10.746,1.0309,13.134,10.94,10.464,-9.2627,11.793,3.5857,-9.2301,1.3563,21.727,-13.205,18.669,7.5752,-10.389,-9.5173,-4.7466,-1.7126,-0.93936,12.934,-14.158,1.0046,3.4337,9.8338,20.618,-3.3993,-11.63,32.54,9.9869,9.0232,-13.7,5.0116,-14.761,0.6527,12.424,-3.0952,-6.0376,0,-1.9721,-5.3821,4.9309,-2.1473,-15.844,3.2188,2.2307,16.363,10.348,4.8476,-4.512,16.297,-6.5925,2.3148,-11.738,-18.888,-22.727,-16.93,-23.284,-13.406,4.7549,-21.402,-9.4771,-4.4108,-6.5423,12.696,7.7693,-13.464,3.5085,-13.697,-7.4459,-0.86924,-6.7856,0.60157,-2.731,-3.6089,-7.1227,8.8664,-14.381,11.811,-4.8301,-0.94062,9.4752,6.985,-6.2839,6.0646,-5.8512,-2.2659,26.013,14.479,21.554,2.755,-7.7419,1.2116,-1.9721,0,-13.736,5.6899,7.8482,0.5849,-1.4484,21.749,-1.2738,-17.561,2.4585,2.185,1.4191,19.947,3.4674,3.8456,-4.5176,-6.9423,-6.3823,7.1342,-6.6053,-9.4859,-3.0565,-1.6653,4.6644,-4.9194,-11.478,9.2676,-4.3223,1.861,-4.2056,12.641,-3.0728,8.3301,-22.837,5.313,-8.6871,-2.9185,-5.4636,-11.354,-8.0808,-11.037,-9.979,10.228,2.4313,-3.8031,-10.345,-17.219,-7.0691,-13.109,2.7626,-12.417,-9.7048,20.574,14.511,-5.3821,-13.736,0,-2.0579,-4.6362,-1.6514,8.4206,-19.139,-5.1412,-0.81631,-1.1765,8.9493,-19.353,0.38779,4.4791,-2.2366,14.767,16.153,9.9594,-1.2514,16.875,8.6519,8.4406,0.67336,-0.099498,2.3871,1.2594,-3.8416,18.596,-10.401,11.577,-5.3891,0.41849,-19.157,8.1903,-13.698,12.661,8.8126,-3.624,9.3679,3.0714,21.628,16.982,-8.2792,-2.6627,22.007,18.961,32.932,2.3362,9.3144,4.1849,-1.5833,-1.3193,-5.967,-2.0117,4.9309,5.6899,-2.0579,0,2.99,5.9322,-4.0838,-1.8614,8.0435,-5.4044,-8.4566,-9.9894,-0.23105,9.3975,7.285,-4.5005,-6.0159,-7.6915,-4.1002,0.73989,-1.6203,-13.725,-9.4948,6.2787,0.49925,5.0852,1.0234,-3.5485,0.54104,-11.155,-11.731,1.9971,-0.48265,-5.7862,-10.816,-6.6741,11.599,-12.666,8.0658,-0.0081232,5.675,-13.006,-9.1609,28.777,6.6677,-4.9601,-3.5516,-7.7742,4.5936,4.9354,8.0435,9.3506,15.896,2.1888,-0.6682,-2.1473,7.8482,-4.6362,2.99,0,3.29,-18.838,10.311,12.232,-0.15971,-17.012,2.8148,4.7584,4.6653,-5.8182,12.237,-4.4526,-1.8204,1.9482,13.409,7.6592,-0.88421,6.665,-5.2775,12.181,-1.5052,6.9502,-4.5167,0.76869,7.3419,1.7561,16.46,12.772,6.8581,1.43,3.2654,-4.327,10.322,10.841,-7.5246,-12.03,-5.0104,-2.9298,8.0222,-0.051404,-5.6834,-0.88148,-5.9716,-5.2988,-4.3901,6.7644,-3.5817,-8.4182,-5.2416,-3.4991,-15.844,0.5849,-1.6514,5.9322,3.29,0,-13.65,-4.8257,-3.8534,-2.859,-14.639,-8.2052,-4.8264,1.9869,-6.1388,10.763,7.5984,9.118,13.694,19.249,7.941,-13.075,9.5989,15.01,4.8668,17.815,-5.4441,-20.718,7.4473,-6.4296,2.9357,7.6513,1.0234,9.8358,-1.8363,5.7143,7.8506,-2.7374,2.4143,18.73,-3.2735,-8.3786,-6.956,1.9833,-5.6175,-5.1169,-15.818,-3.0683,6.5291,0.88447,-0.34026,-1.4698,-10.438,5.4196,10.655,3.2188,-1.4484,8.4206,-4.0838,-18.838,-13.65,0,-4.1325,-11.229,-6.6643,25.541,8.3409,-8.9485,3.8235,10.877,-11.838,5.088,1.6076,-4.5341,-14.163,-4.8857,6.4203,-5.4679,-3.1691,-7.2971,-6.3452,-8.5825,15.164,1.9499,-6.5413,1.7479,-10.221,-12.412,-13.555,-4.8937,-7.4444,0.17211,-2.214,-17.524,-2.0082,7.317,11.373,8.7544,-6.7366,1.1143,15.817,9.552,8.2912,-2.4532,20.549,3.9798,18.537,12.51,-9.6478,-5.7345,2.2307,21.749,-19.139,-1.8614,10.311,-4.8257,-4.1325,0,2.2795,-5.8135,3.3462,0.63488,10.018,6.3444,1.3205,1.8812,-12.067,-12.013,-12.068,3.8789,-10.67,-4.7651,-4.5729,-4.5371,0.44921,-13.375,-2.3072,12.623,-13.874,15.717,-6.662,7.0977,4.2656,12.302,-7.8478,6.2415,-15.155,-0.32809,-0.22745,-19.173,-13.194,-7.4586,-11.139,4.785,6.1683,-9.5965,-7.2339,-15.549,-5.2045,1.7279,-6.6312,2.6114,21.654,0.37929,-5.5741,16.363,-1.2738,-5.1412,8.0435,12.232,-3.8534,-11.229,2.2795,0,12.548,-10.745,-3.8559,16.141,-5.2077,-5.8665,1.134,-14.046,-12.806,-4.9157,-4.4872,-0.83638,3.4943,-6.1048,-9.5216,6.1348,0.45351,20.399,-4.0202,-5.5419,3.7987,-6.7946,3.7471,6.3721,-1.1925,4.1203,1.0574,-2.3551,0.80676,22.227,-9.8372,5.1596,-8.8441,-1.0556,14.751,1.8648,-9.5123,3.3966,-7.363,-4.0553,-12.883,-23.988,-7.4885,10.556,0.81798,-9.8856,10.348,-17.561,-0.81631,-5.4044,-0.15971,-2.859,-6.6643,-5.8135,12.548,0,-4.3927,-5.696,14.529,-33.772,-10.93,-0.52574,-6.464,-3.9683,-0.0078766,-8.3141,-0.87707,9.289,-1.6813,-4.703,-1.1926,2.4701,21.289,-7.4771,-6.0095,7.4332,-1.7034,-6.3143,5.4906,1.0275,20.017,3.4682,-1.8677,1.75,14.222,0.80776,6.9408,0.10682,3.3743,-3.1444,-1.8945,-7.7014,3.7887,1.9688,1.8149,4.218,-3.5074,3.532,-5.1712,-1.3187,3.5223,4.8476,2.4585,-1.1765,-8.4566,-17.012,-14.639,25.541,3.3462,-10.745,-4.3927,0,5.4527,-0.88751,0.7971,6.647,-9.8969,-0.014156,-3.3304,-8.8902,-14.086,-13.213,4.9499,-7.9139,-4.3952,-8.4754,-9.3807,-9.2917,20.948,-5.9666,1.0814,-1.3015,-8.7857,-12.133,-3.2928,-5.9003,-0.11418,-7.7722,-4.1683,-17.317,-6.1184,4.2897,5.6761,3.2477,-7.6931,1.3947,6.3892,2.5348,0.92986,-3.8651,-3.1121,10.867,10.135,-0.39333,22.668,26.472,-4.512,2.185,8.9493,-9.9894,2.8148,-8.2052,8.3409,0.63488,-3.8559,-5.696,5.4527,0,-9.0068,7.0008,-3.9315,8.6971,12.488,10.296,7.8181,0.7906,10.17,17.741,11.958,-16.679,12.411,-1.7382,-5.9597,4.7736,12.284,-2.6365,20.833,8.7971,-6.3375,-3.9511,-0.89722,2.3486,-9.2064,21.872,-13.012,-4.5556,-1.1638,11.662,21.415,-7.4897,-11.783,21.381,10.567,7.3152,-19.658,4.4678,-14.549,5.0684,20.907,-10.875,-17.406,16.297,1.4191,-19.353,-0.23105,4.7584,-4.8264,-8.9485,10.018,16.141,14.529,-0.88751,-9.0068,0,-11.354,-7.057,-1.1641,-22.465,-20.73,-11.509,-6.724,-13.828,0.49477,-10.744,-6.2349,-1.1557,-3.8615,12.153,1.8048,-21.842,14.388,-12.065,-0.51414,4.1025,9.1839,2.9591,8.6848,-10.865,-4.9603,12.97,-11.581,2.0837,-12.412,-8.1988,6.5578,3.5675,-21.643,-5.3839,-14.948,-1.7871,14.476,28.304,10.573,-5.722,1.36,11.719,-6.5925,19.947,0.38779,9.3975,4.6653,1.9869,3.8235,6.3444,-5.2077,-33.772,0.7971,7.0008,-11.354,0,8.4661,2.5457,4.4563,1.7796,0.087134,7.9952,2.5507,-7.3855,1.2593,0.63047,5.7958,-1.1917,-14.785,5.8323,7.0622,-8.7563,1.5376,10.639,-5.0508,-2.2909,-21.702,-3.0229,1.0353,-0.057585,-9.2389,-3.8306,-4.8532,-2.7093,-2.1123,8.576,0.8065,7.1176,-2.1808,-4.1696,-5.3949,11.402,1.4804,-6.4345,-5.5687,-4.3601,-0.35584,2.3148,3.4674,4.4791,7.285,-5.8182,-6.1388,10.877,1.3205,-5.8665,-10.93,6.647,-3.9315,-7.057,8.4661,0,-22.021,-4.8332,-5.0595,-13.386,-4.4628,-6.267,-8.9966,-11.749,8.9418,-17.293,-13.522,-2.1652,13.353,-3.8003,-1.7014,-11.233,-12.501,3.5928,-12.708,-5.36,-24.012,11.339,-9.8668,-2.2622,-3.4207,-3.4421,5.4308,-6.6612,3.1345,22.219,2.8549,5.8822,4.4063,11.538,-5.7263,10.955,10.94,2.0755,6.5164,6.2537,-11.738,3.8456,-2.2366,-4.5005,12.237,10.763,-11.838,1.8812,1.134,-0.52574,-9.8969,8.6971,-1.1641,2.5457,-22.021,0,10.297,10.706,18.976,16.175,13.089,4.0497,21.682,-5.9189,26.771,12.291,-4.3081,-12.303,10.431,-0.92111,16.849,27.078,-2.1092,13.234,-0.24974,17.953,-8.7223,14.587,-1.7739,3.8607,-4.1228,-4.1476,5.3896,-1.6622,-21.013,1.3377,-6.9872,-3.7806,-12.734,-13.038,11.264,-1.8711,-17.362,14.315,18.176,-18.888,-4.5176,14.767,-6.0159,-4.4526,7.5984,5.088,-12.067,-14.046,-6.464,-0.014156,12.488,-22.465,4.4563,-4.8332,10.297,0,37.293,25.793,7.6377,17.809,5.5639,21.071,1.1439,8.3762,11.731,-12.251,-7.8606,28.211,-12.98,26.304,5.3514,-8.5557,-2.0951,0.24275,2.0979,3.1616,10.439,-14.366,15.773,1.0854,9.7418,14.586,-11.598,-16.62,19.751,1.8749,12.255,-4.3731,-15.808,9.4219,-4.6091,-13.911,14.024,13.424,-22.727,-6.9423,16.153,-7.6915,-1.8204,9.118,1.6076,-12.013,-12.806,-3.9683,-3.3304,10.296,-20.73,1.7796,-5.0595,10.706,37.293,0,27.929,10.564,22.473,5.0312,27.078,3.1129,6.7646,9.9823,-7.8107,-10.235,25.383,-8.4445,25.922,4.2523,-2.6262,-1.0508,4.8325,0.69547,4.8338,12.776,-9.5038,17.796,-2.6193,12.09,12.761,-14.151,-13.295,15.867,2.6765,15.453,-1.1141,-17.604,8.4542,-1.7304,-8.7621,12.532,10.746,-16.93,-6.3823,9.9594,-4.1002,1.9482,13.694,-4.5341,-12.068,-4.9157,-0.0078766,-8.8902,7.8181,-11.509,0.087134,-13.386,18.976,25.793,27.929,0,11.874,24.176,5.1472,28.411,0.4621,14.512,19.772,-5,-19.337,24.914,-9.8067,24.649,10.099,-3.9955,2.5612,4.1369,6.6344,2.4875,12.454,-4.3279,17.579,1.0125,3.8645,11.778,-7.3734,-21.72,9.4852,-1.1267,7.7281,-4.5567,0.45827,16.089,3.6705,-2.3346,-0.63044,1.0309,-23.284,7.1342,-1.2514,0.73989,13.409,19.249,-14.163,3.8789,-4.4872,-8.3141,-14.086,0.7906,-6.724,7.9952,-4.4628,16.175,7.6377,10.564,11.874,0,11.978,-8.7874,16.554,7.5893,8.4006,5.8028,-6.026,-10.107,8.0523,0.47704,7.3122,14.837,6.6789,11.709,-1.7168,4.7396,1.7974,6.5467,0.14913,7.1877,-16.515,-2.8347,-4.9447,-0.25084,-3.9974,-1.7019,-9.637,-1.7865,1.3,-13.231,10.256,-3.4217,-3.9693,19.504,13.134,-13.406,-6.6053,16.875,-1.6203,7.6592,7.941,-4.8857,-10.67,-0.83638,-0.87707,-13.213,10.17,-13.828,2.5507,-6.267,13.089,17.809,22.473,24.176,11.978,0,6.2442,24.664,-0.9058,12.633,9.5877,0.7699,-14.416,27.364,-7.4946,20.299,8.5608,3.3363,-3.6886,7.1875,-1.8148,6.2882,18.07,0.18759,10.485,-2.8757,8.8687,12.979,-4.6536,-10.609,12.091,6.8904,12.999,-2.8699,-11.798,-4.1442,2.3616,5.0887,20.674,10.94,4.7549,-9.4859,8.6519,-13.725,-0.88421,-13.075,6.4203,-4.7651,3.4943,9.289,4.9499,17.741,0.49477,-7.3855,-8.9966,4.0497,5.5639,5.0312,5.1472,-8.7874,6.2442,0,6.3003,-21.979,7.4156,-0.8005,5.368,1.4267,5.3971,1.2667,13.631,0.46127,-3.8989,-5.6717,9.8682,2.8455,-9.0674,17.273,-3.3258,-3.9827,6.3422,12.011,27.98,-9.7036,-11.028,11.803,15.659,9.4009,-14.047,-12.759,10.838,1.5651,-4.2255,13.239,10.464,-21.402,-3.0565,8.4406,-9.4948,6.665,9.5989,-5.4679,-4.5729,-6.1048,-1.6813,-7.9139,11.958,-10.744,1.2593,-11.749,21.682,21.071,27.078,28.411,16.554,24.664,6.3003,0,-1.3458,13.644,8.9438,-4.4876,-11.858,18.651,-2.1894,29.29,11.89,1.0675,5.2867,5.9156,6.3736,-1.3755,20.995,-5.0146,10.335,-7.069,7.4017,10.723,-11.045,-16.142,9.2642,0.31993,8.4098,-5.5716,0.42709,0.094946,-13.861,-12.267,-12.01,-9.2627,-9.4771,-1.6653,0.67336,6.2787,-5.2775,15.01,-3.1691,-4.5371,-9.5216,-4.703,-4.3952,-16.679,-6.2349,0.63047,8.9418,-5.9189,1.1439,3.1129,0.4621,7.5893,-0.9058,-21.979,-1.3458,0,-12.547,2.8417,-3.8266,-5.5016,-0.59072,-2.7981,-7.0593,-7.5404,5.3227,1.6461,-0.59217,-6.8482,17.633,-12.708,1.7891,14.675,-5.2283,-1.7436,-13.929,-0.47762,8.9358,-5.6277,-8.7776,1.9086,26.996,-3.3694,11.964,13.592,3.6639,11.075,11.793,-4.4108,4.6644,-0.099498,0.49925,12.181,4.8668,-7.2971,0.44921,6.1348,-1.1926,-8.4754,12.411,-1.1557,5.7958,-17.293,26.771,8.3762,6.7646,14.512,8.4006,12.633,7.4156,13.644,-12.547,0,11.993,-2.6901,-9.0512,12.44,-5.6973,14.753,29.586,-5.7467,4.9605,-3.4453,12.839,-8.3112,14.008,-1.2594,-0.55404,1.9514,-4.8484,9.472,3.9991,-20.886,4.7364,-1.734,-4.2852,-20.9,-11.68,3.2609,-2.2608,-8.5633,2.9688,3.5857,-6.5423,-4.9194,2.3871,5.0852,-1.5052,17.815,-6.3452,-13.375,0.45351,2.4701,-9.3807,-1.7382,-3.8615,-1.1917,-13.522,12.291,11.731,9.9823,19.772,5.8028,9.5877,-0.8005,8.9438,2.8417,11.993,0,-3.9804,-24.086,13.048,-15.554,8.1601,8.1468,-9.1741,3.2012,-1.3886,9.1031,4.1907,0.046794,0.09265,17.274,10.347,-7.2453,4.2088,2.1604,-17.59,1.3246,-7.8148,-1.2499,-2.5593,-4.7626,-15.057,-7.777,16.96,1.5726,-9.2301,12.696,-11.478,1.2594,1.0234,6.9502,-5.4441,-8.5825,-2.3072,20.399,21.289,-9.2917,-5.9597,12.153,-14.785,-2.1652,-4.3081,-12.251,-7.8107,-5,-6.026,0.7699,5.368,-4.4876,-3.8266,-2.6901,-3.9804,0,-4.0285,-6.5026,8.8382,-6.2158,-6.0861,15.492,-4.2935,17.853,-5.4451,2.836,2.1691,26.522,-4.6045,1.4537,1.2879,0.24388,3.2016,6.7015,-7.8443,9.3815,2.8103,4.6075,15.071,-0.44864,7.1156,2.8817,-2.9979,1.3563,7.7693,9.2676,-3.8416,-3.5485,-4.5167,-20.718,15.164,12.623,-4.0202,-7.4771,20.948,4.7736,1.8048,5.8323,13.353,-12.303,-7.8606,-10.235,-19.337,-10.107,-14.416,1.4267,-11.858,-5.5016,-9.0512,-24.086,-4.0285,0,-10.702,6.7727,-6.8577,-6.1672,-2.2637,-4.0707,-7.1841,-5.1278,-7.569,-3.2359,-8.3736,-18.048,-3.0698,4.1779,-1.9661,-0.70319,10.363,2.5067,4.9457,-2.0669,-2.9545,-11.114,13.779,-2.1283,-11.795,19.394,21.727,-13.464,-4.3223,18.596,0.54104,0.76869,7.4473,1.9499,-13.874,-5.5419,-6.0095,-5.9666,12.284,-21.842,7.0622,-3.8003,10.431,28.211,25.383,24.914,8.0523,27.364,5.3971,18.651,-0.59072,12.44,13.048,-6.5026,-10.702,0,-17.404,21.51,7.9274,-5.4316,-6.5165,0.15239,-1.5376,6.7185,11.668,-6.9777,12.525,2.5009,7.7543,15.442,-3.8728,-13.932,19.698,5.401,11.859,-5.0598,4.0335,-8.2132,3.5152,17.069,-6.7985,-13.205,3.5085,1.861,-10.401,-11.155,7.3419,-6.4296,-6.5413,15.717,3.7987,7.4332,1.0814,-2.6365,14.388,-8.7563,-1.7014,-0.92111,-12.98,-8.4445,-9.8067,0.47704,-7.4946,1.2667,-2.1894,-2.7981,-5.6973,-15.554,8.8382,6.7727,-17.404,0,-5.2977,-2.383,14.413,10.452,8.6721,3.3079,-10.505,3.0839,6.5428,-10.911,-13.733,0.8943,-6.9423,-4.8507,7.8005,-11.872,-0.99533,-3.7673,1.9368,-14.051,9.5305,3.1501,-5.6148,21.16,18.669,-13.697,-4.2056,11.577,-11.731,1.7561,2.9357,1.7479,-6.662,-6.7946,-1.7034,-1.3015,20.833,-12.065,1.5376,-11.233,16.849,26.304,25.922,24.649,7.3122,20.299,13.631,29.29,-7.0593,14.753,8.1601,-6.2158,-6.8577,21.51,-5.2977,0,9.7486,-5.2261,0.62641,4.2036,6.1559,-4.0168,23.304,-10.331,7.4398,-1.0354,10.623,21.003,-12.842,-21.968,17.323,4.6437,10.55,-11.342,3.0424,17.447,19.12,4.0463,4.187,7.5752,-7.4459,12.641,-5.3891,1.9971,16.46,7.6513,-10.221,7.0977,3.7471,-6.3143,-8.7857,8.7971,-0.51414,10.639,-12.501,27.078,5.3514,4.2523,10.099,14.837,8.5608,0.46127,11.89,-7.5404,29.586,8.1468,-6.0861,-6.1672,7.9274,-2.383,9.7486,0,-3.199,10.481,-7.9765,13.897,-9.3275,10.013,-1.7501,-2.3766,-4.2827,-8.6619,1.8313,6.1386,-13.297,0.54929,-7.4131,-9.4418,-16.064,0.77327,-3.6357,-6.6052,10.928,-2.4463,-10.389,-0.86924,-3.0728,0.41849,-0.48265,12.772,1.0234,-12.412,4.2656,6.3721,5.4906,-12.133,-6.3375,4.1025,-5.0508,3.5928,-2.1092,-8.5557,-2.6262,-3.9955,6.6789,3.3363,-3.8989,1.0675,5.3227,-5.7467,-9.1741,15.492,-2.2637,-5.4316,14.413,-5.2261,-3.199,0,1.3798,13.207,-8.0849,5.4356,3.3914,16.705,-2.2616,-15.75,3.5898,-7.2231,-0.032313,12.993,-8.4817,3.8268,3.6104,11.393,2.4106,1.4545,10.02,4.781,-10.958,-9.5173,-6.7856,8.3301,-19.157,-5.7862,6.8581,9.8358,-13.555,12.302,-1.1925,1.0275,-3.2928,-3.9511,9.1839,-2.2909,-12.708,13.234,-2.0951,-1.0508,2.5612,11.709,-3.6886,-5.6717,5.2867,1.6461,4.9605,3.2012,-4.2935,-4.0707,-6.5165,10.452,0.62641,10.481,1.3798,0,-1.968,22.317,-12.346,0.4552,0.35661,0.14694,-9.1089,-11.513,-9.5965,-1.5405,-5.33,-13.515,-22.435,-14.115,-2.5674,-17.684,-13.051,-13.073,5.7679,6.5591,-4.7466,0.60157,-22.837,8.1903,-10.816,1.43,-1.8363,-4.8937,-7.8478,4.1203,20.017,-5.9003,-0.89722,2.9591,-21.702,-5.36,-0.24974,0.24275,4.8325,4.1369,-1.7168,7.1875,9.8682,5.9156,-0.59217,-3.4453,-1.3886,17.853,-7.1841,0.15239,8.6721,4.2036,-7.9765,13.207,-1.968,0,-3.3044,3.094,8.8261,9.9001,4.7106,-2.0348,11.682,6.4901,-11.73,0.25245,-0.61116,9.9018,13.714,6.08,-2.0725,1.0724,14.011,3.7117,-3.0664,-1.7126,-2.731,5.313,-13.698,-6.6741,3.2654,5.7143,-7.4444,6.2415,1.0574,3.4682,-0.11418,2.3486,8.6848,-3.0229,-24.012,17.953,2.0979,0.69547,6.6344,4.7396,-1.8148,2.8455,6.3736,-6.8482,12.839,9.1031,-5.4451,-5.1278,-1.5376,3.3079,6.1559,13.897,-8.0849,22.317,-3.3044,0,-18.737,3.5089,-3.3001,-0.17327,1.1642,-11.065,0.14893,-1.468,-16.807,-5.8922,-14.895,-12.927,-12.65,-4.0119,-0.098668,-22.684,-10.805,0.048932,-0.93936,-3.6089,-8.6871,12.661,11.599,-4.327,7.8506,0.17211,-15.155,-2.3551,-1.8677,-7.7722,-9.2064,-10.865,1.0353,11.339,-8.7223,3.1616,4.8338,2.4875,1.7974,6.2882,-9.0674,-1.3755,17.633,-8.3112,4.1907,2.836,-7.569,6.7185,-10.505,-4.0168,-9.3275,5.4356,-12.346,3.094,-18.737,0,-6.9967,5.4344,13.452,1.882,3.8828,-2.7104,2.6745,8.0381,2.38,3.9785,10.275,19.239,-9.0018,6.8189,5.3578,4.9368,22.05,12.934,-7.1227,-2.9185,8.8126,-12.666,10.322,-2.7374,-2.214,-0.32809,0.80676,1.75,-4.1683,21.872,-4.9603,-0.057585,-9.8668,14.587,10.439,12.776,12.454,6.5467,18.07,17.273,20.995,-12.708,14.008,0.046794,2.1691,-3.2359,11.668,3.0839,23.304,10.013,3.3914,0.4552,8.8261,3.5089,-6.9967,0,-2.5554,-1.2369,-6.2317,11.727,17.355,-9.4288,-11.471,11.168,9.7211,9.2065,-12.121,-0.65984,-9.6597,-6.2993,14.816,-4.532,-14.158,8.8664,-5.4636,-3.624,8.0658,10.841,2.4143,-17.524,-0.22745,22.227,14.222,-17.317,-13.012,12.97,-9.2389,-2.2622,-1.7739,-14.366,-9.5038,-4.3279,0.14913,0.18759,-3.3258,-5.0146,1.7891,-1.2594,0.09265,26.522,-8.3736,-6.9777,6.5428,-10.331,-1.7501,16.705,0.35661,9.9001,-3.3001,5.4344,-2.5554,0,-2.2101,-0.43345,-6.6644,-7.2975,10.059,7.8385,-15.37,0.94443,-3.4214,7.5058,-16.127,0.87037,-14.445,-18.472,1.6618,1.0046,-14.381,-11.354,9.3679,-0.0081232,-7.5246,18.73,-2.0082,-19.173,-9.8372,0.80776,-6.1184,-4.5556,-11.581,-3.8306,-3.4207,3.8607,15.773,17.796,17.579,7.1877,10.485,-3.9827,10.335,14.675,-0.55404,17.274,-4.6045,-18.048,12.525,-10.911,7.4398,-2.3766,-2.2616,0.14694,4.7106,-0.17327,13.452,-1.2369,-2.2101,0,2.823,2.9299,2.278,-7.4778,-7.0632,3.7626,-4.3132,9.1195,9.3268,-6.27,-7.7329,-3.5418,-4.0609,3.2921,3.4337,11.811,-8.0808,3.0714,5.675,-12.03,-3.2735,7.317,-13.194,5.1596,6.9408,4.2897,-1.1638,2.0837,-4.8532,-3.4421,-4.1228,1.0854,-2.6193,1.0125,-16.515,-2.8757,6.3422,-7.069,-5.2283,1.9514,10.347,1.4537,-3.0698,2.5009,-13.733,-1.0354,-4.2827,-15.75,-9.1089,-2.0348,1.1642,1.882,-6.2317,-0.43345,2.823,0,-3.5857,7.7579,4.4647,-6.7459,3.4724,2.9741,-0.2656,-4.2963,-9.7011,-0.47553,-8.3748,-4.854,15.514,9.8338,-4.8301,-11.037,21.628,-13.006,-5.0104,-8.3786,11.373,-7.4586,-8.8441,0.10682,5.6761,11.662,-12.412,-2.7093,5.4308,-4.1476,9.7418,12.09,3.8645,-2.8347,8.8687,12.011,7.4017,-1.7436,-4.8484,-7.2453,1.2879,4.1779,7.7543,0.8943,10.623,-8.6619,3.5898,-11.513,11.682,-11.065,3.8828,11.727,-6.6644,2.9299,-3.5857,0,14.543,-18.775,0.52319,17.69,20.013,32.273,1.8264,-14.765,1.6601,-0.15094,-2.7068,33.9,20.618,-0.94062,-9.979,16.982,-9.1609,-2.9298,-6.956,8.7544,-11.139,-1.0556,3.3743,3.2477,21.415,-8.1988,-2.1123,-6.6612,5.3896,14.586,12.761,11.778,-4.9447,12.979,27.98,10.723,-13.929,9.472,4.2088,0.24388,-1.9661,15.442,-6.9423,21.003,1.8313,-7.2231,-9.5965,6.4901,0.14893,-2.7104,17.355,-7.2975,2.278,7.7579,14.543,0,-9.6763,-14.675,22.598,15.892,14.497,-12.309,13.797,3.3328,5.4291,6.3862,-6.783,-3.3993,9.4752,10.228,-8.2792,28.777,8.0222,1.9833,-6.7366,4.785,14.751,-3.1444,-7.6931,-7.4897,6.5578,8.576,3.1345,-1.6622,-11.598,-14.151,-7.3734,-0.25084,-4.6536,-9.7036,-11.045,-0.47762,3.9991,2.1604,3.2016,-0.70319,-3.8728,-4.8507,-12.842,6.1386,-0.032313,-1.5405,-11.73,-1.468,2.6745,-9.4288,10.059,-7.4778,4.4647,-18.775,-9.6763,0,5.5421,-8.7049,-4.5032,-15.202,-1.2162,12.488,-5.5446,-6.7293,4.0261,-11.159,-11.63,6.985,2.4313,-2.6627,6.6677,-0.051404,-5.6175,1.1143,6.1683,1.8648,-1.8945,1.3947,-11.783,3.5675,0.8065,22.219,-21.013,-16.62,-13.295,-21.72,-3.9974,-10.609,-11.028,-16.142,8.9358,-20.886,-17.59,6.7015,10.363,-13.932,7.8005,-21.968,-13.297,12.993,-5.33,0.25245,-16.807,8.0381,-11.471,7.8385,-7.0632,-6.7459,0.52319,-14.675,5.5421,0,-8.0874,2.7716,-0.59678,16.081,-6.8497,9.2139,-0.7619,-11.12,23.358,32.54,-6.2839,-3.8031,22.007,-4.9601,-5.6834,-5.1169,15.817,-9.5965,-9.5123,-7.7014,6.3892,21.381,-21.643,7.1176,2.8549,1.3377,19.751,15.867,9.4852,-1.7019,12.091,11.803,9.2642,-5.6277,4.7364,1.3246,-7.8443,2.5067,19.698,-11.872,17.323,0.54929,-8.4817,-13.515,-0.61116,-5.8922,2.38,11.168,-15.37,3.7626,3.4724,17.69,22.598,-8.7049,-8.0874,0,14.018,16.841,-7.2909,-5.6835,-2.909,-6.1501,2.6924,18.613,9.9869,6.0646,-10.345,18.961,-3.5516,-0.88148,-15.818,9.552,-7.2339,3.3966,3.7887,2.5348,10.567,-5.3839,-2.1808,5.8822,-6.9872,1.8749,2.6765,-1.1267,-9.637,6.8904,15.659,0.31993,-8.7776,-1.734,-7.8148,9.3815,4.9457,5.401,-0.99533,4.6437,-7.4131,3.8268,-22.435,9.9018,-14.895,3.9785,9.7211,0.94443,-4.3132,2.9741,20.013,15.892,-4.5032,2.7716,14.018,0,18.405,-1.8246,-15.076,-1.2232,-15.078,-8.0155,15.992,9.0232,-5.8512,-17.219,32.932,-7.7742,-5.9716,-3.0683,8.2912,-15.549,-7.363,1.9688,0.92986,7.3152,-14.948,-4.1696,4.4063,-3.7806,12.255,15.453,7.7281,-1.7865,12.999,9.4009,8.4098,1.9086,-4.2852,-1.2499,2.8103,-2.0669,11.859,-3.7673,10.55,-9.4418,3.6104,-14.115,13.714,-12.927,10.275,9.2065,-3.4214,9.1195,-0.2656,32.273,14.497,-15.202,-0.59678,16.841,18.405,0,5.1374,-0.86674,-7.3988,-21.999,-5.5705,-10.608,-13.7,-2.2659,-7.0691,2.3362,4.5936,-5.2988,6.5291,-2.4532,-5.2045,-4.0553,1.8149,-3.8651,-19.658,-1.7871,-5.3949,11.538,-12.734,-4.3731,-1.1141,-4.5567,1.3,-2.8699,-14.047,-5.5716,26.996,-20.9,-2.5593,4.6075,-2.9545,-5.0598,1.9368,-11.342,-16.064,11.393,-2.5674,6.08,-12.65,19.239,-12.121,7.5058,9.3268,-4.2963,1.8264,-12.309,-1.2162,16.081,-7.2909,-1.8246,5.1374,0
