0,0.26858,-1.8719,-0.976,18.393,4.1036,15.427,8.0825,-0.17221,9.612,8.1775,6.8047,0.55491,12.695,12.226,-9.5776,-3.6368,3.4478,2.3193,18.647,-0.024221,24.856,-5.1887,-3.0356,-6.7238,-13.03,-11.571,2.8276,-5.6743,2.1428,6.6233,-20.935,-22.773,1.0114,8.004,14.699,3.8781,-15.807,-2.4075,21.179,-10.921,-17.093,0.68953,-17.549,-6.3465,9.5553,8.7853,-4.6905,8.45,-20.657,5.5552,-4.2077,13.001,9.7742,-10.066,0.26858,0,14.607,7.532,3.0516,-25.077,16.971,8.2305,10.435,0.088198,11.69,-6.4812,2.6962,2.2154,-15.254,-9.9937,-24.593,2.0171,-15.527,14.957,3.7226,4.5187,-35.984,-9.3956,13.398,7.299,20.532,16.203,-30.852,18.852,-11.888,-8.1433,-3.3834,11.265,4.0529,-2.8548,-9.2927,13.294,5.405,3.2374,-3.7651,11.377,-10.167,3.0239,-2.6162,-22.016,-5.7087,-9.6577,0.70648,-0.65608,-2.8074,-13.481,10.587,-8.8658,2.9506,-1.8719,14.607,0,-8.1585,-4.4898,-5.8762,9.6627,21.269,30.534,-5.0602,26.443,-19.238,8.8221,-1.506,-11.073,2.5322,-8.7794,-11.569,-39.403,10.655,23.703,6.0705,-9.1622,-20.345,-0.56323,-3.8228,8.6681,0.54744,-15.527,35.268,-41.032,-9.1405,5.6726,-1.1183,-6.7575,-3.1569,-21.149,15.138,0.83188,8.2604,-17.502,18.684,6.4439,14.53,0.84278,-5.473,-23.67,5.7384,12.155,-6.1486,11.695,4.9301,-1.6503,-6.8291,-11.499,-0.976,7.532,-8.1585,0,11.862,-9.9981,-0.022269,-6.9061,-5.9622,13.004,-10.203,3.017,-17.378,9.9674,0.15856,-5.6705,-14.343,31.356,9.2317,1.3515,-23.476,-1.2018,-11.253,15.246,10.434,10.482,6.7599,8.5661,-6.6222,-3.2724,8.3462,0.58097,-11.114,28.96,22.703,5.1848,1.6229,-2.5556,16.084,-11.683,16.908,-4.3096,-15.925,-11.952,-12.188,-14.654,7.7478,-36.095,-7.5755,13.587,-12.386,-22.35,18.006,-11.034,19.524,18.393,3.0516,-4.4898,11.862,0,1.9727,7.6632,6.187,0.67615,30.582,1.4542,1.4083,-14.266,34.262,14.498,-4.1617,-13.056,19.203,7.5047,14.516,-9.6784,19.782,-9.0486,7.8465,-4.9834,-8.4657,-7.8578,1.0316,-9.4489,1.9039,8.0061,-17.863,-42.471,16.264,29.464,27.708,-1.3199,-16.99,12.368,4.9972,-1.0829,-16.64,-1.7606,-27.525,-23.507,1.5874,6.6511,-19.095,7.9241,-3.6837,3.3346,-9.6304,31.331,-3.4443,-1.625,4.1036,-25.077,-5.8762,-9.9981,1.9727,0,-11.129,2.4365,-0.40842,5.4131,-2.6762,-1.4768,-4.7601,4.8678,22.683,15.637,13.013,-2.205,8.9251,-5.6372,1.332,4.3357,21.421,6.0682,-31.856,-20.098,-32.472,-28.028,13.432,-6.7473,5.0248,-1.2853,-0.30651,-7.9469,-1.0682,10.798,0.098012,-15.902,-0.45724,1.9138,-4.0254,-10.936,22.195,-3.6344,-4.1241,30.228,-1.0236,9.1425,10.485,-3.5132,14.154,19.388,-5.9157,4.1274,-12.293,15.427,16.971,9.6627,-0.022269,7.6632,-11.129,0,10.806,6.0939,0.27663,18.087,1.8955,8.8631,3.8148,-5.0075,-18.486,-11.995,-1.7043,-11.549,29.694,6.5458,14.657,-20.384,-15.203,5.5159,-1.5679,5.2036,15.608,-19.079,13.401,-4.7101,-17.57,-10.541,2.5424,2.3078,1.6505,-1.3508,2.1958,-3.8239,20.309,-13.087,0.20568,-6.6258,-3.8011,-0.034809,-4.3632,1.7539,-4.8692,4.0755,-17.034,0.7914,-10.258,11.288,4.692,-5.5711,8.0825,8.2305,21.269,-6.9061,6.187,2.4365,10.806,0,30.797,5.4359,28.518,-17.42,1.6613,9.7438,1.8923,4.4393,-10.157,-4.7473,-15.292,18.47,15.878,20.624,-7.4428,-11.606,-10.509,-16.665,-2.4789,-4.9206,-15.723,27.018,-16.513,-23.84,-4.3559,1.8815,1.3253,9.5506,-21.208,1.0017,5.0239,14.209,-25.152,4.0033,12.563,2.3575,-8.4822,2.5726,-15.934,1.9569,30.966,-11.477,24.287,6.0307,5.2011,-5.6867,-21.71,-0.17221,10.435,30.534,-5.9622,0.67615,-0.40842,6.0939,30.797,0,2.0911,22.18,-29.841,1.447,5.2893,-3.4406,8.0733,-10.631,-6.0899,-20.264,11.108,17.257,10.374,-7.1069,-11.184,-6.7767,-9.6526,2.9077,-5.3917,-15.295,32.847,-27.95,-13.082,1.8486,2.5695,-1.2321,4.1177,-35.578,7.6452,7.0943,6.5936,-16.874,11.812,11.86,8.9475,-6.4821,-2.3007,-28.562,3.0943,21.508,-4.3766,19.555,7.1741,1.4961,-11.552,-14.522,9.612,0.088198,-5.0602,13.004,30.582,5.4131,0.27663,5.4359,2.0911,0,-1.9549,-3.2137,-25.56,43.051,17.123,3.2838,-11.6,22.781,9.801,7.6326,-11.351,13.814,-4.6726,13.902,-8.2056,-9.0623,-8.9778,-5.0254,-6.353,0.79944,6.6777,-12.238,-21.895,19.199,32.983,33.145,-4.9708,-16.358,21.178,-1.1995,2.0718,-13.617,2.0695,-20.089,-40.407,1.6624,2.4399,-17.587,9.4034,2.4363,5.4476,-5.1432,21.567,-9.4776,-0.63563,8.1775,11.69,26.443,-10.203,1.4542,-2.6762,18.087,28.518,22.18,-1.9549,0,-10.609,10.499,2.4095,-4.3158,-2.0781,-7.8691,-10.652,-24.472,20.257,22.936,15.391,-9.7364,-24.069,-3.9631,-9.9139,2.0124,1.6386,-16.073,28.138,-18.554,-18.718,-1.528,-2.6992,-4.286,1.9663,-13.196,5.7817,-2.4319,20.846,-32.685,7.2039,6.8552,5.6873,-0.33684,0.54608,-12.327,4.9111,16.347,-17.333,14.466,3.6497,2.2533,0.060094,-19.037,6.8047,-6.4812,-19.238,3.017,1.4083,-1.4768,1.8955,-17.42,-29.841,-3.2137,-10.609,0,3.7332,-4.7621,2.6753,-15.968,8.5394,3.1213,12.782,-3.3079,-10.882,-4.1469,2.8922,3.9403,7.1818,6.8062,-3.065,10.05,9.491,-18.72,22.902,5.9333,-5.2678,-4.5488,0.22434,-3.5634,46.733,-7.9704,-12.179,1.6335,7.8585,-13.256,-13.119,-10.605,8.2895,3.535,37.587,-2.4492,-16.48,-3.4879,-16.421,-9.1498,0.78829,19.567,8.618,0.55491,2.6962,8.8221,-17.378,-14.266,-4.7601,8.8631,1.6613,1.447,-25.56,10.499,3.7332,0,-18.677,-12.265,-7.9686,7.6121,-26.517,-14.263,2.0157,17.598,-2.5291,0.31357,-26.612,4.7894,2.2032,5.2359,7.0755,0.81528,4.2052,-7.7146,1.5314,10.064,-19.922,-24.04,-16.318,3.9144,10.819,-27.087,12.362,-11.264,8.6934,-0.58614,12.545,25.271,1.709,-1.6224,16.268,-2.8199,-13.54,-0.62434,4.0716,-12.132,14.791,-6.4629,12.695,2.2154,-1.506,9.9674,34.262,4.8678,3.8148,9.7438,5.2893,43.051,2.4095,-4.7621,-18.677,0,15.798,2.2824,-13.644,17.425,5.7807,12.172,-7.0475,19.624,-6.7862,8.74,-9.2261,-11.834,-8.8062,-4.3464,-9.5826,4.4404,3.7501,-17.978,-23.989,17.33,27.42,37.783,-7.103,-14.862,18.674,2.6962,-2.1175,-12.112,3.3367,-18.241,-38.124,2.1411,0.62387,-15.53,13.213,-1.1697,8.3054,-4.4967,23.328,-8.6061,-4.0272,12.226,-15.254,-11.073,0.15856,14.498,22.683,-5.0075,1.8923,-3.4406,17.123,-4.3158,2.6753,-12.265,15.798,0,6.7189,3.9655,8.2803,15.874,0.7415,-6.8988,10.706,9.0079,11.964,-20.584,-18.031,-33.798,-13.841,6.4871,-7.5151,12.496,-6.9609,-12.671,1.496,10.34,23.919,2.517,-37.821,4.9646,2.705,-0.93178,-25.21,10.048,-17.27,-12.84,19.105,5.9808,-2.4343,9.2768,-3.5686,8.9211,5.2073,5.6521,2.7137,-7.0833,-9.5776,-9.9937,2.5322,-5.6705,-4.1617,15.637,-18.486,4.4393,8.0733,3.2838,-2.0781,-15.968,-7.9686,2.2824,6.7189,0,5.0078,-2.268,1.2007,-9.6418,3.6629,-2.3023,13.433,5.9363,-16.241,-9.2517,-7.6434,-32.39,6.6294,0.63077,-5.9596,3.1787,8.5403,-1.7471,-2.1185,4.6114,-12.122,-1.1182,8.2023,-8.0546,-0.45567,3.4424,21.993,6.9355,-5.8857,6.9375,-14.908,7.6904,10.353,7.7626,14.061,20.618,-8.4448,-10.292,-6.5198,-3.6368,-24.593,-8.7794,-14.343,-13.056,13.013,-11.995,-10.157,-10.631,-11.6,-7.8691,8.5394,7.6121,-13.644,3.9655,5.0078,0,-11.358,6.5803,-16.857,2.2626,-10.061,29.996,0.63387,-5.8628,-1.7453,-9.7213,-8.4374,33.067,-15.593,6.5095,13.257,11.398,-24.649,-15.496,-7.3456,12.106,-3.463,-16.51,-0.91889,1.5392,-3.4123,6.6097,4.6781,14.755,15.767,4.5316,19.28,-5.4216,-1.9406,-0.64721,13.955,-22.185,15.393,-2.4858,3.4478,2.0171,-11.569,31.356,19.203,-2.205,-1.7043,-4.7473,-6.0899,22.781,-10.652,3.1213,-26.517,17.425,8.2803,-2.268,-11.358,0,14.876,1.9918,-26.766,3.1959,-6.6464,21.438,2.5307,2.903,-1.163,2.5646,-4.0508,-5.2014,12.383,-2.6193,-16.949,26.385,35.866,13.059,1.725,-10.425,18.615,-8.9649,13.592,-11.293,-8.6504,-19.885,-19.241,-5.9838,8.9985,-32.015,-2.6384,10.164,-6.4862,-14.893,20.914,-9.289,11.933,2.3193,-15.527,-39.403,9.2317,7.5047,8.9251,-11.549,-15.292,-20.264,9.801,-24.472,12.782,-14.263,5.7807,15.874,1.2007,6.5803,14.876,0,-9.5634,-24.989,-3.3906,9.4669,27.609,-3.0943,0.46267,-11.62,-4.2858,13.614,-26.17,32.252,6.3927,-7.5334,3.7481,10.268,7.6941,13.904,-19.188,3.4875,-9.1607,16.198,-20.938,-3.0202,-16.771,-5.6017,6.6171,17.452,-7.2119,-7.1746,7.3547,-7.1783,-3.237,3.5628,3.0592,9.1086,18.647,14.957,10.655,1.3515,14.516,-5.6372,29.694,18.47,11.108,7.6326,20.257,-3.3079,2.0157,12.172,0.7415,-9.6418,-16.857,1.9918,-9.5634,0,5.7095,26.338,-19.471,-10.023,-0.78856,-7.7692,0.76252,7.5351,-24.141,17.275,-5.538,-33.035,-15.734,6.8734,7.6933,9.6529,-6.9588,-1.9159,2.8785,19.036,-15.34,-2.1607,-1.2093,-6.8158,-8.0555,-2.0474,-1.5829,-7.3969,11.788,-15.147,6.9996,-7.307,16.814,-0.45028,-9.3704,-0.024221,3.7226,23.703,-23.476,-9.6784,1.332,6.5458,15.878,17.257,-11.351,22.936,-10.882,17.598,-7.0475,-6.8988,3.6629,2.2626,-26.766,-24.989,5.7095,0,4.4229,0.33607,-27.448,-5.4086,-7.9278,1.4545,-3.4395,-4.3483,15.896,-22.266,-5.7911,9.7754,-13.084,-16.939,-5.5029,-10.577,10.182,-8.6766,13.272,-24.782,12.727,12.078,16.752,7.9914,3.9897,-16.74,18.308,11.384,-12.769,14.282,13.506,-10.051,2.804,-19.518,24.856,4.5187,6.0705,-1.2018,19.782,4.3357,14.657,20.624,10.374,13.814,15.391,-4.1469,-2.5291,19.624,10.706,-2.3023,-10.061,3.1959,-3.3906,26.338,4.4229,0,-8.1972,-4.5027,-10.81,-19.269,-9.1667,-1.6182,-12.839,11.384,-1.9442,-47.148,-18.979,5.0438,9.7145,20.491,-7.137,-10.393,4.6987,18.696,-16.608,-8.6368,6.3571,-10.932,-13.335,6.4881,-1.5115,-4.9633,20.541,-16.016,14.541,-0.76096,14.808,0.22166,-15.785,-5.1887,-35.984,-9.1622,-11.253,-9.0486,21.421,-20.384,-7.4428,-7.1069,-4.6726,-9.7364,2.8922,0.31357,-6.7862,9.0079,13.433,29.996,-6.6464,9.4669,-19.471,0.33607,-8.1972,0,5.8802,-11.99,-5.513,-14.169,-17.945,32.917,-14.634,5.9826,11.565,9.8871,-15.164,-9.3688,-1.6043,6.1365,-6.4497,-6.8147,-4.659,2.7956,-4.5491,12.351,3.2736,6.0821,17.957,0.94674,15.43,-0.86873,2.0608,3.6465,19.113,-18.054,7.1093,-3.5178,-3.0356,-9.3956,-20.345,15.246,7.8465,6.0682,-15.203,-11.606,-11.184,13.902,-24.069,3.9403,-26.612,8.74,11.964,5.9363,0.63387,21.438,27.609,-10.023,-27.448,-4.5027,5.8802,0,-2.1872,2.1404,-6.3696,-6.0181,7.9852,-15.343,16.469,6.5107,-5.9105,10.817,14.784,8.762,4.842,-12.198,12.72,-17.428,20.852,-11.641,-2.3603,-12.326,-11.449,0.59635,8.2969,-11.412,-4.9919,16.394,-5.6999,-3.7699,5.5751,-6.5285,11.966,-6.7238,13.398,-0.56323,10.434,-4.9834,-31.856,5.5159,-10.509,-6.7767,-8.2056,-3.9631,7.1818,4.7894,-9.2261,-20.584,-16.241,-5.8628,2.5307,-3.0943,-0.78856,-5.4086,-10.81,-11.99,-2.1872,0,33.816,25.969,27.312,-5.0281,-0.83469,0.46299,8.0535,2.6196,4.8378,-0.73503,-15.306,6.4016,13.381,-2.6773,-5.828,10.073,8.04,-30.771,3.0068,8.1796,-23.382,6.0066,-7.5246,-20.798,6.4732,-25.348,-19.128,2.2156,-0.5556,19.912,-13.03,7.299,-3.8228,10.482,-8.4657,-20.098,-1.5679,-16.665,-9.6526,-9.0623,-9.9139,6.8062,2.2032,-11.834,-18.031,-9.2517,-1.7453,2.903,0.46267,-7.7692,-7.9278,-19.269,-5.513,2.1404,33.816,0,21.833,16.176,0.42061,-5.2601,2.1018,15.822,6.6674,3.674,-1.9543,-17.767,7.3544,12.984,-1.7506,-12.792,16.762,8.388,-23.28,4.7507,8.9437,-20.255,5.5427,-5.5168,-27.982,12.837,-29.375,-13.462,-1.718,-1.9705,27.745,-11.571,20.532,8.6681,6.7599,-7.8578,-32.472,5.2036,-2.4789,2.9077,-8.9778,2.0124,-3.065,5.2359,-8.8062,-33.798,-7.6434,-9.7213,-1.163,-11.62,0.76252,1.4545,-9.1667,-14.169,-6.3696,25.969,21.833,0,16.498,-10.133,7.5127,-9.6941,5.4396,7.1064,5.4696,-3.0116,-15.652,-3.5104,26.481,0.98608,-5.8717,4.6556,19.764,-14.535,10.642,6.0679,-33.072,-4.3968,-4.3839,-9.9054,7.4882,-11.463,-10.896,0.26365,-7.4513,11.794,2.8276,16.203,0.54744,8.5661,1.0316,-28.028,15.608,-4.9206,-5.3917,-5.0254,1.6386,10.05,7.0755,-4.3464,-13.841,-32.39,-8.4374,2.5646,-4.2858,7.5351,-3.4395,-1.6182,-17.945,-6.0181,27.312,16.176,16.498,0,-9.4753,1.9316,1.6546,-0.31062,-4.3465,4.6319,1.5889,-8.5936,7.5056,7.5144,-4.8044,2.9736,3.1033,2.7661,-29.446,-2.2,6.0977,-15.459,9.2242,-9.1391,-12.884,-2.1429,-17.486,-24.458,7.51,3.9741,10.891,-5.6743,-30.852,-15.527,-6.6222,-9.4489,13.432,-19.079,-15.723,-15.295,-6.353,-16.073,9.491,0.81528,-9.5826,6.4871,6.6294,33.067,-4.0508,13.614,-24.141,-4.3483,-12.839,32.917,7.9852,-5.0281,0.42061,-10.133,-9.4753,0,-24.484,11.435,17.326,8.8528,-13.7,-8.3929,-4.7778,13.539,-6.1211,-9.1514,-6.9685,8.1327,-6.0726,4.3439,1.1332,9.1323,12.775,7.0593,11.012,-8.0364,3.9314,-3.5437,10.176,-16.07,10.073,2.5353,2.1428,18.852,35.268,-3.2724,1.9039,-6.7473,13.401,27.018,32.847,0.79944,28.138,-18.72,4.2052,4.4404,-7.5151,0.63077,-15.593,-5.2014,-26.17,17.275,15.896,11.384,-14.634,-15.343,-0.83469,-5.2601,7.5127,1.9316,-24.484,0,-25.883,-15.384,-0.6188,4.2434,-0.35146,1.9643,-23.268,10.077,5.0808,9.3636,-16.894,12.437,4.6179,7.3172,-4.6304,-6.6258,-18.563,-0.089425,14.871,-6.5421,11.948,0.83767,4.8487,-9.1496,-10.763,6.6233,-11.888,-41.032,8.3462,8.0061,5.0248,-4.7101,-16.513,-27.95,6.6777,-18.554,22.902,-7.7146,3.7501,12.496,-5.9596,6.5095,12.383,32.252,-5.538,-22.266,-1.9442,5.9826,16.469,0.46299,2.1018,-9.6941,1.6546,11.435,-25.883,0,4.6711,-10.052,1.8006,8.6494,5.336,22.762,-18.499,-1.5445,-3.8251,12.992,-24.606,-7.5303,-19.957,-1.8479,6.1523,31.175,-7.4688,-10.176,2.1518,-10.832,-7.1952,4.8815,9.0144,9.2136,-20.935,-8.1433,-9.1405,0.58097,-17.863,-1.2853,-17.57,-23.84,-13.082,-12.238,-18.718,5.9333,1.5314,-17.978,-6.9609,3.1787,13.257,-2.6193,6.3927,-33.035,-5.7911,-47.148,11.565,6.5107,8.0535,15.822,5.4396,-0.31062,17.326,-15.384,4.6711,0,17.096,-6.2228,-9.186,-16.995,9.3515,6.6695,-5.3353,-18.471,17.576,5.2798,-4.9932,8.51,12.755,-3.2755,3.3753,5.5936,-20.108,15.135,-13.761,2.0002,-15.517,1.5113,14.716,-22.773,-3.3834,5.6726,-11.114,-42.471,-0.30651,-10.541,-4.3559,1.8486,-21.895,-1.528,-5.2678,10.064,-23.989,-12.671,8.5403,11.398,-16.949,-7.5334,-15.734,9.7754,-18.979,9.8871,-5.9105,2.6196,6.6674,7.1064,-4.3465,8.8528,-0.6188,-10.052,17.096,0,-13.27,-23.943,-21.046,-2.1818,16.886,-7.8018,-7.2183,1.2724,18.553,4.5019,31.501,16.478,-1.6744,-10.375,18.334,-5.1348,6.1064,-0.77256,12.18,-30.3,-0.34797,0.86864,1.0114,11.265,-1.1183,28.96,16.264,-7.9469,2.5424,1.8815,2.5695,19.199,-2.6992,-4.5488,-19.922,17.33,1.496,-1.7471,-24.649,26.385,3.7481,6.8734,-13.084,5.0438,-15.164,10.817,4.8378,3.674,5.4696,4.6319,-13.7,4.2434,1.8006,-6.2228,-13.27,0,28.238,10.518,-6.6037,-2.1798,27.024,-7.3495,7.8411,-2.2144,-8.0206,-10.342,-21.454,-13.499,0.62327,-33.481,1.0671,9.9728,-3.3282,-15.507,23.943,-18.324,9.2369,8.004,4.0529,-6.7575,22.703,29.464,-1.0682,2.3078,1.3253,-1.2321,32.983,-4.286,0.22434,-24.04,27.42,10.34,-2.1185,-15.496,35.866,10.268,7.6933,-16.939,9.7145,-9.3688,14.784,-0.73503,-1.9543,-3.0116,1.5889,-8.3929,-0.35146,8.6494,-9.186,-23.943,28.238,0,19.733,-1.8713,-11.993,20.597,-3.4432,6.4182,-11.938,-5.2251,-22.106,-27.417,-4.1187,6.0759,-30.875,2.9845,4.9483,-1.304,-13.022,30.056,-9.6605,5.5769,14.699,-2.8548,-3.1569,5.1848,27.708,10.798,1.6505,9.5506,4.1177,33.145,1.9663,-3.5634,-16.318,37.783,23.919,4.6114,-7.3456,13.059,7.6941,9.6529,-5.5029,20.491,-1.6043,8.762,-15.306,-17.767,-15.652,-8.5936,-4.7778,1.9643,5.336,-16.995,-21.046,10.518,19.733,0,-5.2719,-20.93,13.523,4.3881,-3.8327,-15.999,7.507,-18.455,-27.754,8.0765,1.192,-9.6496,15.59,-3.5177,11.505,-0.053018,15.972,-4.7365,-7.5433,3.8781,-9.2927,-21.149,1.6229,-1.3199,0.098012,-1.3508,-21.208,-35.578,-4.9708,-13.196,46.733,3.9144,-7.103,2.517,-12.122,12.106,1.725,13.904,-6.9588,-10.577,-7.137,6.1365,4.842,6.4016,7.3544,-3.5104,7.5056,13.539,-23.268,22.762,9.3515,-2.1818,-6.6037,-1.8713,-5.2719,0,-7.1838,-13.275,-0.47013,9.3671,-11.826,-11.138,-8.0883,10.202,4.505,30.735,-0.13926,-18.313,-1.7052,-16.512,-6.338,-2.3692,19.618,9.1205,-15.807,13.294,15.138,-2.5556,-16.99,-15.902,2.1958,1.0017,7.6452,-16.358,5.7817,-7.9704,10.819,-14.862,-37.821,-1.1182,-3.463,-10.425,-19.188,-1.9159,10.182,-10.393,-6.4497,-12.198,13.381,12.984,26.481,7.5144,-6.1211,10.077,-18.499,6.6695,16.886,-2.1798,-11.993,-20.93,-7.1838,0,-2.8814,-3.6546,-0.8431,40.677,-4.423,24.813,10.829,-16.212,-12.015,5.0869,-4.9963,4.6563,-4.0214,-0.50391,-8.1325,-5.8168,3.9072,-2.4075,5.405,0.83188,16.084,12.368,-0.45724,-3.8239,5.0239,7.0943,21.178,-2.4319,-12.179,-27.087,18.674,4.9646,8.2023,-16.51,18.615,3.4875,2.8785,-8.6766,4.6987,-6.8147,12.72,-2.6773,-1.7506,0.98608,-4.8044,-9.1514,5.0808,-1.5445,-5.3353,-7.8018,27.024,20.597,13.523,-13.275,-2.8814,0,-9.8056,5.7034,-0.61812,1.1532,-5.984,-28.486,-7.5123,-5.9752,-16.381,6.8226,12.46,3.7057,-4.4285,13.749,-28.669,3.9456,21.179,3.2374,8.2604,-11.683,4.9972,1.9138,20.309,14.209,6.5936,-1.1995,20.846,1.6335,12.362,2.6962,2.705,-8.0546,-0.91889,-8.9649,-9.1607,19.036,13.272,18.696,-4.659,-17.428,-5.828,-12.792,-5.8717,2.9736,-6.9685,9.3636,-3.8251,-18.471,-7.2183,-7.3495,-3.4432,4.3881,-0.47013,-3.6546,-9.8056,0,-26.715,-3.8852,4.533,-2.6676,2.1595,8.8483,0.21717,5.1902,10.854,-51.008,9.7613,2.0393,3.0286,12.142,-19.169,-10.921,-3.7651,-17.502,16.908,-1.0829,-4.0254,-13.087,-25.152,-16.874,2.0718,-32.685,7.8585,-11.264,-2.1175,-0.93178,-0.45567,1.5392,13.592,16.198,-15.34,-24.782,-16.608,2.7956,20.852,10.073,16.762,4.6556,3.1033,8.1327,-16.894,12.992,17.576,1.2724,7.8411,6.4182,-3.8327,9.3671,-0.8431,5.7034,-26.715,0,-2.6756,-12.395,-4.2131,-0.78171,-8.1352,9.9273,-9.6555,-19.489,24.176,-19.707,-9.026,0.89578,-4.6151,31.94,-17.093,11.377,18.684,-4.3096,-16.64,-10.936,0.20568,4.0033,11.812,-13.617,7.2039,-13.256,8.6934,-12.112,-25.21,3.4424,-3.4123,-11.293,-20.938,-2.1607,12.727,-8.6368,-4.5491,-11.641,8.04,8.388,19.764,2.7661,-6.0726,12.437,-24.606,5.2798,18.553,-2.2144,-11.938,-15.999,-11.826,40.677,-0.61812,-3.8852,-2.6756,0,0.15688,30.043,7.9443,-13.018,-18.361,6.743,-0.91879,5.0257,0.34497,3.2607,-9.1518,-8.5888,0.84255,0.68953,-10.167,6.4439,-15.925,-1.7606,22.195,-6.6258,12.563,11.86,2.0695,6.8552,-13.119,-0.58614,3.3367,10.048,21.993,6.6097,-8.6504,-3.0202,-1.2093,12.078,6.3571,12.351,-2.3603,-30.771,-23.28,-14.535,-29.446,4.3439,4.6179,-7.5303,-4.9932,4.5019,-8.0206,-5.2251,7.507,-11.138,-4.423,1.1532,4.533,-12.395,0.15688,0,5.1409,-3.7197,16.705,-13.865,13.657,20.888,-4.9703,30.464,31.01,-7.8829,-1.5772,-22.124,-17.549,3.0239,14.53,-11.952,-27.525,-3.6344,-3.8011,2.3575,8.9475,-20.089,5.6873,-10.605,12.545,-18.241,-17.27,6.9355,4.6781,-19.885,-16.771,-6.8158,16.752,-10.932,3.2736,-12.326,3.0068,4.7507,10.642,-2.2,1.1332,7.3172,-19.957,8.51,31.501,-10.342,-22.106,-18.455,-8.0883,24.813,-5.984,-2.6676,-4.2131,30.043,5.1409,0,13.324,-4.4805,-17.322,16.347,-0.52925,2.6507,2.677,10.74,-19.543,-2.9357,-2.6713,-6.3465,-2.6162,0.84278,-12.188,-23.507,-4.1241,-0.034809,-8.4822,-6.4821,-40.407,-0.33684,8.2895,25.271,-38.124,-12.84,-5.8857,14.755,-19.241,-5.6017,-8.0555,7.9914,-13.335,6.0821,-11.449,8.1796,8.9437,6.0679,6.0977,9.1323,-4.6304,-1.8479,12.755,16.478,-21.454,-27.417,-27.754,10.202,10.829,-28.486,2.1595,-0.78171,7.9443,-3.7197,13.324,0,0.63278,2.3352,16.141,-12.037,-3.8997,-7.7236,3.6446,-19.493,14.803,1.5548,9.5553,-22.016,-5.473,-14.654,1.5874,30.228,-4.3632,2.5726,-2.3007,1.6624,0.54608,3.535,1.709,2.1411,19.105,6.9375,15.767,-5.9838,6.6171,-2.0474,3.9897,6.4881,17.957,0.59635,-23.382,-20.255,-33.072,-15.459,12.775,-6.6258,6.1523,-3.2755,-1.6744,-13.499,-4.1187,8.0765,4.505,-16.212,-7.5123,8.8483,-8.1352,-13.018,16.705,-4.4805,0.63278,0,2.6931,11.787,8.7387,-11.28,11.982,16.038,-6.2064,12.594,-15.505,8.7853,-5.7087,-23.67,7.7478,6.6511,-1.0236,1.7539,-15.934,-28.562,2.4399,-12.327,37.587,-1.6224,0.62387,5.9808,-14.908,4.5316,8.9985,17.452,-1.5829,-16.74,-1.5115,0.94674,8.2969,6.0066,5.5427,-4.3968,9.2242,7.0593,-18.563,31.175,3.3753,-10.375,0.62327,6.0759,1.192,30.735,-12.015,-5.9752,0.21717,9.9273,-18.361,-13.865,-17.322,2.3352,2.6931,0,-7.6599,-13.822,-1.619,-15.617,-12.33,5.76,13.429,10.029,-4.6905,-9.6577,5.7384,-36.095,-19.095,9.1425,-4.8692,1.9569,3.0943,-17.587,4.9111,-2.4492,16.268,-15.53,-2.4343,7.6904,19.28,-32.015,-7.2119,-7.3969,18.308,-4.9633,15.43,-11.412,-7.5246,-5.5168,-4.3839,-9.1391,11.012,-0.089425,-7.4688,5.5936,18.334,-33.481,-30.875,-9.6496,-0.13926,5.0869,-16.381,5.1902,-9.6555,6.743,13.657,16.347,16.141,11.787,-7.6599,0,2.9685,-7.0218,7.9935,23.955,-29.264,9.5379,-12.015,8.45,0.70648,12.155,-7.5755,7.9241,10.485,4.0755,30.966,21.508,9.4034,16.347,-16.48,-2.8199,13.213,9.2768,10.353,-5.4216,-2.6384,-7.1746,11.788,11.384,20.541,-0.86873,-4.9919,-20.798,-27.982,-9.9054,-12.884,-8.0364,14.871,-10.176,-20.108,-5.1348,1.0671,2.9845,15.59,-18.313,-4.9963,6.8226,10.854,-19.489,-0.91879,20.888,-0.52925,-12.037,8.7387,-13.822,2.9685,0,-9.3228,39.787,10.84,3.9264,-5.3981,-25.332,-20.657,-0.65608,-6.1486,13.587,-3.6837,-3.5132,-17.034,-11.477,-4.3766,2.4363,-17.333,-3.4879,-13.54,-1.1697,-3.5686,7.7626,-1.9406,10.164,7.3547,-15.147,-12.769,-16.016,2.0608,16.394,6.4732,12.837,7.4882,-2.1429,3.9314,-6.5421,2.1518,15.135,6.1064,9.9728,4.9483,-3.5177,-1.7052,4.6563,12.46,-51.008,24.176,5.0257,-4.9703,2.6507,-3.8997,-11.28,-1.619,-7.0218,-9.3228,0,-9.0081,-3.2653,-1.0893,-15.51,18.982,5.5552,-2.8074,11.695,-12.386,3.3346,14.154,0.7914,24.287,19.555,5.4476,14.466,-16.421,-0.62434,8.3054,8.9211,14.061,-0.64721,-6.4862,-7.1783,6.9996,14.282,14.541,3.6465,-5.6999,-25.348,-29.375,-11.463,-17.486,-3.5437,11.948,-10.832,-13.761,-0.77256,-3.3282,-1.304,11.505,-16.512,-4.0214,3.7057,9.7613,-19.707,0.34497,30.464,2.677,-7.7236,11.982,-15.617,7.9935,39.787,-9.0081,0,17.421,-1.1856,-3.4716,-30.103,-4.2077,-13.481,4.9301,-22.35,-9.6304,19.388,-10.258,6.0307,7.1741,-5.1432,3.6497,-9.1498,4.0716,-4.4967,5.2073,20.618,13.955,-14.893,-3.237,-7.307,13.506,-0.76096,19.113,-3.7699,-19.128,-13.462,-10.896,-24.458,10.176,0.83767,-7.1952,2.0002,12.18,-15.507,-13.022,-0.053018,-6.338,-0.50391,-4.4285,2.0393,-9.026,3.2607,31.01,10.74,3.6446,16.038,-12.33,23.955,10.84,-3.2653,17.421,0,-17.704,1.8317,-15.959,13.001,10.587,-1.6503,18.006,31.331,-5.9157,11.288,5.2011,1.4961,21.567,2.2533,0.78829,-12.132,23.328,5.6521,-8.4448,-22.185,20.914,3.5628,16.814,-10.051,14.808,-18.054,5.5751,2.2156,-1.718,0.26365,7.51,-16.07,4.8487,4.8815,-15.517,-30.3,23.943,30.056,15.972,-2.3692,-8.1325,13.749,3.0286,0.89578,-9.1518,-7.8829,-19.543,-19.493,-6.2064,5.76,-29.264,3.9264,-1.0893,-1.1856,-17.704,0,-6.449,2.9331,9.7742,-8.8658,-6.8291,-11.034,-3.4443,4.1274,4.692,-5.6867,-11.552,-9.4776,0.060094,19.567,14.791,-8.6061,2.7137,-10.292,15.393,-9.289,3.0592,-0.45028,2.804,0.22166,7.1093,-6.5285,-0.5556,-1.9705,-7.4513,3.9741,10.073,-9.1496,9.0144,1.5113,-0.34797,-18.324,-9.6605,-4.7365,19.618,-5.8168,-28.669,12.142,-4.6151,-8.5888,-1.5772,-2.9357,14.803,12.594,13.429,9.5379,-5.3981,-15.51,-3.4716,1.8317,-6.449,0,-4.2397,-10.066,2.9506,-11.499,19.524,-1.625,-12.293,-5.5711,-21.71,-14.522,-0.63563,-19.037,8.618,-6.4629,-4.0272,-7.0833,-6.5198,-2.4858,11.933,9.1086,-9.3704,-19.518,-15.785,-3.5178,11.966,19.912,27.745,11.794,10.891,2.5353,-10.763,9.2136,14.716,0.86864,9.2369,5.5769,-7.5433,9.1205,3.9072,3.9456,-19.169,31.94,0.84255,-22.124,-2.6713,1.5548,-15.505,10.029,-12.015,-25.332,18.982,-30.103,-15.959,2.9331,-4.2397,0
