0,2.7576,3.8855,-5.8348,9.6705,11.108,-6.2169,-7.9698,2.9823,5.2568,-2.2298,-6.3206,-2.3561,-18.37,5.3674,-14.379,-3.078,17.709,12.829,6.3523,-0.84559,-4.513,-1.2194,9.6385,-1.4107,-8.4682,9.9683,-5.2398,1.3164,9.8866,15.495,5.1354,-14.122,-14.145,5.6824,-4.7423,11.356,-4.249,2.847,3.7954,5.9019,-0.16497,21.61,-0.10788,-3.9228,-7.6759,11.092,-11.515,1.3334,-0.9776,-15.701,-2.3694,5.0175,0.96592,10.272,2.7576,0,21.325,-1.0027,-1.1153,-11.741,4.2811,4.7706,-4.7747,-2.3378,-5.8074,-0.77375,-16.203,2.406,7.4532,-0.0070092,-9.1937,1.7099,6.1946,-17.394,-8.9992,8.2908,8.9071,11.456,4.6883,6.3981,-12.812,-24.073,1.9754,4.6704,-7.4275,-11.316,-0.55489,-11.005,10.816,-1.9766,13.27,19.191,-7.2554,-23.585,-3.5368,5.4989,9.7103,9.6718,-6.6127,5.311,-11.206,-7.5253,-8.2488,-11.293,1.4806,17.248,-20.04,4.8401,-6.57,3.8855,21.325,0,-8.6656,7.0805,-2.1084,10.52,3.2617,-4.7729,3.0726,1.1962,-8.3503,-9.8775,-0.96811,13.675,-3.6184,-1.1796,12.098,5.6177,-6.2594,-4.6097,1.7327,4.5515,6.3203,-4.4826,-1.6267,-8.6028,-30.396,2.3104,13.469,-2.1507,-0.53708,-11.287,-11.287,4.7216,-6.5895,24.502,9.4049,-12.066,-11.618,-13.321,0.42912,5.2626,6.0518,-10.142,9.1801,-3.4614,-15.623,-8.0555,-1.4439,-7.9969,11.356,-22.025,4.0614,-11.649,-5.8348,-1.0027,-8.6656,0,-15.118,-5.1826,-14.264,-12.386,-15.681,-11.546,-21.076,-0.42052,-8.8228,-2.5878,-11.469,18.201,0.47647,-12.94,-14.867,-5.1556,-10.501,-3.9756,-9.0151,-4.3587,15.038,15.665,-0.21561,7.8595,-18.805,-7.7946,-2.1421,-7.876,11.271,12.987,7.8333,-5.1865,-12.187,8.84,13.777,0.77803,14.074,15.499,-7.3454,14.006,0.2306,-1.5289,-9.4885,14.229,-9.9232,-1.3291,11.224,-1.56,-1.1935,8.4229,2.9469,9.6705,-1.1153,7.0805,-15.118,0,18.876,10.419,-1.7642,7.3584,25.665,15.487,-14.424,10.791,-4.5506,15.311,-20.558,2.4888,16.904,10.032,17.269,14.741,2.4374,-4.6174,-2.5612,-21.736,-37.161,14.172,-2.1664,10.313,22.721,15.348,23.889,-17.42,-3.9506,3.7342,2.3161,6.6515,-15.23,1.9968,9.6107,-4.5085,-20.305,5.4159,-12.146,-2.126,-8.3181,6.0194,-20.693,11.017,-1.1037,-27.844,-9.6758,3.5294,-14.142,0.98446,11.108,-11.741,-2.1084,-5.1826,18.876,0,0.12728,-13.244,1.2744,12.2,6.2568,-15.953,10.618,-13.616,6.2173,-9.9768,7.4959,16.325,2.5059,36.866,8.439,-9.3121,-15.666,-5.6377,-12.09,-21.306,25.52,6.5121,-1.1285,13.136,30.53,31.105,-18.309,2.4094,-0.23859,-5.054,1.6599,-19.73,8.1013,26.524,2.0153,-8.9574,0.048286,-7.5409,-0.35256,-8.0981,14.557,-9.7451,5.7045,7.9444,-24.743,-17.434,9.768,-6.0592,6.9718,-6.2169,4.2811,10.52,-14.264,10.419,0.12728,0,11.543,4.2884,6.2214,14.52,-0.63801,9.2021,14.528,19.958,-3.3847,-4.8767,3.4052,8.6566,1.2441,6.214,10.294,1.9656,2.0882,-8.8738,-8.7573,-4.2756,-4.5027,10.894,4.2726,-1.2246,4.747,-5.715,1.1465,-5.0106,3.7327,6.2246,-2.061,-10.823,-3.782,-12.205,-13.295,-3.8186,-11.674,6.1516,6.2809,-0.37415,-13.993,5.197,-3.607,-3.4834,5.2874,-7.4869,-11.317,-5.357,-7.9698,4.7706,3.2617,-12.386,-1.7642,-13.244,11.543,0,14.703,1.4036,12.161,15.347,3.8801,19.688,1.1607,-3.9852,-5.1879,-6.1318,6.3958,-9.473,6.0436,14.645,24.462,3.7419,-3.2598,0.79701,-12.889,-5.8256,19.101,-5.76,-16.566,-7.2369,7.5949,-7.1852,-7.3974,15.12,1.3125,1.5795,-15.748,-13.147,-11.513,-7.5986,2.3752,-8.415,3.0209,4.6024,-4.0886,0.74921,7.889,-5.8966,7.9618,9.2222,-2.1784,-6.2047,-7.4331,2.9823,-4.7747,-4.7729,-15.681,7.3584,1.2744,4.2884,14.703,0,12.186,19.287,8.4205,14.022,5.7948,-0.084248,-18.889,-2.2984,-0.46608,10.958,4.4949,19.573,10.834,12.612,0.34809,-10.212,-11.479,4.4835,2.3363,29.601,-0.15645,-0.78025,3.9188,2.5902,-8.2696,-4.0293,22.755,-2.7707,-13.884,-2.4574,1.6184,-2.5658,-18.502,9.2331,-20.442,3.6972,-10.034,3.842,-1.3275,27.709,-5.5664,-1.9677,-4.9829,14.106,-16.015,2.8387,5.2568,-2.3378,3.0726,-11.546,25.665,12.2,6.2214,1.4036,12.186,0,19.376,-11.244,10.398,-2.6502,5.329,-23.418,6.5136,7.8594,4.4633,13.682,26.321,5.6872,-0.040841,-9.2103,-29.486,-25.946,13.944,-0.66402,14.941,19.753,7.6745,19.494,-6.6091,-4.1348,6.8053,10.198,-0.0037784,-16.893,5.0514,8.9022,-4.9173,-25.16,5.2557,-11.498,-6.0573,-14.516,-0.38278,-8.7338,16.818,-3.1516,-16.599,-14.989,6.8638,-16.947,-2.8712,-2.2298,-5.8074,1.1962,-21.076,15.487,6.2568,14.52,12.161,19.287,19.376,0,-0.74361,18.23,6.8287,5.6377,-15.439,4.627,4.1048,5.6365,9.8308,26.72,7.0827,5.2624,-6.731,-25.294,-19.354,4.7836,0.81566,21.902,6.9373,0.8813,13.253,-3.7299,-2.7353,-5.9316,13.343,-0.19539,-16.921,-4.8607,5.158,-12.331,-31.911,-0.23666,-21.281,0.83508,-4.1713,3.3739,-6.1627,19.495,0.47371,-7.8581,-7.2933,6.2906,-17.963,-4.9471,-6.3206,-0.77375,-8.3503,-0.42052,-14.424,-15.953,-0.63801,15.347,8.4205,-11.244,-0.74361,0,1.8714,13.945,-6.117,4.4853,-10.907,-13.968,4.0752,-11.515,-2.7024,7.684,13.977,8.7479,11.019,10.131,-11.125,3.3441,5.4615,-26.345,-13.016,-16.854,15.029,-1.5094,-10.185,9.163,-5.1577,4.239,-7.4963,-9.9555,2.4386,2.8931,1.5117,-4.3113,11.7,3.7916,-0.029632,9.4575,3.5045,-4.9501,20.332,10.045,3.6461,-0.11499,4.2148,-2.3561,-16.203,-9.8775,-8.8228,10.791,10.618,9.2021,3.8801,14.022,10.398,18.23,1.8714,0,6.7683,5.0401,-7.8205,-0.5148,-0.22009,5.7662,17.105,19.187,5.195,-4.1487,-5.1406,-10.539,-17.021,12.054,15.178,10.83,-0.63317,8.0282,13.866,-1.6348,7.4364,-7.9431,10.599,-8.2223,-24.883,3.2947,13.869,0.75575,-22.142,-4.082,-35.171,13.562,-7.8956,8.1382,-3.4418,22.433,-0.39049,-4.2999,-11.723,15.448,-23.194,7.4352,-18.37,2.406,-0.96811,-2.5878,-4.5506,-13.616,14.528,19.688,5.7948,-2.6502,6.8287,13.945,6.7683,0,3.1105,4.8869,-9.1106,-14.582,2.5012,-8.333,3.3667,18.037,8.0783,1.4922,1.7717,3.6014,-10.938,2.1048,9.406,-10.72,-13.545,-7.6184,12.046,5.6977,-5.6121,12.314,-5.8704,3.1216,-7.1522,-9.5056,-4.1676,-5.8588,-6.3712,-8.5318,11.869,4.7546,-8.284,2.3887,5.9097,-9.1355,14.244,7.937,-3.5029,-8.9894,-3.3864,5.3674,7.4532,13.675,-11.469,15.311,6.2173,19.958,1.1607,-0.084248,5.329,5.6377,-6.117,5.0401,3.1105,0,-5.9084,-9.8559,11.983,16.769,4.0966,0.68157,5.8142,-3.8445,9.5721,-4.5209,-11.09,1.291,-6.2431,5.2893,9.0217,8.9686,6.3143,-15.474,-1.8648,0.64033,-3.4174,13.254,-1.1908,-5.4627,-1.4638,-3.3051,-8.0225,3.4717,-7.6575,6.0157,2.9115,4.4943,-34.746,1.6688,-5.2981,-10.861,5.2597,-7.0965,-7.9367,2.9804,-14.379,-0.0070092,-3.6184,18.201,-20.558,-9.9768,-3.3847,-3.9852,-18.889,-23.418,-15.439,4.4853,-7.8205,4.8869,-5.9084,0,-0.78015,-11.764,-13.504,-9.6316,-16.804,-5.2631,-5.7473,-0.66927,16.901,21.83,-10.821,4.1178,-19.201,-14.014,-8.0648,-11.602,8.5702,14.202,-3.7642,-9.5064,-5.5473,14.199,-0.40605,-4.5791,3.0539,17.816,-16.443,12.099,4.303,12.991,-5.4997,11.171,-16.648,4.1271,16.332,7.8177,-8.9085,12.392,-2.0576,-3.078,-9.1937,-1.1796,0.47647,2.4888,7.4959,-4.8767,-5.1879,-2.2984,6.5136,4.627,-10.907,-0.5148,-9.1106,-9.8559,-0.78015,0,4.1527,-17.72,7.9494,5.9505,-13.885,-3.7997,-22.858,-12.418,-3.2957,4.5479,0.94805,-4.3736,7.9761,0.16782,10.886,-3.0051,1.7157,-2.002,-3.3624,-2.5246,-6.4964,1.9941,10.199,-9.7134,-1.1762,-8.7516,4.3471,-15.65,0.27318,0.92919,6.4616,-2.0193,18.462,-6.5601,-12.458,1.9869,4.7461,-12.678,17.709,1.7099,12.098,-12.94,16.904,16.325,3.4052,-6.1318,-0.46608,7.8594,4.1048,-13.968,-0.22009,-14.582,11.983,-11.764,4.1527,0,8.1729,10.143,0.57444,-9.3691,-4.0854,3.9617,-9.6951,-13.461,6.4663,-9.203,0.38968,18.009,14.458,12.921,-41.038,-10.417,-0.81089,-10.664,20.571,-5.4279,-4.6272,5.3265,-6.3835,-3.4024,7.2154,-0.89668,-6.9073,1.6319,14.169,-19.538,-2.0214,7.9895,-29.533,-1.5691,-2.0062,1.8117,0.15698,12.829,6.1946,5.6177,-14.867,10.032,2.5059,8.6566,6.3958,10.958,4.4633,5.6365,4.0752,5.7662,2.5012,16.769,-13.504,-17.72,8.1729,0,1.2813,2.5543,9.9083,5.5194,19.16,-0.92634,-9.4416,1.8666,-4.9127,13.235,2.5079,6.6481,0.56622,-7.8251,-10.888,-0.30167,4.3122,10.387,-3.2326,-5.3432,-3.8864,2.1026,-8.0823,17.127,-11.849,8.4172,-3.2826,7.6447,-18.07,8.5904,-10.604,-6.339,5.8151,2.1091,-9.3929,10.518,6.3523,-17.394,-6.2594,-5.1556,17.269,36.866,1.2441,-9.473,4.4949,13.682,9.8308,-11.515,17.105,-8.333,4.0966,-9.6316,7.9494,10.143,1.2813,0,13.346,-6.3601,-14.302,-8.9147,-13.848,-22.935,28.002,11.399,1.3334,9.3855,22.941,34.235,-11.857,5.4765,-2.1452,-0.49943,-3.1628,-28.916,9.2677,34.848,2.1038,-12.974,-2.5587,-12.16,2.3905,-10.077,12.882,-6.2472,10.325,7.0418,-17.568,-22.764,14.162,-10.257,7.0582,-0.84559,-8.9992,-4.6097,-10.501,14.741,8.439,6.214,6.0436,19.573,26.321,26.72,-2.7024,19.187,3.3667,0.68157,-16.804,5.9505,0.57444,2.5543,13.346,0,7.7737,1.9452,-11.807,-23.107,-19.965,12.2,6.186,18.484,7.4647,3.5933,15.405,0.11717,0.16938,0.4852,18.408,-7.2371,-23.201,4.6342,10.279,-3.9483,-32.758,0.89362,-19.393,-0.0090242,-14.389,0.26906,-1.9097,28.758,-2.5511,-7.3966,-16.758,13.248,-23.167,-1.2547,-4.513,8.2908,1.7327,-3.9756,2.4374,-9.3121,10.294,14.645,10.834,5.6872,7.0827,7.684,5.195,18.037,5.8142,-5.2631,-13.885,-9.3691,9.9083,-6.3601,7.7737,0,9.826,4.0021,-1.0432,-2.0319,-3.1401,-1.3081,17.799,-1.759,-6.6135,-5.0791,9.3626,-1.3703,6.4767,20.509,-3.8725,0.92222,-0.17496,-9.2149,1.3415,-10.508,5.8394,-9.5099,6.7892,-6.5855,-11.953,-3.0278,12.392,-28.207,6.0981,3.796,-0.36231,-16.271,0.68768,-1.2194,8.9071,4.5515,-9.0151,-4.6174,-15.666,1.9656,24.462,12.612,-0.040841,5.2624,13.977,-4.1487,8.0783,-3.8445,-5.7473,-3.7997,-4.0854,5.5194,-14.302,1.9452,9.826,0,6.1068,-0.3558,4.4459,-13.519,-11.345,14.454,-4.0868,-17.702,-11.712,7.8256,-16.907,-2.3977,11.673,4.1695,5.385,-13.543,-17.412,-8.5614,-1.402,9.9,-0.9531,-3.9579,2.6496,-4.8547,3.0219,3.7769,-5.7558,7.1725,10.332,-2.2954,0.38347,-7.4896,9.6385,11.456,6.3203,-4.3587,-2.5612,-5.6377,2.0882,3.7419,0.34809,-9.2103,-6.731,8.7479,-5.1406,1.4922,9.5721,-0.66927,-22.858,3.9617,19.16,-8.9147,-11.807,4.0021,6.1068,0,12.212,4.1631,-7.4576,-8.0978,1.4567,-5.1178,0.56859,-11.201,-3.7375,-9.9965,-1.6879,-3.8973,12.873,9.0486,-8.8592,-12.24,4.3266,6.0969,13.14,0.50747,7.5197,5.5237,5.4756,-9.0535,-4.0016,-7.383,1.9974,18.654,-4.9761,3.4988,9.3526,-1.4107,4.6883,-4.4826,15.038,-21.736,-12.09,-8.8738,-3.2598,-10.212,-29.486,-25.294,11.019,-10.539,1.7717,-4.5209,16.901,-12.418,-9.6951,-0.92634,-13.848,-23.107,-1.0432,-0.3558,12.212,0,22.828,-9.0699,1.7933,-12.29,-17.879,-4.8429,-21.836,8.6817,3.4013,-0.010063,-6.4947,-1.9535,16.465,0.60537,-9.0221,12.859,22.218,0.11464,10.49,7.6064,5.9715,-2.2395,7.4036,-11.961,-3.9843,16.369,12.605,-4.1191,11.532,8.2523,-8.4682,6.3981,-1.6267,15.665,-37.161,-21.306,-8.7573,0.79701,-11.479,-25.946,-19.354,10.131,-17.021,3.6014,-11.09,21.83,-3.2957,-13.461,-9.4416,-22.935,-19.965,-2.0319,4.4459,4.1631,22.828,0,-17.723,-2.4071,-11.935,-15.654,-15.908,-27.61,13.84,2.3015,-0.37726,-5.0183,-2.6804,24.001,-3.0682,-13.769,3.1464,25.438,-4.1854,17.868,-0.64379,10.521,-8.8498,14.698,-16.317,-0.25184,22.661,13.467,-9.111,17.52,-3.3232,9.9683,-12.812,-8.6028,-0.21561,14.172,25.52,-4.2756,-12.889,4.4835,13.944,4.7836,-11.125,12.054,-10.938,1.291,-10.821,4.5479,6.4663,1.8666,28.002,12.2,-3.1401,-13.519,-7.4576,-9.0699,-17.723,0,12.246,1.0906,9.1598,24.404,20.961,-7.0064,4.3309,5.3727,2.001,-6.2068,-22.065,18.991,27.681,9.5419,-10.244,2.4552,-8.8837,1.417,-20.755,7.3547,-4.0543,11.511,0.59806,-14.386,-27.319,17.812,-10.805,11.398,-5.2398,-24.073,-30.396,7.8595,-2.1664,6.5121,-4.5027,-5.8256,2.3363,-0.66402,0.81566,3.3441,15.178,2.1048,-6.2431,4.1178,0.94805,-9.203,-4.9127,11.399,6.186,-1.3081,-11.345,-8.0978,1.7933,-2.4071,12.246,0,-3.1141,-9.1493,6.5731,5.5404,6.5448,19.35,-4.3424,4.5182,-23.382,-12.351,14.22,16.912,12.653,-3.711,-9.5412,-9.0853,13.769,-8.7945,4.0994,8.8677,8.6492,1.4816,4.2227,-14.002,18.239,-7.9079,12.421,1.3164,1.9754,2.3104,-18.805,10.313,-1.1285,10.894,19.101,29.601,14.941,21.902,5.4615,10.83,9.406,5.2893,-19.201,-4.3736,0.38968,13.235,1.3334,18.484,17.799,14.454,1.4567,-12.29,-11.935,1.0906,-3.1141,0,3.6591,-2.8506,3.1641,1.3337,-9.4598,-0.39879,22.831,0.87652,-8.7372,-5.0136,-3.0487,-6.2683,-21.808,9.5564,-17.877,1.9097,-7.4486,-1.075,-5.9962,22.243,-9.977,-2.84,-1.22,5.5802,-18.472,-1.4498,9.8866,4.6704,13.469,-7.7946,22.721,13.136,4.2726,-5.76,-0.15645,19.753,6.9373,-26.345,-0.63317,-10.72,9.0217,-14.014,7.9761,18.009,2.5079,9.3855,7.4647,-1.759,-4.0868,-5.1178,-17.879,-15.654,9.1598,-9.1493,3.6591,0,9.9813,16.155,-16.269,-6.6946,10.507,-2.7033,9.7067,-5.7458,2.5576,5.2817,-6.6624,-8.6046,5.5727,0.09171,-14.044,-5.6238,-0.035746,-14.685,1.7345,0.93954,-26.6,-7.5637,-3.1096,-3.7984,-6.0245,15.495,-7.4275,-2.1507,-2.1421,15.348,30.53,-1.2246,-16.566,-0.78025,7.6745,0.8813,-13.016,8.0282,-13.545,8.9686,-8.0648,0.16782,14.458,6.6481,22.941,3.5933,-6.6135,-17.702,0.56859,-4.8429,-15.908,24.404,6.5731,-2.8506,9.9813,0,17.913,-17.011,2.4443,2.8249,-6.4548,2.4146,-13.265,10.497,19.019,8.5675,-5.3584,3.5412,-6.1251,3.4285,-9.2959,13.733,-12.101,4.0846,2.4913,-19.432,-11.906,8.7307,-5.588,14.342,5.1354,-11.316,-0.53708,-7.876,23.889,31.105,4.747,-7.2369,3.9188,19.494,13.253,-16.854,13.866,-7.6184,6.3143,-11.602,10.886,12.921,0.56622,34.235,15.405,-5.0791,-11.712,-11.201,-21.836,-27.61,20.961,5.5404,3.1641,16.155,17.913,0,-14.435,3.2747,-0.20455,-0.44556,-0.059927,-23.272,6.3388,23.214,-3.1763,-15.748,-2.7344,-10.375,-2.0987,-8.0696,8.7764,-9.0431,9.1251,6.9936,-23.005,-20.073,8.1769,-10.336,0.98386,-14.122,-0.55489,-11.287,11.271,-17.42,-18.309,-5.715,7.5949,2.5902,-6.6091,-3.7299,15.029,-1.6348,12.046,-15.474,8.5702,-3.0051,-41.038,-7.8251,-11.857,0.11717,9.3626,7.8256,-3.7375,8.6817,13.84,-7.0064,6.5448,1.3337,-16.269,-17.011,-14.435,0,5.712,1.8008,12.652,-18.248,5.6464,3.8678,-6.7929,5.3934,3.6342,-3.7231,1.9334,3.5425,-2.8243,-14.818,22.116,2.5928,-8.1628,27.693,1.5738,2.7759,-0.74797,-1.4012,-14.145,-11.005,-11.287,12.987,-3.9506,2.4094,1.1465,-7.1852,-8.2696,-4.1348,-2.7353,-1.5094,7.4364,5.6977,-1.8648,14.202,1.7157,-10.417,-10.888,5.4765,0.16938,-1.3703,-16.907,-9.9965,3.4013,2.3015,4.3309,19.35,-9.4598,-6.6946,2.4443,3.2747,5.712,0,-1.8832,-1.6297,-16.47,-2.6511,10.256,9.4147,6.7049,0.37735,-22.931,-1.8298,10.333,-0.20944,-2.9387,6.646,-0.55483,1.9076,6.2026,-6.7908,2.3228,-3.534,3.3897,5.6824,10.816,4.7216,7.8333,3.7342,-0.23859,-5.0106,-7.3974,-4.0293,6.8053,-5.9316,-10.185,-7.9431,-5.6121,0.64033,-3.7642,-2.002,-0.81089,-0.30167,-2.1452,0.4852,6.4767,-2.3977,-1.6879,-0.010063,-0.37726,5.3727,-4.3424,-0.39879,10.507,2.8249,-0.20455,1.8008,-1.8832,0,2.1868,-1.204,4.0769,13.679,-1.8388,7.9189,0.5498,8.343,7.0463,-8.4418,-12.657,-14.469,-2.4526,-0.27204,-13.733,-3.3246,-3.8453,-2.7854,-2.1808,0.073082,-4.7423,-1.9766,-6.5895,-5.1865,2.3161,-5.054,3.7327,15.12,22.755,10.198,13.343,9.163,10.599,12.314,-3.4174,-9.5064,-3.3624,-10.664,4.3122,-0.49943,18.408,20.509,11.673,-3.8973,-6.4947,-5.0183,2.001,4.5182,22.831,-2.7033,-6.4548,-0.44556,12.652,-1.6297,2.1868,0,-10.851,-7.7067,2.4988,-1.4034,0.31032,-15.343,4.4431,-13.919,3.8047,-12.496,-7.3028,4.191,24.068,-12.904,5.1696,-5.0248,10.027,-18.372,0.05429,11.356,13.27,24.502,-12.187,6.6515,1.6599,6.2246,1.3125,-2.7707,-0.0037784,-0.19539,-5.1577,-8.2223,-5.8704,13.254,-5.5473,-2.5246,20.571,10.387,-3.1628,-7.2371,-3.8725,4.1695,12.873,-1.9535,-2.6804,-6.2068,-23.382,0.87652,9.7067,2.4146,-0.059927,-18.248,-16.47,-1.204,-10.851,0,6.2025,-15.086,-8.0462,-9.9243,2.6002,9.1883,4.2676,-6.6695,10.331,6.5995,-17.604,-8.2759,3.0787,-10.746,12.001,-12.687,7.0505,-4.1421,-4.249,19.191,9.4049,8.84,-15.23,-19.73,-2.061,1.5795,-13.884,-16.893,-16.921,4.239,-24.883,3.1216,-1.1908,14.199,-6.4964,-5.4279,-3.2326,-28.916,-23.201,0.92222,5.385,9.0486,16.465,24.001,-22.065,-12.351,-8.7372,-5.7458,-13.265,-23.272,5.6464,-2.6511,4.0769,-7.7067,6.2025,0,-6.9636,-23.247,-0.74086,20.151,0.20931,20.195,-3.7474,13.285,-10.864,3.0907,-20.626,-3.7877,11.767,22.521,-21.704,16.051,-6.3066,2.847,-7.2554,-12.066,13.777,1.9968,8.1013,-10.823,-15.748,-2.4574,5.0514,-4.8607,-7.4963,3.2947,-7.1522,-5.4627,-0.40605,1.9941,-4.6272,-5.3432,9.2677,4.6342,-0.17496,-13.543,-8.8592,0.60537,-3.0682,18.991,14.22,-5.0136,2.5576,10.497,6.3388,3.8678,10.256,13.679,2.4988,-15.086,-6.9636,0,13.725,19.102,-1.2892,-0.50337,0.072387,0.92026,-20.844,-3.9752,4.654,4.9441,-4.9585,-1.9604,-18.192,11.224,-5.6129,9.7418,3.7954,-23.585,-11.618,0.77803,9.6107,26.524,-3.782,-13.147,1.6184,8.9022,5.158,-9.9555,13.869,-9.5056,-1.4638,-4.5791,10.199,5.3265,-3.8864,34.848,10.279,-9.2149,-17.412,-12.24,-9.0221,-13.769,27.681,16.912,-3.0487,5.2817,19.019,23.214,-6.7929,9.4147,-1.8388,-1.4034,-8.0462,-23.247,13.725,0,5.3175,-7.7537,-5.5686,-7.9391,2.2347,-10.522,10.59,-0.18769,7.6258,8.7623,-11.266,-28.033,16.487,-6.6906,7.6745,5.9019,-3.5368,-13.321,14.074,-4.5085,2.0153,-12.205,-11.513,-2.5658,-4.9173,-12.331,2.4386,0.75575,-4.1676,-3.3051,3.0539,-9.7134,-6.3835,2.1026,2.1038,-3.9483,1.3415,-8.5614,4.3266,12.859,3.1464,9.5419,12.653,-6.2683,-6.6624,8.5675,-3.1763,5.3934,6.7049,7.9189,0.31032,-9.9243,-0.74086,19.102,5.3175,0,5.0935,4.2421,0.47184,9.4291,-12.251,0.21152,3.8418,1.8167,-8.6837,4.0375,-4.6263,9.8137,-1.8565,23.864,-0.16497,5.4989,0.42912,15.499,-20.305,-8.9574,-13.295,-7.5986,-18.502,-25.16,-31.911,2.8931,-22.142,-5.8588,-8.0225,17.816,-1.1762,-3.4024,-8.0823,-12.974,-32.758,-10.508,-1.402,6.0969,22.218,25.438,-10.244,-3.711,-21.808,-8.6046,-5.3584,-15.748,3.6342,0.37735,0.5498,-15.343,2.6002,20.151,-1.2892,-7.7537,5.0935,0,-1.7613,25.898,-3.326,10.468,-1.9286,8.3976,-26.879,4.5687,9.4181,10.72,-8.855,30.364,-0.052817,21.61,9.7103,5.2626,-7.3454,5.4159,0.048286,-3.8186,2.3752,9.2331,5.2557,-0.23666,1.5117,-4.082,-6.3712,3.4717,-16.443,-8.7516,7.2154,17.127,-2.5587,0.89362,5.8394,9.9,13.14,0.11464,-4.1854,2.4552,-9.5412,9.5564,5.5727,3.5412,-2.7344,-3.7231,-22.931,8.343,4.4431,9.1883,0.20931,-0.50337,-5.5686,4.2421,-1.7613,0,-1.1423,-3.6733,-8.6796,2.107,-7.9234,4.9473,-10.338,-6.0224,2.9141,3.0747,-1.9134,6.3763,-0.10788,9.6718,6.0518,14.006,-12.146,-7.5409,-11.674,-8.415,-20.442,-11.498,-21.281,-4.3113,-35.171,-8.5318,-7.6575,12.099,4.3471,-0.89668,-11.849,-12.16,-19.393,-9.5099,-0.9531,0.50747,10.49,17.868,-8.8837,-9.0853,-17.877,0.09171,-6.1251,-10.375,1.9334,-1.8298,7.0463,-13.919,4.2676,20.195,0.072387,-7.9391,0.47184,25.898,-1.1423,0,-13.257,7.8451,-7.6441,6.4064,-27.441,4.0618,4.4219,7.1525,-13.336,26.867,-7.3671,-3.9228,-6.6127,-10.142,0.2306,-2.126,-0.35256,6.1516,3.0209,3.6972,-6.0573,0.83508,11.7,13.562,11.869,6.0157,4.303,-15.65,-6.9073,8.4172,2.3905,-0.0090242,6.7892,-3.9579,7.5197,7.6064,-0.64379,1.417,13.769,1.9097,-14.044,3.4285,-2.0987,3.5425,10.333,-8.4418,3.8047,-6.6695,-3.7474,0.92026,2.2347,9.4291,-3.326,-3.6733,-13.257,0,-0.1776,5.8083,-1.2511,6.6842,-5.7296,7.0191,2.3223,6.4061,-9.1959,16.312,-7.6759,5.311,9.1801,-1.5289,-8.3181,-8.0981,6.2809,4.6024,-10.034,-14.516,-4.1713,3.7916,-7.8956,4.7546,2.9115,12.991,0.27318,1.6319,-3.2826,-10.077,-14.389,-6.5855,2.6496,5.5237,5.9715,10.521,-20.755,-8.7945,-7.4486,-5.6238,-9.2959,-8.0696,-2.8243,-0.20944,-12.657,-12.496,10.331,13.285,-20.844,-10.522,-12.251,10.468,-8.6796,7.8451,-0.1776,0,2.1044,-0.44058,-17.08,9.8464,5.4118,18.353,-17.744,14.055,-9.4467,11.092,-11.206,-3.4614,-9.4885,6.0194,14.557,-0.37415,-4.0886,3.842,-0.38278,3.3739,-0.029632,8.1382,-8.284,4.4943,-5.4997,0.92919,14.169,7.6447,12.882,0.26906,-11.953,-4.8547,5.4756,-2.2395,-8.8498,7.3547,4.0994,-1.075,-0.035746,13.733,8.7764,-14.818,-2.9387,-14.469,-7.3028,6.5995,-10.864,-3.9752,10.59,0.21152,-1.9286,2.107,-7.6441,5.8083,2.1044,0,-6.7017,1.9812,12.272,-10.15,-2.7671,8.716,0.76526,10.23,-11.515,-7.5253,-15.623,14.229,-20.693,-9.7451,-13.993,0.74921,-1.3275,-8.7338,-6.1627,9.4575,-3.4418,2.3887,-34.746,11.171,6.4616,-19.538,-18.07,-6.2472,-1.9097,-3.0278,3.0219,-9.0535,7.4036,14.698,-4.0543,8.8677,-5.9962,-14.685,-12.101,-9.0431,22.116,6.646,-2.4526,4.191,-17.604,3.0907,4.654,-0.18769,3.8418,8.3976,-7.9234,6.4064,-1.2511,-0.44058,-6.7017,0,-2.0792,3.5289,17.956,-2.7977,5.1747,6.5167,-2.7344,1.3334,-8.2488,-8.0555,-9.9232,11.017,5.7045,5.197,7.889,27.709,16.818,19.495,3.5045,22.433,5.9097,1.6688,-16.648,-2.0193,-2.0214,8.5904,10.325,28.758,12.392,3.7769,-4.0016,-11.961,-16.317,11.511,8.6492,22.243,1.7345,4.0846,9.1251,2.5928,-0.55483,-0.27204,24.068,-8.2759,-20.626,4.9441,7.6258,1.8167,-26.879,4.9473,-27.441,6.6842,-17.08,1.9812,-2.0792,0,-7.7975,-3.5706,-11.767,18.041,-29.691,5.8637,-0.9776,-11.293,-1.4439,-1.3291,-1.1037,7.9444,-3.607,-5.8966,-5.5664,-3.1516,0.47371,-4.9501,-0.39049,-9.1355,-5.2981,4.1271,18.462,7.9895,-10.604,7.0418,-2.5511,-28.207,-5.7558,-7.383,-3.9843,-0.25184,0.59806,1.4816,-9.977,0.93954,2.4913,6.9936,-8.1628,1.9076,-13.733,-12.904,3.0787,-3.7877,-4.9585,8.7623,-8.6837,4.5687,-10.338,4.0618,-5.7296,9.8464,12.272,3.5289,-7.7975,0,-5.0983,-3.7572,0.3986,11.073,-5.5678,-15.701,1.4806,-7.9969,11.224,-27.844,-24.743,-3.4834,7.9618,-1.9677,-16.599,-7.8581,20.332,-4.2999,14.244,-10.861,16.332,-6.5601,-29.533,-6.339,-17.568,-7.3966,6.0981,7.1725,1.9974,16.369,22.661,-14.386,4.2227,-2.84,-26.6,-19.432,-23.005,27.693,6.2026,-3.3246,5.1696,-10.746,11.767,-1.9604,-11.266,4.0375,9.4181,-6.0224,4.4219,7.0191,5.4118,-10.15,17.956,-3.5706,-5.0983,0,9.3373,-2.332,4.3367,-0.83194,-2.3694,17.248,11.356,-1.56,-9.6758,-17.434,5.2874,9.2222,-4.9829,-14.989,-7.2933,10.045,-11.723,7.937,5.2597,7.8177,-12.458,-1.5691,5.8151,-22.764,-16.758,3.796,10.332,18.654,12.605,13.467,-27.319,-14.002,-1.22,-7.5637,-11.906,-20.073,1.5738,-6.7908,-3.8453,-5.0248,12.001,22.521,-18.192,-28.033,-4.6263,10.72,2.9141,7.1525,2.3223,18.353,-2.7671,-2.7977,-11.767,-3.7572,9.3373,0,-17.809,9.565,-3.5668,5.0175,-20.04,-22.025,-1.1935,3.5294,9.768,-7.4869,-2.1784,14.106,6.8638,6.2906,3.6461,15.448,-3.5029,-7.0965,-8.9085,1.9869,-2.0062,2.1091,14.162,13.248,-0.36231,-2.2954,-4.9761,-4.1191,-9.111,17.812,18.239,5.5802,-3.1096,8.7307,8.1769,2.7759,2.3228,-2.7854,10.027,-12.687,-21.704,11.224,16.487,9.8137,-8.855,3.0747,-13.336,6.4061,-17.744,8.716,5.1747,18.041,0.3986,-2.332,-17.809,0,-10.286,13.384,0.96592,4.8401,4.0614,8.4229,-14.142,-6.0592,-11.317,-6.2047,-16.015,-16.947,-17.963,-0.11499,-23.194,-8.9894,-7.9367,12.392,4.7461,1.8117,-9.3929,-10.257,-23.167,-16.271,0.38347,3.4988,11.532,17.52,-10.805,-7.9079,-18.472,-3.7984,-5.588,-10.336,-0.74797,-3.534,-2.1808,-18.372,7.0505,16.051,-5.6129,-6.6906,-1.8565,30.364,-1.9134,26.867,-9.1959,14.055,0.76526,6.5167,-29.691,11.073,4.3367,9.565,-10.286,0,-5.3539,10.272,-6.57,-11.649,2.9469,0.98446,6.9718,-5.357,-7.4331,2.8387,-2.8712,-4.9471,4.2148,7.4352,-3.3864,2.9804,-2.0576,-12.678,0.15698,10.518,7.0582,-1.2547,0.68768,-7.4896,9.3526,8.2523,-3.3232,11.398,12.421,-1.4498,-6.0245,14.342,0.98386,-1.4012,3.3897,0.073082,0.05429,-4.1421,-6.3066,9.7418,7.6745,23.864,-0.052817,6.3763,-7.3671,16.312,-9.4467,10.23,-2.7344,5.8637,-5.5678,-0.83194,-3.5668,13.384,-5.3539,0
