0,-2.4021,-8.8513,-2.2877,-2.6188,1.1273,2.3769,-2.4429,3.7003,-1.3521,0.51603,1.8104,2.4794,8.1465,-2.758,-1.5826,-0.65117,-3.0589,0.49789,-0.85147,-3.1801,-2.4021,0,2.2025,7.669,0.0072021,-2.1074,1.9298,6.8524,0.046746,1.5945,2.3868,-3.2714,-1.52,-0.90829,0.27666,-1.9751,6.0899,3.2858,1.2463,-0.70896,1.1905,-8.8513,2.2025,0,2.6576,-0.40932,0.21413,0.37554,1.9739,-0.13529,2.2934,0.27516,-0.90339,-1.4387,-3.8334,0.23005,0.42879,2.6687,3.5498,-1.8397,-1.821,2.8591,-2.2877,7.669,2.6576,0,-3.7661,-2.5858,2.8134,10.583,0.63136,3.3342,3.4712,-2.4046,-1.7401,-0.93741,-1.1085,-5.9056,5.152,3.2075,1.6233,-2.0848,-0.15807,-2.6188,0.0072021,-0.40932,-3.7661,0,3.7527,-2.2522,-5.0166,0.1264,-1.6427,-1.7555,-1.6372,-1.2876,-1.9835,3.4391,3.6912,-1.3963,1.4194,-4.676,3.3429,0.48126,1.1273,-2.1074,0.21413,-2.5858,3.7527,0,3.0867,-4.5207,1.4207,-2.7631,-0.46178,-2.8316,1.3759,-0.88479,2.8191,-0.74132,-1.1629,-1.5092,-1.6316,-0.47112,-2.8484,2.3769,1.9298,0.37554,2.8134,-2.2522,3.0867,0,-0.054051,3.2498,0.74992,-0.65263,-0.79326,-0.64598,2.9255,-0.34405,-1.8039,6.1176,3.201,-4.3466,0.067653,-0.011481,-2.4429,6.8524,1.9739,10.583,-5.0166,-4.5207,-0.054051,0,0.39442,2.4792,2.6655,-3.3367,-1.36,-0.30146,-1.5833,-5.401,3.1625,0.41817,5.6226,-4.0575,-0.22708,3.7003,0.046746,-0.13529,0.63136,0.1264,1.4207,3.2498,0.39442,0,-0.64323,-1.0294,0.64064,1.0599,8.2542,-3.146,-2.1678,5.3236,2.4798,-3.3834,-3.1925,1.3486,-1.3521,1.5945,2.2934,3.3342,-1.6427,-2.7631,0.74992,2.4792,-0.64323,0,4.8472,2.867,-0.51659,1.6871,-1.6,-2.9972,1.1238,3.8809,-1.3515,-0.50662,-3.735,0.51603,2.3868,0.27516,3.4712,-1.7555,-0.46178,-0.65263,2.6655,-1.0294,4.8472,0,0.47773,-2.3679,-0.06295,-1.0395,-4.4271,0.25926,-0.51832,1.2726,-1.3715,-4.1881,1.8104,-3.2714,-0.90339,-2.4046,-1.6372,-2.8316,-0.79326,-3.3367,0.64064,2.867,0.47773,0,-0.011171,2.5989,-2.8717,-0.28273,0.42982,3.0844,-2.469,-0.82863,1.7905,2.4794,-1.52,-1.4387,-1.7401,-1.2876,1.3759,-0.64598,-1.36,1.0599,-0.51659,-2.3679,-0.011171,0,1.3666,0.78995,-1.2857,-2.7154,-2.6355,1.8923,-0.040726,0.76959,8.1465,-0.90829,-3.8334,-0.93741,-1.9835,-0.88479,2.9255,-0.30146,8.2542,1.6871,-0.06295,2.5989,1.3666,0,-3.1287,-1.5166,4.3521,1.8466,-2.2196,-2.5607,-0.31411,-2.758,0.27666,0.23005,-1.1085,3.4391,2.8191,-0.34405,-1.5833,-3.146,-1.6,-1.0395,-2.8717,0.78995,-3.1287,0,3.9396,0.16465,1.1789,-0.46015,3.1445,0.14469,-1.5826,-1.9751,0.42879,-5.9056,3.6912,-0.74132,-1.8039,-5.401,-2.1678,-2.9972,-4.4271,-0.28273,-1.2857,-1.5166,3.9396,0,-0.94984,1.5583,-2.86,5.1432,4.3222,-0.65117,6.0899,2.6687,5.152,-1.3963,-1.1629,6.1176,3.1625,5.3236,1.1238,0.25926,0.42982,-2.7154,4.3521,0.16465,-0.94984,0,8.8948,-3.8372,-2.2707,3.453,-3.0589,3.2858,3.5498,3.2075,1.4194,-1.5092,3.201,0.41817,2.4798,3.8809,-0.51832,3.0844,-2.6355,1.8466,1.1789,1.5583,8.8948,0,-4.7183,-0.47555,5.1516,0.49789,1.2463,-1.8397,1.6233,-4.676,-1.6316,-4.3466,5.6226,-3.3834,-1.3515,1.2726,-2.469,1.8923,-2.2196,-0.46015,-2.86,-3.8372,-4.7183,0,-3.0831,-0.98968,-0.85147,-0.70896,-1.821,-2.0848,3.3429,-0.47112,0.067653,-4.0575,-3.1925,-0.50662,-1.3715,-0.82863,-0.040726,-2.5607,3.1445,5.1432,-2.2707,-0.47555,-3.0831,0,-0.69883,-3.1801,1.1905,2.8591,-0.15807,0.48126,-2.8484,-0.011481,-0.22708,1.3486,-3.735,-4.1881,1.7905,0.76959,-0.31411,0.14469,4.3222,3.453,5.1516,-0.98968,-0.69883,0
