0,-3.5691,-10.974,-9.6741,5.1768,2.4257,9.0361,-7.6369,7.262,-3.9326,-0.012438,-2.8037,8.2322,9.6854,-8.3684,-3.0054,-6.7901,-5.2515,-1.2183,-3.5419,7.331,-3.5691,0,6.1929,4.598,-4.3227,-8.5149,2.3119,-1.4478,-6.9342,5.6529,0.78471,4.7692,3.5335,-2.1754,-0.88216,1.0408,5.7016,-1.897,-2.7197,6.9685,2.4526,-10.974,6.1929,0,6.5171,-4.1898,-2.924,-3.7103,4.0343,-7.2098,2.8811,-2.1976,1.2856,-2.528,-6.212,6.1253,0.86984,4.2865,4.9409,2.2605,3.1998,-1.4199,-9.6741,4.598,6.5171,0,-5.5461,-4.9924,-2.7134,7.8166,-5.61,6.8815,1.1533,4.7587,-4.265,-4.5224,7.3128,3.6363,10.349,0.80432,-1.4915,7.7484,-4.3006,5.1768,-4.3227,-4.1898,-5.5461,0,6.3553,0.59594,-0.15616,6.5977,-5.4504,-2.3213,-6.0282,0.83721,3.9968,-1.9491,-3.0798,-5.0003,-0.61084,4.2721,-4.4847,2.4782,2.4257,-8.5149,-2.924,-4.9924,6.3553,0,-1.9609,1.4855,7.342,-7.5948,-1.1172,-5.5688,-2.5788,1.4814,-0.27294,-2.2251,-4.4665,3.1379,5.195,-8.224,-1.476,9.0361,2.3119,-3.7103,-2.7134,0.59594,-1.9609,0,-6.6145,2.3704,0.051917,-0.0028763,0.51857,11.851,6.8209,-6.5192,-1.5832,-1.7745,-4.9654,-1.9575,2.0999,10.394,-7.6369,-1.4478,4.0343,7.8166,-0.15616,1.4855,-6.6145,0,-1.2977,1.2778,-0.51818,-0.25454,-8.6526,-4.4994,11.202,2.3204,4.5114,3.3145,5.0369,2.163,-6.7299,7.262,-6.9342,-7.2098,-5.61,6.5977,7.342,2.3704,-1.2977,0,-3.3011,2.1697,-2.037,-0.17796,3.8607,-3.6011,-0.72539,-3.6222,-2.3118,0.93857,-5.0754,-0.080413,-3.9326,5.6529,2.8811,6.8815,-5.4504,-7.5948,0.051917,1.2778,-3.3011,0,9.195,9.9324,-0.89182,-4.1135,1.3411,6.6862,6.2937,-4.692,-5.8025,6.5426,-2.966,-0.012438,0.78471,-2.1976,1.1533,-2.3213,-1.1172,-0.0028763,-0.51818,2.1697,9.195,0,7.4984,-1.4506,-1.6295,-2.3775,6.8072,2.8416,-5.0285,-6.7204,1.1012,-4.748,-2.8037,4.7692,1.2856,4.7587,-6.0282,-5.5688,0.51857,-0.25454,-2.037,9.9324,7.4984,0,-0.96047,-2.1298,-0.5895,3.4397,5.9774,-3.6874,-6.6508,4.2256,-3.2984,8.2322,3.5335,-2.528,-4.265,0.83721,-2.5788,11.851,-8.6526,-0.17796,-0.89182,-1.4506,-0.96047,0,6.3182,-6.8285,-2.6615,-2.1918,-3.6955,-1.9979,0.76911,14.611,9.6854,-2.1754,-6.212,-4.5224,3.9968,1.4814,6.8209,-4.4994,3.8607,-4.1135,-1.6295,-2.1298,6.3182,0,-5.2803,-4.1708,-3.1234,-1.0424,-1.5682,-0.51922,5.9966,-8.3684,-0.88216,6.1253,7.3128,-1.9491,-0.27294,-6.5192,11.202,-3.6011,1.3411,-2.3775,-0.5895,-6.8285,-5.2803,0,1.5312,3.224,3.8016,3.4981,0.84545,-4.8923,-3.0054,1.0408,0.86984,3.6363,-3.0798,-2.2251,-1.5832,2.3204,-0.72539,6.6862,6.8072,3.4397,-2.6615,-4.1708,1.5312,0,3.3465,-1.0531,-2.6694,4.3034,-4.4266,-6.7901,5.7016,4.2865,10.349,-5.0003,-4.4665,-1.7745,4.5114,-3.6222,6.2937,2.8416,5.9774,-2.1918,-3.1234,3.224,3.3465,0,0.52037,-3.5989,7.109,-3.6172,-5.2515,-1.897,4.9409,0.80432,-0.61084,3.1379,-4.9654,3.3145,-2.3118,-4.692,-5.0285,-3.6874,-3.6955,-1.0424,3.8016,-1.0531,0.52037,0,4.5971,-1.3442,-1.9699,-1.2183,-2.7197,2.2605,-1.4915,4.2721,5.195,-1.9575,5.0369,0.93857,-5.8025,-6.7204,-6.6508,-1.9979,-1.5682,3.4981,-2.6694,-3.5989,4.5971,0,-2.7975,0.68211,-3.5419,6.9685,3.1998,7.7484,-4.4847,-8.224,2.0999,2.163,-5.0754,6.5426,1.1012,4.2256,0.76911,-0.51922,0.84545,4.3034,7.109,-1.3442,-2.7975,0,0.18904,7.331,2.4526,-1.4199,-4.3006,2.4782,-1.476,10.394,-6.7299,-0.080413,-2.966,-4.748,-3.2984,14.611,5.9966,-4.8923,-4.4266,-3.6172,-1.9699,0.68211,0.18904,0
