0,-0.38317,-9.8168,-14.003,-11.134,-6.1214,-0.77399,4.4039,2.2988,-1.6963,-6.2263,-3.7411,2.6776,2.3932,24.493,-15.285,-11.606,10.35,10.717,-2.0743,-13.173,-6.7882,2.8156,4.2252,5.621,6.2153,-20.971,9.4888,0.43744,-3.2894,-1.716,-20.827,-7.7293,1.7897,0.42469,-0.6715,9.2412,10.422,7.6426,-4.1195,-12.08,0.35485,13.274,11.058,-12.079,-6.5231,-9.5137,-6.9714,-7.9197,1.6662,2.0594,-6.8678,10.102,4.0705,2.163,-0.38317,0,-1.3934,0.66386,-6.4624,-8.2315,-4.7579,14.865,-32.689,6.41,10.562,19.142,-4.6796,6.2349,-6.3758,5.7793,-11.733,-7.2519,-4.8404,-13.617,-14.104,-7.7608,8.4267,-32.661,-11.395,16.479,5.4618,-6.7571,12.807,12.477,-8.8986,4.5243,-4.5368,-0.12841,30.188,-5.0618,-1.1326,4.986,-3.6146,-5.4478,15.22,-15.374,3.4188,-12.174,-17.193,-9.6308,-7.0163,10.852,14.98,-12.913,-10.904,5.7712,5.4511,22.521,-16.604,-9.8168,-1.3934,0,24.318,23.402,-0.38875,4.5792,-14.835,1.6281,-2.2712,-4.1277,-7.501,2.9127,7.1531,-3.8165,10.053,10.553,-0.47845,-0.84101,-0.85313,11.654,6.5211,-1.571,-0.46327,-5.4824,-2.0705,2.1051,3.1182,0.96997,-13.348,-0.1929,2.9738,4.1857,-5.8411,0.66067,6.8989,-17.473,-7.5843,-12.169,-3.3028,14.12,11.959,-6.5814,-4.6212,3.722,2.9036,-7.6704,3.6574,3.3595,-13.966,9.365,17.169,-9.6527,-1.5203,-7.8383,-14.003,0.66386,24.318,0,13.248,7.6721,-0.61346,-8.2485,1.1411,-7.9771,-4.3387,-6.1737,4.929,6.8111,-9.9624,11.791,18.586,2.054,-9.5861,5.4967,14.306,11.326,-9.2035,-4.3091,-4.512,-4.6156,7.4375,4.1105,-1.5717,-5.9737,1.2867,12.655,6.5937,0.35009,3.7845,-3.092,-15.664,-6.8135,-20.144,-8.9052,16.029,7.5277,-18.515,-1.2125,3.4339,0.42898,-3.3468,4.1075,2.6861,-7.2969,6.9254,17.118,-15.495,-4.4179,-14.003,-11.134,-6.4624,23.402,13.248,0,-3.816,4.4478,-28.172,3.85,-0.55149,-6.2752,-9.8961,-0.02949,2.4307,-2.6561,7.5834,9.446,-0.7922,1.8118,-1.6188,12.375,3.0508,2.3098,2.5248,-1.7314,-4.4151,0.56969,0.7731,2.0563,-18.097,4.7548,0.10136,0.70737,-5.7146,-3.8046,10.184,-8.6344,-10.529,-10.337,1.9701,9.4448,17.833,-4.6025,-5.4885,7.9166,14.259,-5.1281,3.3734,4.287,-8.7737,14.875,9.299,-2.4447,-5.078,-0.63447,-6.1214,-8.2315,-0.38875,7.6721,-3.816,0,-5.8629,1.3006,12.886,-14.998,-4.1295,-5.5075,2.6168,-7.0048,-8.416,4.2301,19.959,3.2068,-14.66,19.237,10.902,22.849,-35.783,6.3959,8.5148,-9.7894,9.5907,7.0051,-10.156,3.795,7.4922,15.015,16.912,2.8935,-8.1893,-12.32,-0.87807,-6.1557,-2.9299,-1.5482,-4.1758,1.276,-20.151,12.534,12.196,-1.472,14.514,-1.8739,-7.227,12.208,-1.3887,2.4482,-22.301,-12.027,0.70847,-0.77399,-4.7579,4.5792,-0.61346,4.4478,-5.8629,0,-2.8868,-0.51345,16.304,9.0495,0.42846,14.27,12.024,8.1436,-10.873,-2.9989,0.31135,20.329,2.9618,9.0949,-10.034,8.9815,7.3774,-15.428,-11.71,-7.757,-11.384,-14.018,-3.5401,-18.508,-7.8202,-8.1802,4.8483,-3.6223,20.518,-16.365,11.533,8.8426,0.35664,-4.7464,-1.4873,8.7097,-7.4866,0.11104,-6.1608,-1.1964,-17.19,-11.151,1.4154,-0.55758,-9.6049,-0.26821,-5.7425,5.9949,4.4039,14.865,-14.835,-8.2485,-28.172,1.3006,-2.8868,0,-12.069,5.5125,14.494,20.592,-1.6557,0.034665,-3.1246,-2.0485,-11.391,-5.4651,-3.7871,-2.8416,-12.612,-4.6756,1.3023,-9.3551,-5.1607,7.2214,4.8421,-6.929,1.0494,29.519,-9.6479,4.2642,-0.38162,3.7739,9.6072,-7.9327,3.0814,9.7711,8.1845,-1.539,-1.4615,-33.153,4.4388,-2.7933,-9.5262,-17.796,4.6652,0.9497,1.6507,2.5222,-24.814,-4.9454,1.2837,10.6,-3.6197,2.2988,-32.689,1.6281,1.1411,3.85,12.886,-0.51345,-12.069,0,-13.262,-14.931,-21.824,2.669,-8.3131,5.1678,-2.8215,14.287,8.3951,0.27372,13.953,10.911,14.274,-15.197,27.027,17.31,-11.194,-3.9592,13.808,-9.8706,-11.628,12.746,-2.5679,9.3471,-1.9119,-25.792,0.15375,2.8774,-7.5194,1.5264,3.5977,-13.579,16.198,-6.2344,19.454,15.844,7.404,6.3521,-7.1668,-13.429,11.037,10.308,-1.1928,-9.0053,-17.554,11.65,-1.6963,6.41,-2.2712,-7.9771,-0.55149,-14.998,16.304,5.5125,-13.262,0,23.037,15.587,0.54371,5.2876,1.6183,-4.4018,-16.203,-11.504,13.316,-9.8872,-3.432,-18.97,24.009,-2.8591,-17.869,1.0491,-0.95587,-27.051,-0.18876,6.3945,-18.421,-5.4364,-9.3376,-0.53521,3.317,16.973,-6.1967,9.0439,12.628,6.9252,0.31275,-12.156,17.083,-22.042,-3.9744,-4.8411,0.33734,-3.3475,2.3163,-3.6953,-10.69,-8.6764,8.1388,6.9136,5.0767,-6.2263,10.562,-4.1277,-4.3387,-6.2752,-4.1295,9.0495,14.494,-14.931,23.037,0,28.284,-1.2725,1.9478,-6.8443,1.0618,-10.5,-16.803,2.2659,-6.2425,-3.0159,-8.6082,10.087,-6.3752,-16.796,1.5465,8.356,-28.47,-0.9107,18.596,-17.235,4.5157,-1.2728,-0.22224,5.0936,6.3947,-6.8679,6.5301,11.094,6.1763,2.4257,-24.965,7.4969,-19.508,-1.8803,-10.074,7.2643,0.11954,3.986,-1.482,-24.852,-5.1306,0.16022,7.9823,1.6209,-3.7411,19.142,-7.501,-6.1737,-9.8961,-5.5075,0.42846,20.592,-21.824,15.587,28.284,0,-7.1683,-0.86403,-8.9648,4.1679,-14.34,-17.99,-2.4237,-11.492,-10.905,-8.2624,10.058,-13.475,-11.202,9.3632,10.261,-18.891,6.5595,25.308,-10.883,5.6613,-1.0242,-2.0049,10.4,0.36383,-0.2509,4.2969,7.569,5.2386,5.4497,-31.156,7.0885,-17.274,-5.7708,-8.5787,4.9465,6.7839,10.688,-4.1567,-27.999,-1.9633,3.7615,15.81,-2.1236,2.6776,-4.6796,2.9127,4.929,-0.02949,2.6168,14.27,-1.6557,2.669,0.54371,-1.2725,-7.1683,0,20.624,9.6806,-15.938,4.888,16.938,8.8671,16.219,11.944,-4.7287,-2.3038,4.058,-9.3593,-17.273,-11.183,-0.14488,-22.486,-4.6003,-11.925,-3.3612,-10.062,21.098,1.4301,1.2299,-12.765,17.359,-2.0003,-16.749,-4.654,1.5026,-2.4155,4.436,-5.2843,-9.6189,-5.0134,-24.913,-20.392,7.2019,6.2062,-8.4922,-2.949,-13.309,-3.6356,2.3932,6.2349,7.1531,6.8111,2.4307,-7.0048,12.024,0.034665,-8.3131,5.2876,1.9478,-0.86403,20.624,0,7.5211,-8.8945,-1.9966,9.7851,9.0934,2.443,3.716,-11.118,6.0946,-6.3428,-19.271,-4.188,-10.128,-2.9142,-6.3257,-3.9524,-18.028,-4.4179,-15.877,13.275,12.978,3.0967,-15.392,17.804,-5.9187,-20.223,5.6134,-1.1092,1.8663,-4.1451,-15.648,-11.261,-16.003,-9.8022,-5.5347,-4.9192,4.6113,-1.7026,2.4112,-0.78976,-12.901,24.493,-6.3758,-3.8165,-9.9624,-2.6561,-8.416,8.1436,-3.1246,5.1678,1.6183,-6.8443,-8.9648,9.6806,7.5211,0,-23.469,-7.6666,14.104,22.624,1.4015,-3.5073,-9.8559,5.4899,9.4746,1.4489,-1.8107,-45.126,6.2295,-5.6289,-10.623,-4.5514,-32.444,-12.783,4.7168,-3.1182,6.7741,2.339,12.807,7.0342,-4.635,-13.478,5.4933,13.626,8.3698,-8.3724,-3.5674,-11.273,-15.42,-14.148,2.7821,8.0895,-10.342,9.7747,-2.705,5.0424,-15.285,5.7793,10.053,11.791,7.5834,4.2301,-10.873,-2.0485,-2.8215,-4.4018,1.0618,4.1679,-15.938,-8.8945,-23.469,0,6.5426,-14.421,-18.412,-7.5903,0.28621,13.19,-4.4734,-7.6565,2.3039,8.5608,22.597,0.62484,13.361,2.4621,8.63,15.739,16.656,-15.242,1.9753,-3.2692,-1.4672,-22.642,-8.7348,6.3926,17.474,1.16,-9.4818,-6.5959,7.7632,6.2361,3.9215,26.774,20.176,-11.79,-3.3048,24.085,-9.1126,7.5344,-5.9415,-11.606,-11.733,10.553,18.586,9.446,19.959,-2.9989,-11.391,14.287,-16.203,-10.5,-14.34,4.888,-1.9966,-7.6666,6.5426,0,6.2214,-10.922,17.365,22.411,20.357,-21.606,6.0567,6.0674,-13.5,6.4472,8.4341,-8.2738,-6.972,10.094,12.323,11.06,2.4632,-7.6341,-6.2485,-5.7297,-10.163,-12.602,-3.9882,2.1243,12.407,-28.718,8.7173,13.887,6.3218,5.7058,-0.91637,-4.7576,5.4585,9.8861,7.1752,-18.508,-17.529,-2.0954,10.35,-7.2519,-0.47845,2.054,-0.7922,3.2068,0.31135,-5.4651,8.3951,-11.504,-16.803,-17.99,16.938,9.7851,14.104,-14.421,6.2214,0,4.2253,14.276,4.8315,-0.60617,-6.8257,4.6443,3.9884,-8.6315,-16.883,13.453,-9.7151,-10.737,1.593,-6.7639,-8.7442,15.68,0.28941,-6.5998,0.85095,8.8494,-7.1938,-18.899,-6.5784,9.9283,-4.5764,17.673,-6.348,-1.4697,-9.3144,-13.357,-15.294,7.6262,16.719,-5.0074,1.7863,-12.256,-4.242,10.717,-4.8404,-0.84101,-9.5861,1.8118,-14.66,20.329,-3.7871,0.27372,13.316,2.2659,-2.4237,8.8671,9.0934,22.624,-18.412,-10.922,4.2253,0,-2.4262,-0.61922,-16.743,14.785,8.3741,-6.6819,-3.7475,-21.358,-4.5323,-6.1674,-7.9727,-11.394,-26.219,-14.982,2.6133,-3.3907,19.712,-3.6924,13.01,11.376,0.97104,-9.4326,1.7797,20.412,-2.6202,-5.2707,-2.7824,-7.8098,-15.212,-9.9948,0.15668,3.5311,-12.461,10.358,-1.4482,8.4108,-2.0743,-13.617,-0.85313,5.4967,-1.6188,19.237,2.9618,-2.8416,13.953,-9.8872,-6.2425,-11.492,16.219,2.443,1.4015,-7.5903,17.365,14.276,-2.4262,0,17.765,7.8554,-17.304,9.964,3.3173,-25.154,-1.6325,4.9605,-25.162,-1.9958,1.6702,5.2332,2.1803,15.01,-7.7789,-6.8921,-3.9029,3.5746,-2.8445,-8.1338,-9.2084,4.3683,-13.8,13.908,6.647,-1.8531,7.1602,-15.23,-20.169,19.993,5.7228,-6.6777,-10.971,-28.497,1.8922,-13.173,-14.104,11.654,14.306,12.375,10.902,9.0949,-12.612,10.911,-3.432,-3.0159,-10.905,11.944,3.716,-3.5073,0.28621,22.411,4.8315,-0.61922,17.765,0,7.9449,-8.9851,9.243,-2.436,-26.756,2.4834,-0.58009,-16.872,-7.5846,0.53544,6.818,3.8577,5.7924,-9.1199,3.359,-13.921,-2.8762,-5.6795,-2.4778,-0.40919,9.1904,-13.391,1.9164,13.283,3.8643,5.6433,-8.8534,-9.6969,6.7156,8.2355,0.0034778,-14.019,-23.525,2.1387,-6.7882,-7.7608,6.5211,11.326,3.0508,22.849,-10.034,-4.6756,14.274,-18.97,-8.6082,-8.2624,-4.7287,-11.118,-9.8559,13.19,20.357,-0.60617,-16.743,7.8554,7.9449,0,-27.063,6.0206,13.082,-2.2846,10.959,12.558,-0.99951,-2.2266,14.623,12.235,29.572,-7.4837,-9.3156,-8.0881,-0.05397,-17.951,-6.0126,2.5089,1.1456,7.8069,-17.667,10.451,15.243,3.9368,8.7427,6.2317,-0.052774,1.9,2.0596,13.038,-22.62,-5.7086,-0.19875,2.8156,8.4267,-1.571,-9.2035,2.3098,-35.783,8.9815,1.3023,-15.197,24.009,10.087,10.058,-2.3038,6.0946,5.4899,-4.4734,-21.606,-6.8257,14.785,-17.304,-8.9851,-27.063,0,-6.1628,-12.044,6.8882,-6.0679,-14.11,7.1759,0.46778,-10.815,-11.318,-16.111,-1.7629,7.0983,14.425,-0.62058,7.4219,6.3008,4.161,3.0755,-5.5542,21.034,-18.013,-9.4296,0.3071,-8.1456,0.5423,6.6795,-8.7942,-2.9243,-5.6493,19.65,10.8,1.7645,4.2252,-32.661,-0.46327,-4.3091,2.5248,6.3959,7.3774,-9.3551,27.027,-2.8591,-6.3752,-13.475,4.058,-6.3428,9.4746,-7.6565,6.0567,4.6443,8.3741,9.964,9.243,6.0206,-6.1628,0,9.7816,-12.211,-7.0868,5.5927,-12.935,-9.5716,4.6884,-8.0285,5.209,-2.4104,-33.945,8.217,0.6431,-2.4553,10.194,7.8828,-20.509,10.148,1.9218,11.173,14.31,4.2746,7.1208,-12.538,-17.24,11.307,5.5264,-7.0459,-5.4178,-14.653,20.946,5.621,-11.395,-5.4824,-4.512,-1.7314,8.5148,-15.428,-5.1607,17.31,-17.869,-16.796,-11.202,-9.3593,-19.271,1.4489,2.3039,6.0674,3.9884,-6.6819,3.3173,-2.436,13.082,-12.044,9.7816,0,2.0185,-0.31071,17.601,3.3915,-5.0133,28.421,-1.2241,10.151,-6.6064,-12.639,-7.7777,18.743,-12.689,-0.065669,6.0563,-8.8833,10.477,-4.5215,18.795,9.2127,11.322,5.2327,4.1597,-1.2042,6.7094,6.2061,2.0189,-1.2764,-4.2243,7.912,6.2153,16.479,-2.0705,-4.6156,-4.4151,-9.7894,-11.71,7.2214,-11.194,1.0491,1.5465,9.3632,-17.273,-4.188,-1.8107,8.5608,-13.5,-8.6315,-3.7475,-25.154,-26.756,-2.2846,6.8882,-12.211,2.0185,0,2.2864,2.4969,29.488,4.2594,2.0193,-2.5123,1.3591,-12.986,10.252,-2.5185,8.3827,-4.0011,-0.025029,3.1352,8.3841,-4.9425,8.0159,-4.633,-9.5313,-1.3974,-7.4941,18.723,18.359,-16.45,-6.1546,9.973,7.5561,34.372,-6.4147,-20.971,5.4618,2.1051,7.4375,0.56969,9.5907,-7.757,4.8421,-3.9592,-0.95587,8.356,10.261,-11.183,-10.128,-45.126,22.597,6.4472,-16.883,-21.358,-1.6325,2.4834,10.959,-6.0679,-7.0868,-0.31071,2.2864,0,-6.3985,5.0284,12.625,4.3492,28.867,16.004,-6.5834,0.96378,-5.923,-1.524,-13.145,-3.4139,7.316,10.115,-7.0274,-11.337,-7.5868,9.9735,2.3377,14.543,14.686,12.665,-1.7298,-11.185,9.2487,-11.061,3.3292,-2.4527,9.4888,-6.7571,3.1182,4.1105,0.7731,7.0051,-11.384,-6.929,13.808,-27.051,-28.47,-18.891,-0.14488,-2.9142,6.2295,0.62484,8.4341,13.453,-4.5323,4.9605,-0.58009,12.558,-14.11,5.5927,17.601,2.4969,-6.3985,0,1.752,-11.943,13.983,-3.4179,5.9216,-2.6408,-3.9091,-8.9006,6.2992,-6.0347,-7.7931,-6.3337,-2.6909,15.324,-6.4606,24.015,0.21932,2.8697,-6.4716,1.3635,-4.0184,-0.24907,12.986,8.2961,-4.1033,-3.2239,-3.47,0.43744,12.807,0.96997,-1.5717,2.0563,-10.156,-14.018,1.0494,-9.8706,-0.18876,-0.9107,6.5595,-22.486,-6.3257,-5.6289,13.361,-8.2738,-9.7151,-6.1674,-25.162,-16.872,-0.99951,7.1759,-12.935,3.3915,29.488,5.0284,1.752,0,1.1243,6.9523,0.1177,1.5843,-14.18,8.6422,-2.0668,9.1284,-9.7249,-4.6811,4.9595,12.563,-0.41058,3.8943,-6.7001,-4.917,6.4339,-6.5097,28.141,29.415,-17.297,-1.6046,12.42,8.3746,21.701,-5.8712,-3.2894,12.477,-13.348,-5.9737,-18.097,3.795,-3.5401,29.519,-11.628,6.3945,18.596,25.308,-4.6003,-3.9524,-10.623,2.4621,-6.972,-10.737,-7.9727,-1.9958,-7.5846,-2.2266,0.46778,-9.5716,-5.0133,4.2594,12.625,-11.943,1.1243,0,-6.4307,10.849,2.7101,2.6381,6.8356,-7.658,2.7345,4.3005,6.8523,2.6911,0.52928,-33.918,0.42822,-6.3546,-2.8009,-10.012,11.534,3.7309,4.7364,4.2217,-29.464,-4.4212,-0.85127,7.6118,-1.3431,-1.716,-8.8986,-0.1929,1.2867,4.7548,7.4922,-18.508,-9.6479,12.746,-18.421,-17.235,-10.883,-11.925,-18.028,-4.5514,8.63,10.094,1.593,-11.394,1.6702,0.53544,14.623,-10.815,4.6884,28.421,2.0193,4.3492,13.983,6.9523,-6.4307,0,3.6459,10.526,-7.5232,-9.012,-8.0981,14.477,-21.051,-6.8604,5.6889,-1.0406,13.606,-9.6355,11.022,11.335,19.838,4.4041,9.744,4.6602,2.7327,9.1413,6.8483,-1.7544,-4.1847,3.8941,-20.827,4.5243,2.9738,12.655,0.10136,15.015,-7.8202,4.2642,-2.5679,-5.4364,4.5157,5.6613,-3.3612,-4.4179,-32.444,15.739,12.323,-6.7639,-26.219,5.2332,6.818,12.235,-11.318,-8.0285,-1.2241,-2.5123,28.867,-3.4179,0.1177,10.849,3.6459,0,12.23,0.99778,3.2907,-11.765,-3.8312,-8.4475,-9.0639,-0.81949,10.313,-5.3033,-21.194,-3.149,7.2433,0.21954,11.653,8.9513,7.087,1.5558,-6.4894,8.1348,-13.947,-1.8054,-7.2451,-7.7293,-4.5368,4.1857,6.5937,0.70737,16.912,-8.1802,-0.38162,9.3471,-9.3376,-1.2728,-1.0242,-10.062,-15.877,-12.783,16.656,11.06,-8.7442,-14.982,2.1803,3.8577,29.572,-16.111,5.209,10.151,1.3591,16.004,5.9216,1.5843,2.7101,10.526,12.23,0,-13.679,-9.8055,-4.0324,0.18506,-19.192,0.21309,9.344,1.035,1.9247,-9.8913,4.3745,16.858,2.1594,13.164,9.1359,3.2223,-0.056253,-5.1512,12.14,-20.677,-0.37776,3.0171,1.7897,-0.12841,-5.8411,0.35009,-5.7146,2.8935,4.8483,3.7739,-1.9119,-0.53521,-0.22224,-2.0049,21.098,13.275,4.7168,-15.242,2.4632,15.68,2.6133,15.01,5.7924,-7.4837,-1.7629,-2.4104,-6.6064,-12.986,-6.5834,-2.6408,-14.18,2.6381,-7.5232,0.99778,-13.679,0,6.0516,-7.1284,-2.8586,18.034,-3.8642,-17.519,-4.0449,-3.5889,-4.699,4.0606,-7.926,-6.3094,-1.7186,-15.392,-11.912,12.491,3.3083,-13.182,2.8253,-11.042,-4.9994,0.42469,30.188,0.66067,3.7845,-3.8046,-8.1893,-3.6223,9.6072,-25.792,3.317,5.0936,10.4,1.4301,12.978,-3.1182,1.9753,-7.6341,0.28941,-3.3907,-7.7789,-9.1199,-9.3156,7.0983,-33.945,-12.639,10.252,0.96378,-3.9091,8.6422,6.8356,-9.012,3.2907,-9.8055,6.0516,0,-6.9371,-2.8295,8.3427,-9.3462,-13.805,15.945,-9.4526,0.4284,-8.4765,-23.442,-8.7285,-12.481,6.2333,10.001,-10.854,-3.4809,4.5819,6.6417,13.031,-24.959,-0.6715,-5.0618,6.8989,-3.092,10.184,-12.32,20.518,-7.9327,0.15375,16.973,6.3947,0.36383,1.2299,3.0967,6.7741,-3.2692,-6.2485,-6.5998,19.712,-6.8921,3.359,-8.0881,14.425,8.217,-7.7777,-2.5185,-5.923,-8.9006,-2.0668,-7.658,-8.0981,-11.765,-4.0324,-7.1284,-6.9371,0,-8.5505,1.2735,10.174,10.046,-2.2709,2.921,14.506,-10.67,3.6538,2.0485,-2.2604,-5.1823,-1.9229,-5.6044,0.66128,-3.2911,3.1434,0.60601,10.455,9.2412,-1.1326,-17.473,-15.664,-8.6344,-0.87807,-16.365,3.0814,2.8774,-6.1967,-6.8679,-0.2509,-12.765,-15.392,2.339,-1.4672,-5.7297,0.85095,-3.6924,-3.9029,-13.921,-0.05397,-0.62058,0.6431,18.743,8.3827,-1.524,6.2992,9.1284,2.7345,14.477,-3.8312,0.18506,-2.8586,-2.8295,-8.5505,0,-4.2886,3.3146,5.9885,-7.7251,0.32889,3.0832,8.2873,-0.22498,8.5965,3.0102,5.8486,3.8948,5.8267,0.15959,-4.3718,11.141,3.3261,6.4487,10.422,4.986,-7.5843,-6.8135,-10.529,-6.1557,11.533,9.7711,-7.5194,9.0439,6.5301,4.2969,17.359,17.804,12.807,-22.642,-10.163,8.8494,13.01,3.5746,-2.8762,-17.951,7.4219,-2.4553,-12.689,-4.0011,-13.145,-6.0347,-9.7249,4.3005,-21.051,-8.4475,-19.192,18.034,8.3427,1.2735,-4.2886,0,5.7637,-11.823,-6.0224,-9.7993,8.9234,-0.73939,-17.057,-16.532,-6.5606,-17.083,-11.193,4.771,-3.1472,-15.382,7.6169,-0.434,-2.9362,7.6426,-3.6146,-12.169,-20.144,-10.337,-2.9299,8.8426,8.1845,1.5264,12.628,11.094,7.569,-2.0003,-5.9187,7.0342,-8.7348,-12.602,-7.1938,11.376,-2.8445,-5.6795,-6.0126,6.3008,10.194,-0.065669,-0.025029,-3.4139,-7.7931,-4.6811,6.8523,-6.8604,-9.0639,0.21309,-3.8642,-9.3462,10.174,3.3146,5.7637,0,13.656,-16.993,-9.4142,17.592,-1.5956,2.6001,-5.6517,8.6786,-7.4754,-6.6459,6.5356,-12.917,-13.669,3.0784,2.3761,19.182,-4.1195,-5.4478,-3.3028,-8.9052,1.9701,-1.5482,0.35664,-1.539,3.5977,6.9252,6.1763,5.2386,-16.749,-20.223,-4.635,6.3926,-3.9882,-18.899,0.97104,-8.1338,-2.4778,2.5089,4.161,7.8828,6.0563,3.1352,7.316,-6.3337,4.9595,2.6911,5.6889,-0.81949,9.344,-17.519,-13.805,10.046,5.9885,-11.823,13.656,0,-4.9129,-1.1407,6.94,-5.6889,15.037,9.1709,13.244,6.1094,5.5752,0.45146,-7.4705,-1.1454,0.29672,3.1723,19.982,-12.08,15.22,14.12,16.029,9.4448,-4.1758,-4.7464,-1.4615,-13.579,0.31275,2.4257,5.4497,-4.654,5.6134,-13.478,17.474,2.1243,-6.5784,-9.4326,-9.2084,-0.40919,1.1456,3.0755,-20.509,-8.8833,8.3841,10.115,-2.6909,12.563,0.52928,-1.0406,10.313,1.035,-4.0449,15.945,-2.2709,-7.7251,-6.0224,-16.993,-4.9129,0,-0.44722,-6.5398,-12.679,-4.5689,1.1085,-7.6539,16.291,19.579,-20.085,0.40363,19.113,-1.9261,9.7656,-19.792,0.35485,-15.374,11.959,7.5277,17.833,1.276,-1.4873,-33.153,16.198,-12.156,-24.965,-31.156,1.5026,-1.1092,5.4933,1.16,12.407,9.9283,1.7797,4.3683,9.1904,7.8069,-5.5542,10.148,10.477,-4.9425,-7.0274,15.324,-0.41058,-33.918,13.606,-5.3033,1.9247,-3.5889,-9.4526,2.921,0.32889,-9.7993,-9.4142,-1.1407,-0.44722,0,-5.7002,9.4694,7.335,14.949,-6.3119,-0.73346,-3.2631,-1.5868,30.714,6.3455,-1.9658,-10.089,1.972,13.274,3.4188,-6.5814,-18.515,-4.6025,-20.151,8.7097,4.4388,-6.2344,17.083,7.4969,7.0885,-2.4155,1.8663,13.626,-9.4818,-28.718,-4.5764,20.412,-13.8,-13.391,-17.667,21.034,1.9218,-4.5215,8.0159,-11.337,-6.4606,3.8943,0.42822,-9.6355,-21.194,-9.8913,-4.699,0.4284,14.506,3.0832,8.9234,17.592,6.94,-6.5398,-5.7002,0,-6.4254,-8.0779,-4.2128,-5.7026,-3.5666,-0.27547,-4.4272,-5.4728,-8.5168,14.999,10.648,7.8575,11.058,-12.174,-4.6212,-1.2125,-5.4885,12.534,-7.4866,-2.7933,19.454,-22.042,-19.508,-17.274,4.436,-4.1451,8.3698,-6.5959,8.7173,17.673,-2.6202,13.908,1.9164,10.451,-18.013,11.173,18.795,-4.633,-7.5868,24.015,-6.7001,-6.3546,11.022,-3.149,4.3745,4.0606,-8.4765,-10.67,8.2873,-0.73939,-1.5956,-5.6889,-12.679,9.4694,-6.4254,0,2.3797,0.55886,0.60864,-6.5439,-13.144,11.336,8.8471,-1.7635,-4.3559,-10.32,2.3978,-12.079,-17.193,3.722,3.4339,7.9166,12.196,0.11104,-9.5262,15.844,-3.9744,-1.8803,-5.7708,-5.2843,-15.648,-8.3724,7.7632,13.887,-6.348,-5.2707,6.647,13.283,15.243,-9.4296,14.31,9.2127,-9.5313,9.9735,0.21932,-4.917,-2.8009,11.335,7.2433,16.858,-7.926,-23.442,3.6538,-0.22498,-17.057,2.6001,15.037,-4.5689,7.335,-8.0779,2.3797,0,12.013,18.614,1.2128,-1.8218,7.0334,1.0859,1.741,-12.294,-11.258,14.123,-6.5231,-9.6308,2.9036,0.42898,14.259,-1.472,-6.1608,-17.796,7.404,-4.8411,-10.074,-8.5787,-9.6189,-11.261,-3.5674,6.2361,6.3218,-1.4697,-2.7824,-1.8531,3.8643,3.9368,0.3071,4.2746,11.322,-1.3974,2.3377,2.8697,6.4339,-10.012,19.838,0.21954,2.1594,-6.3094,-8.7285,2.0485,8.5965,-16.532,-5.6517,9.1709,1.1085,14.949,-4.2128,0.55886,12.013,0,2.5402,7.0877,6.4833,0.57149,12.044,2.4891,4.279,-5.4473,7.2951,-9.5137,-7.0163,-7.6704,-3.3468,-5.1281,14.514,-1.1964,4.6652,6.3521,0.33734,7.2643,4.9465,-5.0134,-16.003,-11.273,3.9215,5.7058,-9.3144,-7.8098,7.1602,5.6433,8.7427,-8.1456,7.1208,5.2327,-7.4941,14.543,-6.4716,-6.5097,11.534,4.4041,11.653,13.164,-1.7186,-12.481,-2.2604,3.0102,-6.5606,8.6786,13.244,-7.6539,-6.3119,-5.7026,0.60864,18.614,2.5402,0,-0.18759,-2.151,14.242,-10.959,-5.3186,-9.281,-6.7441,12.892,-6.9714,10.852,3.6574,4.1075,3.3734,-1.8739,-17.19,0.9497,-7.1668,-3.3475,0.11954,6.7839,-24.913,-9.8022,-15.42,26.774,-0.91637,-13.357,-15.212,-15.23,-8.8534,6.2317,0.5423,-12.538,4.1597,18.723,14.686,1.3635,28.141,3.7309,9.744,8.9513,9.1359,-15.392,6.2333,-5.1823,5.8486,-17.083,-7.4754,6.1094,16.291,-0.73346,-3.5666,-6.5439,1.2128,7.0877,-0.18759,0,34.31,-14.09,-3.583,18.506,0.07017,15.093,-6.6915,-7.9197,14.98,3.3595,2.6861,4.287,-7.227,-11.151,1.6507,-13.429,2.3163,3.986,10.688,-20.392,-5.5347,-14.148,20.176,-4.7576,-15.294,-9.9948,-20.169,-9.6969,-0.052774,6.6795,-17.24,-1.2042,18.359,12.665,-4.0184,29.415,4.7364,4.6602,7.087,3.2223,-11.912,10.001,-1.9229,3.8948,-11.193,-6.6459,5.5752,19.579,-3.2631,-0.27547,-13.144,-1.8218,6.4833,-2.151,34.31,0,-16.404,-4.4506,13.48,4.3116,17.69,-7.3041,1.6662,-12.913,-13.966,-7.2969,-8.7737,12.208,1.4154,2.5222,11.037,-3.6953,-1.482,-4.1567,7.2019,-4.9192,2.7821,-11.79,5.4585,7.6262,0.15668,19.993,6.7156,1.9,-8.7942,11.307,6.7094,-16.45,-1.7298,-0.24907,-17.297,4.2217,2.7327,1.5558,-0.056253,12.491,-10.854,-5.6044,5.8267,4.771,6.5356,0.45146,-20.085,-1.5868,-4.4272,11.336,7.0334,0.57149,14.242,-14.09,-16.404,0,-0.48517,-18.513,-1.9227,-18.092,11.361,2.0594,-10.904,9.365,6.9254,14.875,-1.3887,-0.55758,-24.814,10.308,-10.69,-24.852,-27.999,6.2062,4.6113,8.0895,-3.3048,9.8861,16.719,3.5311,5.7228,8.2355,2.0596,-2.9243,5.5264,6.2061,-6.1546,-11.185,12.986,-1.6046,-29.464,9.1413,-6.4894,-5.1512,3.3083,-3.4809,0.66128,0.15959,-3.1472,-12.917,-7.4705,0.40363,30.714,-5.4728,8.8471,1.0859,12.044,-10.959,-3.583,-4.4506,-0.48517,0,2.745,2.4392,-10.9,-1.8739,-6.8678,5.7712,17.169,17.118,9.299,2.4482,-9.6049,-4.9454,-1.1928,-8.6764,-5.1306,-1.9633,-8.4922,-1.7026,-10.342,24.085,7.1752,-5.0074,-12.461,-6.6777,0.0034778,13.038,-5.6493,-7.0459,2.0189,9.973,9.2487,8.2961,12.42,-4.4212,6.8483,8.1348,12.14,-13.182,4.5819,-3.2911,-4.3718,-15.382,-13.669,-1.1454,19.113,6.3455,-8.5168,-1.7635,1.741,2.4891,-5.3186,18.506,13.48,-18.513,2.745,0,-9.2859,7.8505,-12.315,10.102,5.4511,-9.6527,-15.495,-2.4447,-22.301,-0.26821,1.2837,-9.0053,8.1388,0.16022,3.7615,-2.949,2.4112,9.7747,-9.1126,-18.508,1.7863,10.358,-10.971,-14.019,-22.62,19.65,-5.4178,-1.2764,7.5561,-11.061,-4.1033,8.3746,-0.85127,-1.7544,-13.947,-20.677,2.8253,6.6417,3.1434,11.141,7.6169,3.0784,0.29672,-1.9261,-1.9658,14.999,-4.3559,-12.294,4.279,-9.281,0.07017,4.3116,-1.9227,2.4392,-9.2859,0,7.0039,1.7726,4.0705,22.521,-1.5203,-4.4179,-5.078,-12.027,-5.7425,10.6,-17.554,6.9136,7.9823,15.81,-13.309,-0.78976,-2.705,7.5344,-17.529,-12.256,-1.4482,-28.497,-23.525,-5.7086,10.8,-14.653,-4.2243,34.372,3.3292,-3.2239,21.701,7.6118,-4.1847,-1.8054,-0.37776,-11.042,13.031,0.60601,3.3261,-0.434,2.3761,3.1723,9.7656,-10.089,10.648,-10.32,-11.258,-5.4473,-6.7441,15.093,17.69,-18.092,-10.9,7.8505,7.0039,0,-6.887,2.163,-16.604,-7.8383,-14.003,-0.63447,0.70847,5.9949,-3.6197,11.65,5.0767,1.6209,-2.1236,-3.6356,-12.901,5.0424,-5.9415,-2.0954,-4.242,8.4108,1.8922,2.1387,-0.19875,1.7645,20.946,7.912,-6.4147,-2.4527,-3.47,-5.8712,-1.3431,3.8941,-7.2451,3.0171,-4.9994,-24.959,10.455,6.4487,-2.9362,19.182,19.982,-19.792,1.972,7.8575,2.3978,14.123,7.2951,12.892,-6.6915,-7.3041,11.361,-1.8739,-12.315,1.7726,-6.887,0
