0,-1.847,-3.6224,-4.1296,1.9494,4.308,7.5466,-1.201,4.0777,1.5233,0.51563,-3.7673,5.9523,-4.6176,-4.4577,-2.2129,3.3129,-5.3712,2.2701,2.9894,4.1149,-1.847,0,-2.4457,0.65508,1.2878,-3.6119,-1.416,10.037,0.48006,-0.69162,-3.3648,-2.9413,-5.676,3.1341,0.031416,2.1291,-3.0385,-4.3935,6.4024,1.0337,-4.8812,-3.6224,-2.4457,0,-1.128,-0.27226,2.2411,-3.2399,-4.4238,-2.5928,7.4291,2.3523,7.1453,0.63723,-3.273,0.37906,2.2808,-4.237,5.1388,-6.9058,-4.6608,-0.38879,-4.1296,0.65508,-1.128,0,-11.116,-4.7149,-1.0234,3.6083,-9.0381,-2.8926,3.8452,2.0836,-2.6201,5.8182,-0.65467,-4.5466,3.0874,5.5366,0.91682,-1.1063,-1.2845,1.9494,1.2878,-0.27226,-11.116,0,1.5847,-0.34322,-1.5772,9.8552,0.0013004,-8.554,-4.1236,-1.61,-3.7378,2.0079,8.1837,-4.233,-5.2783,-0.27006,1.8489,-2.1549,4.308,-3.6119,2.2411,-4.7149,1.5847,0,1.1944,-4.9418,1.4427,5.7822,2.4036,4.804,10.737,-8.1371,-6.9457,-4.6636,0.61282,-1.8035,-1.203,-2.1723,4.2575,7.5466,-1.416,-3.2399,-1.0234,-0.34322,1.1944,0,-0.50247,4.7657,-2.1906,0.61118,-3.9508,4.2727,-2.2119,-2.3097,-2.8718,5.3197,-5.4384,3.1969,8.6242,5.0182,-1.201,10.037,-4.4238,3.6083,-1.5772,-4.9418,-0.50247,0,-1.6744,-2.2651,-0.78125,-3.9578,-4.071,5.2998,-1.5003,0.87019,0.63832,-3.2715,10.957,3.23,-1.5252,4.0777,0.48006,-2.5928,-9.0381,9.8552,1.4427,4.7657,-1.6744,0,-2.8239,-6.2511,-6.4356,0.16562,-2.4084,2.4258,3.3146,0.42793,-7.0564,1.6003,4.3303,1.0895,1.5233,-0.69162,7.4291,-2.8926,0.0013004,5.7822,-2.1906,-2.2651,-2.8239,0,4.9343,7.3124,3.8759,-4.6326,-4.6872,-0.21611,-3.9339,1.3325,-2.8368,-3.4677,0.36911,0.51563,-3.3648,2.3523,3.8452,-8.554,2.4036,0.61118,-0.78125,-6.2511,4.9343,0,5.6124,6.0686,-0.72785,-3.0648,-6.9692,2.9582,4.3672,-0.77522,-0.010379,4.1192,-3.7673,-2.9413,7.1453,2.0836,-4.1236,4.804,-3.9508,-3.9578,-6.4356,7.3124,5.6124,0,3.282,-3.1634,-3.0318,-3.8326,-2.6244,5.0089,-4.5591,-5.0578,0.16086,5.9523,-5.676,0.63723,-2.6201,-1.61,10.737,4.2727,-4.071,0.16562,3.8759,6.0686,3.282,0,-6.9052,-5.7286,-7.1354,4.6786,-0.78506,-0.17961,0.32902,9.9826,-4.6176,3.1341,-3.273,5.8182,-3.7378,-8.1371,-2.2119,5.2998,-2.4084,-4.6326,-0.72785,-3.1634,-6.9052,0,3.2259,0.6899,1.3234,2.477,1.8477,0.95822,-2.8027,-4.4577,0.031416,0.37906,-0.65467,2.0079,-6.9457,-2.3097,-1.5003,2.4258,-4.6872,-3.0648,-3.0318,-5.7286,3.2259,0,4.5124,-1.5911,3.0492,-3.456,0.029201,-1.0761,-2.2129,2.1291,2.2808,-4.5466,8.1837,-4.6636,-2.8718,0.87019,3.3146,-0.21611,-6.9692,-3.8326,-7.1354,0.6899,4.5124,0,-6.8103,-1.0851,-1.5844,0.65405,-5.1044,3.3129,-3.0385,-4.237,3.0874,-4.233,0.61282,5.3197,0.63832,0.42793,-3.9339,2.9582,-2.6244,4.6786,1.3234,-1.5911,-6.8103,0,0.87856,3.2206,2.6151,7.6497,-5.3712,-4.3935,5.1388,5.5366,-5.2783,-1.8035,-5.4384,-3.2715,-7.0564,1.3325,4.3672,5.0089,-0.78506,2.477,3.0492,-1.0851,0.87856,0,-5.7876,-5.3896,0.072429,2.2701,6.4024,-6.9058,0.91682,-0.27006,-1.203,3.1969,10.957,1.6003,-2.8368,-0.77522,-4.5591,-0.17961,1.8477,-3.456,-1.5844,3.2206,-5.7876,0,5.589,1.4088,2.9894,1.0337,-4.6608,-1.1063,1.8489,-2.1723,8.6242,3.23,4.3303,-3.4677,-0.010379,-5.0578,0.32902,0.95822,0.029201,0.65405,2.6151,-5.3896,5.589,0,1.8121,4.1149,-4.8812,-0.38879,-1.2845,-2.1549,4.2575,5.0182,-1.5252,1.0895,0.36911,4.1192,0.16086,9.9826,-2.8027,-1.0761,-5.1044,7.6497,0.072429,1.4088,1.8121,0
