0,7.2931,-1.0086,10.392,-1.2259,1.6628,0.74886,4.6364,8.4924,36.228,-4.2922,0.6116,-7.3916,3.7348,5.8074,-7.9956,-9.9301,-12.117,0.68269,2.1342,-7.6698,1.1945,-3.2442,-6.53,-12.407,-12.343,0.45277,-15.585,-11.242,9.9739,-10.946,-2.6769,-10.692,1.8987,-0.39801,-5.8501,-0.74775,-4.2563,6.3495,16.142,12.085,-1.3666,0.22011,-30.389,10.234,-27.741,14.038,2.0765,22.867,-5.2777,-26.915,3.5927,-24.982,-22.817,12.098,7.2931,0,18.298,-3.9156,23.54,12.928,4.8151,-0.84967,32.775,14.281,20.105,31.082,10.085,14.72,39.52,-24.964,-0.57772,-26.731,-4.1407,-13.366,5.1897,14.55,-13.995,-17.639,-33.079,-16.809,-5.0203,6.2342,9.498,-5.8861,8.9945,-21.794,-2.6636,-23.86,-12.201,-16.023,-1.1578,-0.84391,-11.375,6.571,-11.463,-18.059,-17.453,-3.2325,16.936,-11.136,29.303,-4.5658,7.5457,-9.6572,-10.276,11.749,-4.854,-11.332,-0.63219,-1.0086,18.298,0,2.4958,10.787,1.3094,-2.7664,-5.2912,9.7875,3.4539,12.001,25.637,2.5419,13.982,13.114,-6.5891,-1.8122,-6.5731,1.1584,-15.176,-2.8419,33.182,-9.3806,-1.7871,-11.028,-0.76607,-19.511,5.0055,21.512,-18.914,22.622,-22.986,-9.3774,-28.837,-5.5016,-2.171,6.416,-3.9795,-5.9108,-3.1766,-19.051,-4.4336,-6.1403,8.0891,0.46102,-3.6664,8.3582,-20.207,-1.6496,-7.1947,1.6817,10.382,8.4365,0.33868,1.7789,10.392,-3.9156,2.4958,0,-17.19,-19.172,-13.307,1.4843,-7.6017,6.2786,-18.098,-4.6478,-37.428,2.0764,-8.2598,9.3084,-10.806,6.3218,11.407,2.1049,-42.098,5.7895,5.3144,14.974,2.7049,7.8288,-11.89,-23.848,-3.4782,-1.258,-2.1242,-0.76262,-27.582,4.9223,8.0703,11.478,11.912,-6.7896,22.193,-0.6204,8.2818,17.94,15.741,-5.1943,-11.303,-7.9334,-3.5497,-12.782,5.781,-2.7033,-1.6134,1.8408,-0.8654,-2.4618,17.006,-1.2259,23.54,10.787,-17.19,0,23.507,11.136,-2.6161,25.057,4.7498,46.052,22.063,27.109,7.9324,29.781,-23.368,4.7583,-20.185,-9.8811,-10.392,17.756,7.0494,-14.275,-24.593,-18.004,-15.646,1.2797,17.24,9.8063,-4.1874,8.5896,-12.49,7.8624,-20.721,-13.122,-18.463,-7.1941,2.2714,-25.208,4.6274,-14.829,-29.225,-25.55,1.8365,19.33,-2.7142,17.868,2.3491,0.76794,-4.34,-5.2652,6.2955,-1.669,-4.8758,-8.3211,1.6628,12.928,1.3094,-19.172,23.507,0,27.051,-6.8177,15.849,6.2542,22.066,7.9378,24.119,-2.4353,15.995,-15.784,-1.2411,-15.908,-22.53,1.233,17.626,1.1732,-19.104,-31.684,-11.015,-14.979,5.4962,9.1738,-1.466,7.1636,-2.5005,-1.0444,9.2718,-10.469,-4.0938,-13.119,-21.332,-2.9538,-28.281,14.592,-2.9925,-19.36,-13.749,-2.6986,23.884,-6.456,13.192,13.153,-0.34363,4.4112,-11.66,-3.5195,-7.1782,-3.9959,-3.0698,0.74886,4.8151,-2.7664,-13.307,11.136,27.051,0,-14.774,5.53,3.5102,11.805,0.025837,13.815,-12.488,5.6982,-5.1094,-8.2089,-6.2565,-47.776,10.969,9.9855,0.19815,-21.531,-15.846,-2.4427,-5.9016,2.9991,2.7391,-7.3941,13.533,-8.0868,7.3656,5.7196,-5.7272,5.6474,-3.0427,-45.646,-10.599,-21.466,19.209,3.2334,-7.3148,-3.1013,-1.3218,12.649,-7.1311,4.608,16.304,-5.6873,15.201,-10.897,-14.217,-5.182,1.905,3.2401,4.6364,-0.84967,-5.2912,1.4843,-2.6161,-6.8177,-14.774,0,4.0586,2.587,-5.4436,0.42818,-2.3143,13.616,1.9184,-6.6447,16.999,-4.9468,19.655,-11.049,2.8833,-11.297,20.083,-0.12954,-5.3303,-8.8365,13.143,2.1331,0.67573,-3.0082,0.15259,-6.1555,5.7804,9.2845,-17.2,-11.572,14,26.642,11.546,-8.1128,0.054594,-5.4267,-8.0074,-9.5806,2.9706,4.399,4.8074,-0.15461,18.009,-22.137,0.93845,17.694,-7.9118,-14.559,-11.823,8.4924,32.775,9.7875,-7.6017,25.057,15.849,5.53,4.0586,0,15.015,19.049,22.272,13.359,14.537,47.9,-47.69,3.5524,-45.879,-3.5993,-12.926,10.291,6.0913,-9.631,-25.856,-41.604,-28.987,2.3758,8.1027,5.8492,-2.3297,4.9486,-17.465,2.7773,-14.475,-17.704,-27.964,-2.3782,4.1744,-10.956,7.2559,-8.601,-28.177,-25.736,-7.4008,26.808,-9.4054,41.571,0.93874,11.909,-11.867,-12.379,12.957,-9.9578,-16.985,-4.8778,36.228,14.281,3.4539,6.2786,4.7498,6.2542,3.5102,2.587,15.015,0,1.8213,6.2443,-2.3251,6.2975,12.281,-13.6,-9.1361,-19.004,-2.0843,-1.0228,-4.0893,5.0036,-7.9591,-11.646,-19.64,-16.872,-1.0391,-9.6376,-6.5598,7.0836,-6.5301,-6.8202,-9.3623,-3.9439,-3.1876,-9.6234,-2.3652,-4.6677,0.91572,17.84,6.3309,-6.1014,-4.2785,-22.688,15.271,-32.38,21.868,1.2434,20.498,-6.3008,-31.123,5.4166,-21.944,-23.873,9.964,-4.2922,20.105,12.001,-18.098,46.052,22.066,11.805,-5.4436,19.049,1.8213,0,20.98,28.054,6.0345,23.326,-17.411,4.1184,-14.979,-11.269,-9.3372,17.097,8.5141,-15.606,-19.525,-13.653,-10.982,-0.67551,18.966,11.584,-5.497,10.396,-11.122,7.7032,-23.417,-10.353,-13.691,-7.7566,0.7018,-30.284,3.2464,-17.081,-22.747,-20.701,5.4326,14.644,-0.86701,13.288,1.3195,-2.9605,-1.9636,-2.6302,4.2379,1.7363,-1.0806,-8.0124,0.6116,31.082,25.637,-4.6478,22.063,7.9378,0.025837,0.42818,22.272,6.2443,20.98,0,10.511,20.058,27.948,-18.557,4.3997,-16.79,0.067179,-22.246,5.8433,16.215,-8.8636,-10.91,-21.591,-10.544,-6.7782,11.558,19.811,-14.709,18.971,-32.029,-1.0803,-27.902,-15.652,-13.413,3.8586,2.7775,-10.378,-1.3295,-22.095,-16.254,-18.672,3.1932,9.6215,-3.4002,17.887,-9.8762,3.5895,-12.626,-1.8705,16.169,2.0058,-6.177,-5.2029,-7.3916,10.085,2.5419,-37.428,27.109,24.119,13.815,-2.3143,13.359,-2.3251,28.054,10.511,0,1.6235,14.726,-14.493,8.963,-11.243,-11.997,-5.4103,34.332,-0.79445,-9.2157,-20.096,-7.9078,-11.141,7.7746,24.759,6.3798,-0.98731,4.9905,-4.0704,18.855,-10.62,-10.575,-14.983,-10.974,5.2413,-28.741,2.2098,-11.717,-24.466,-21.147,4.4915,15.154,4.0629,8.5044,8.8895,-3.7616,0.20247,-0.87059,1.1539,0.16494,-0.054936,-14.489,3.7348,14.72,13.982,2.0764,7.9324,-2.4353,-12.488,13.616,14.537,6.2975,6.0345,20.058,1.6235,0,14.836,-14.174,10.642,-12.299,13.907,-36.662,1.2971,7.032,4.055,-3.6097,-17.362,-9.9286,-2.1098,6.5811,15.837,-16.881,15.451,-34.748,-1.8728,-8.7802,-23.88,-13.688,16.837,12.226,2.4173,-7.8651,-14.132,-10.464,-14.73,-1.9116,4.8617,-0.43791,13.866,-13.138,12.467,-36.973,0.66654,49.984,-0.89291,-12.376,-7.8556,5.8074,39.52,13.114,-8.2598,29.781,15.995,5.6982,1.9184,47.9,12.281,23.326,27.948,14.726,14.836,0,-36.021,3.4487,-33.453,-4.2545,-14.363,10.359,8.8225,-11.316,-23.316,-35,-22.421,0.0093543,9.9799,8.8246,-4.7391,7.906,-19.684,2.3716,-19.038,-16.913,-23.494,-2.1735,3.1406,-13.196,5.7518,-11.885,-27.103,-25.701,-3.9757,22.222,-7.9721,32.423,-0.9852,8.4967,-10.884,-9.7072,12.677,-6.3607,-12.845,-5.0834,-7.9956,-24.964,-6.5891,9.3084,-23.368,-15.784,-5.1094,-6.6447,-47.69,-13.6,-17.411,-18.557,-14.493,-14.174,-36.021,0,-6.0874,44.175,2.7231,12.758,-12.83,-2.6027,6.9275,27.48,34.3,35.568,-5.8609,-9.2353,-4.6375,1.2566,-3.5829,15.286,-5.6009,10.895,20.681,37.221,2.3412,-7.0697,10.11,-6.4063,7.6057,33.451,30.011,8.5903,-29.775,7.4209,-36.051,-3.1053,-13.318,12.842,11.775,-13.404,11.5,18.648,7.4217,-9.9301,-0.57772,-1.8122,-10.806,4.7583,-1.2411,-8.2089,16.999,3.5524,-9.1361,4.1184,4.3997,8.963,10.642,3.4487,-6.0874,0,-2.0713,10.282,-14.879,14.451,-9.2316,13.511,-1.6826,-1.6703,-4.6817,12.729,19.098,10.045,-9.7385,8.8393,-6.4305,18.372,2.2227,-20.836,-11.383,8.754,37.445,-0.34161,-16.652,-11.402,-10.486,-14.337,4.0648,1.5816,18.43,0.66251,0.36046,2.3524,-13.332,11.236,13.145,3.2565,-2.0248,-40.712,-12.117,-26.731,-6.5731,6.3218,-20.185,-15.908,-6.2565,-4.9468,-45.879,-19.004,-14.979,-16.79,-11.243,-12.299,-33.453,44.175,-2.0713,0,3.9421,9.7229,-9.1647,-3.8839,9.0654,27.775,40.308,36.87,-4.1402,-5.1083,-2.0802,-1.0206,-1.2429,13.844,-2.3204,10.729,15.547,28.322,3.5487,-3.6162,8.9779,-10.177,4.5869,25.096,21.763,11.551,-32.294,12.128,-51.511,-3.2312,-15.176,10.984,16.665,-11.266,14.541,21.392,3.1704,0.68269,-4.1407,1.1584,11.407,-9.8811,-22.53,-47.776,19.655,-3.5993,-2.0843,-11.269,0.067179,-11.997,13.907,-4.2545,2.7231,10.282,3.9421,0,-11.818,-7.6372,-2.4162,24.163,12.389,0.74652,2.8741,0.024964,-2.0548,6.1396,-11.607,6.5743,-7.6557,-3.6627,6.9294,-8.1229,0.18062,39.055,13.794,21.361,-17.471,-2.5274,4.8323,0.94411,-1.1309,-9.2685,6.7017,-2.6225,-12.87,8.5717,-18.27,8.8596,16.412,2.3712,-4.6692,-4.9712,2.1342,-13.366,-15.176,2.1049,-10.392,1.233,10.969,-11.049,-12.926,-1.0228,-9.3372,-22.246,-5.4103,-36.662,-14.363,12.758,-14.879,9.7229,-11.818,0,-4.8756,-6.9603,-3.7634,3.351,13.54,7.4371,1.8732,-12.718,-23.565,22.923,-22.397,32.224,-1.8106,10.869,25.901,12.919,-15.24,-14.047,1.002,11.834,22.181,11.938,17.202,-3.3852,-3.4694,-4.4057,-10.403,12.972,-6.4734,26.574,-5.166,-33.738,-3.701,6.8365,12.643,-7.6698,5.1897,-2.8419,-42.098,17.756,17.626,9.9855,2.8833,10.291,-4.0893,17.097,5.8433,34.332,1.2971,10.359,-12.83,14.451,-9.1647,-7.6372,-4.8756,0,-7.3765,-2.7804,-16.888,-5.4169,-11.597,15.265,24.533,3.674,0.69919,2.1925,-1.5026,30.766,-3.8568,-12.71,-16.541,-8.6868,10.968,-17.557,-0.089801,-8.382,-22.817,-20.753,2.2345,13.911,7.4626,6.2143,12.472,-1.4868,-1.4294,0.53704,1.9091,-1.7277,-1.4562,-21.06,1.1945,14.55,33.182,5.7895,7.0494,1.1732,0.19815,-11.297,6.0913,5.0036,8.5141,16.215,-0.79445,7.032,8.8225,-2.6027,-9.2316,-3.8839,-2.4162,-6.9603,-7.3765,0,-13.751,-0.14461,-7.6796,2.1522,-29.677,-0.56871,12.756,-11.584,13.866,-13.749,-15.393,-24.47,1.3385,2.7146,2.6979,-11.714,-5.2553,1.2716,-10.899,0.21308,-0.34499,6.9411,-1.1977,-7.8726,5.8733,-17.743,-3.611,-1.3391,-0.99803,3.8875,7.5773,2.3634,8.8474,-3.2442,-13.995,-9.3806,5.3144,-14.275,-19.104,-21.531,20.083,-9.631,-7.9591,-15.606,-8.8636,-9.2157,4.055,-11.316,6.9275,13.511,9.0654,24.163,-3.7634,-2.7804,-13.751,0,13.007,8.1075,4.8115,8.4093,-0.92067,-0.31351,-3.8832,-0.26247,2.0765,3.9338,18,-4.6749,1.8288,16.833,17.256,19.708,-16.779,2.5965,6.1956,3.1382,-1.0793,-10.17,13.073,-9.0609,-2.4629,4.7607,-8.9827,11.198,6.8765,1.489,-1.0327,-8.6012,-6.53,-17.639,-1.7871,14.974,-24.593,-31.684,-15.846,-0.12954,-25.856,-11.646,-19.525,-10.91,-20.096,-3.6097,-23.316,27.48,-1.6826,27.775,12.389,3.351,-16.888,-0.14461,13.007,0,19.379,27.685,-8.0028,-8.3371,1.0218,-5.8499,2.1615,5.5944,-8.5167,9.2283,10.324,23.287,12.674,-1.7,17.533,-13.559,3.0314,28.259,20.367,8.1588,-44.826,8.6491,-22.828,-11.166,-7.1989,2.6647,15.434,-2.9713,12.834,12.076,4.7857,-12.407,-33.079,-11.028,2.7049,-18.004,-11.015,-2.4427,-5.3303,-41.604,-19.64,-13.653,-21.591,-7.9078,-17.362,-35,34.3,-1.6703,40.308,0.74652,13.54,-5.4169,-7.6796,8.1075,19.379,0,26.261,-0.21299,-4.0989,-5.2574,2.8443,-4.6519,19.99,1.2686,13.229,16.346,23.114,-0.50824,-3.2663,6.4282,-7.2859,6.8294,20.122,19.543,9.763,-21.765,12.432,-51.176,1.8019,-15.786,14.523,13.919,-15.406,11.266,20.986,1.9374,-12.343,-16.809,-0.76607,7.8288,-15.646,-14.979,-5.9016,-8.8365,-28.987,-16.872,-10.982,-10.544,-11.141,-9.9286,-22.421,35.568,-4.6817,36.87,2.8741,7.4371,-11.597,2.1522,4.8115,27.685,26.261,0,-10.381,-4.9278,1.4928,-4.3161,2.5457,9.1433,-6.1119,4.6836,16.563,34.834,4.121,-7.1429,6.7255,-9.8574,1.284,25.323,21.507,15.42,-36.655,9.5748,-30.912,-7.7466,-18.289,10.93,16.716,-10.137,19.608,25.245,5.6208,0.45277,-5.0203,-19.511,-11.89,1.2797,5.4962,2.9991,13.143,2.3758,-1.0391,-0.67551,-6.7782,7.7746,-2.1098,0.0093543,-5.8609,12.729,-4.1402,0.024964,1.8732,15.265,-29.677,8.4093,-8.0028,-0.21299,-10.381,0,5.7428,-8.806,10.035,-10.293,6.6703,21.943,12.719,-8.0746,-11.617,-4.6386,15.378,-0.51371,1.0956,5.7189,-9.0669,-8.0729,-8.9565,9.3318,5.3937,1.8585,20.687,7.0247,-2.5013,-2.6511,0.42623,-11.307,-7.3766,-13.645,-15.585,6.2342,5.0055,-23.848,17.24,9.1738,2.7391,2.1331,8.1027,-9.6376,18.966,11.558,24.759,6.5811,9.9799,-9.2353,19.098,-5.1083,-2.0548,-12.718,24.533,-0.56871,-0.92067,-8.3371,-4.0989,-4.9278,5.7428,0,15.638,-10.452,13.823,-7.7317,19.267,-9.163,-15.073,-11.307,-0.74891,12.216,-15.157,-8.9675,-21.769,-16.99,-19.566,11.419,5.5499,13.829,3.2366,1.1931,-5.7891,-4.7864,9.0719,6.5758,7.7354,3.4254,-26.142,-11.242,9.498,21.512,-3.4782,9.8063,-1.466,-7.3941,0.67573,5.8492,-6.5598,11.584,19.811,6.3798,15.837,8.8246,-4.6375,10.045,-2.0802,6.1396,-23.565,3.674,12.756,-0.31351,1.0218,-5.2574,1.4928,-8.806,15.638,0,-38.22,64.345,-20.052,0.72481,-16.471,-11.538,-3.5816,10.98,6.1065,-5.2861,-15.336,-41.373,-6.1946,-9.8176,15.862,-2.892,8.8103,2.5722,-17.322,-4.9129,-10.249,12.662,13.788,15.744,4.2708,-9.8786,9.9739,-5.8861,-18.914,-1.258,-4.1874,7.1636,13.533,-3.0082,-2.3297,7.0836,-5.497,-14.709,-0.98731,-16.881,-4.7391,1.2566,-9.7385,-1.0206,-11.607,22.923,0.69919,-11.584,-3.8832,-5.8499,2.8443,-4.3161,10.035,-10.452,-38.22,0,-41.615,18.648,2.0964,11.187,9.8742,0.69358,-17.645,-6.8255,-0.3387,20.302,26.022,1.8382,5.7379,-14.545,7.0963,-9.5671,0.036114,23.819,3.5597,12.092,-15.263,-15.314,-16.615,-4.2085,7.9919,-10.946,8.9945,22.622,-2.1242,8.5896,-2.5005,-8.0868,0.15259,4.9486,-6.5301,10.396,18.971,4.9905,15.451,7.906,-3.5829,8.8393,-1.2429,6.5743,-22.397,2.1925,13.866,-0.26247,2.1615,-4.6519,2.5457,-10.293,13.823,64.345,-41.615,0,-19.728,-0.62087,-16.32,-10.222,-2.3364,11.718,5.1242,-4.3896,-15.546,-36.406,-4.7988,-8.3093,16.273,-4.009,8.3814,1.9179,-19.362,-5.2142,-9.8389,12.972,13.322,16.659,4.7769,-8.4531,-2.6769,-21.794,-22.986,-0.76262,-12.49,-1.0444,7.3656,-6.1555,-17.465,-6.8202,-11.122,-32.029,-4.0704,-34.748,-19.684,15.286,-6.4305,13.844,-7.6557,32.224,-1.5026,-13.749,2.0765,5.5944,19.99,9.1433,6.6703,-7.7317,-20.052,18.648,-19.728,0,3.6922,16.87,18.564,12.18,-11.603,-6.3125,2.4027,5.1825,18.7,11.517,15.109,-0.99944,-5.8206,2.5353,-15.771,15.005,-7.925,21.767,0.24889,-27.139,-1.3647,9.0525,5.1883,-10.692,-2.6636,-9.3774,-27.582,7.8624,9.2718,5.7196,5.7804,2.7773,-9.3623,7.7032,-1.0803,18.855,-1.8728,2.3716,-5.6009,18.372,-2.3204,-3.6627,-1.8106,30.766,-15.393,3.9338,-8.5167,1.2686,-6.1119,21.943,19.267,0.72481,2.0964,-0.62087,3.6922,0,3.4947,-9.4818,-10.435,-6.107,14.778,-9.4054,-3.9464,-4.3499,-12.755,-12.389,2.7687,7.0467,13.693,-0.4341,14.529,-2.7349,-0.073195,4.7895,-0.23849,-0.39291,1.2125,-24.786,1.8987,-23.86,-28.837,4.9223,-20.721,-10.469,-5.7272,9.2845,-14.475,-3.9439,-23.417,-27.902,-10.62,-8.7802,-19.038,10.895,2.2227,10.729,6.9294,10.869,-3.8568,-24.47,18,9.2283,13.229,4.6836,12.719,-9.163,-16.471,11.187,-16.32,16.87,3.4947,0,5.5111,5.7159,1.9142,5.4307,16.114,-1.973,18.679,10.317,10.433,-7.6265,-6.6218,4.7431,-11.472,8.8665,3.6378,2.732,1.7135,-5.6881,-5.7619,-0.58905,-0.093667,-0.39801,-12.201,-5.5016,8.0703,-13.122,-4.0938,5.6474,-17.2,-17.704,-3.1876,-10.353,-15.652,-10.575,-23.88,-16.913,20.681,-20.836,15.547,-8.1229,25.901,-12.71,1.3385,-4.6749,10.324,16.346,16.563,-8.0746,-15.073,-11.538,9.8742,-10.222,18.564,-9.4818,5.5111,0,26.349,-8.0769,-22.252,2.9534,6.5664,13.437,21.521,29.064,2.7126,-11.207,-3.7869,-14.558,2.0474,-11.398,25.469,-0.40056,-26.314,3.7054,12.847,19.292,-5.8501,-16.023,-2.171,11.478,-18.463,-13.119,-3.0427,-11.572,-27.964,-9.6234,-13.691,-13.413,-14.983,-13.688,-23.494,37.221,-11.383,28.322,0.18062,12.919,-16.541,2.7146,1.8288,23.287,23.114,34.834,-11.617,-11.307,-3.5816,0.69358,-2.3364,12.18,-10.435,5.7159,26.349,0,1.0185,-13.049,7.7163,-3.3312,6.6221,35.043,34.058,9.0065,-25.947,3.0593,-24.087,-5.5335,-14.298,14.632,8.6222,-14.325,11.957,18.794,12.566,-0.74775,-1.1578,6.416,11.912,-7.1941,-21.332,-45.646,14,-2.3782,-2.3652,-7.7566,3.8586,-10.974,16.837,-2.1735,2.3412,8.754,3.5487,39.055,-15.24,-8.6868,2.6979,16.833,12.674,-0.50824,4.121,-4.6386,-0.74891,10.98,-17.645,11.718,-11.603,-6.107,1.9142,-8.0769,1.0185,0,10.668,16.59,-19.257,-6.5351,4.6026,0.43537,2.1815,-10.326,6.2462,-1.8795,-20.002,6.0138,-18.512,10.354,18.26,5.8094,-2.7479,-3.9609,-4.2563,-0.84391,-3.9795,-6.7896,2.2714,-2.9538,-10.599,26.642,4.1744,-4.6677,0.7018,2.7775,5.2413,12.226,3.1406,-7.0697,37.445,-3.6162,13.794,-14.047,10.968,-11.714,17.256,-1.7,-3.2663,-7.1429,15.378,12.216,6.1065,-6.8255,5.1242,-6.3125,14.778,5.4307,-22.252,-13.049,10.668,0,3.6934,-13.522,-6.727,-9.6208,-13.152,-1.2912,2.7903,12.96,2.4944,1.0393,7.8305,-17.375,7.0923,15.689,-1.3929,-6.8157,-26.788,6.3495,-11.375,-5.9108,22.193,-25.208,-28.281,-21.466,11.546,-10.956,0.91572,-30.284,-10.378,-28.741,2.4173,-13.196,10.11,-0.34161,8.9779,21.361,1.002,-17.557,-5.2553,19.708,17.533,6.4282,6.7255,-0.51371,-15.157,-5.2861,-0.3387,-4.3896,2.4027,-9.4054,16.114,2.9534,7.7163,16.59,3.6934,0,-6.645,9.8992,15.221,12.103,-6.5775,-12.284,0.4528,-7.1169,-6.7411,8.2444,-6.1917,2.8863,4.0538,-2.1828,-3.6405,5.1054,16.142,6.571,-3.1766,-0.6204,4.6274,14.592,19.209,-8.1128,7.2559,17.84,3.2464,-1.3295,2.2098,-7.8651,5.7518,-6.4063,-16.652,-10.177,-17.471,11.834,-0.089801,1.2716,-16.779,-13.559,-7.2859,-9.8574,1.0956,-8.9675,-15.336,20.302,-15.546,5.1825,-3.9464,-1.973,6.5664,-3.3312,-19.257,-13.522,-6.645,0,12.11,-3.481,0.56007,-14.206,14.45,-24.426,10.021,11.985,5.3693,8.2596,-31.209,-9.0383,-17.167,-8.002,13.008,12.085,-11.463,-19.051,8.2818,-14.829,-2.9925,3.2334,0.054594,-8.601,6.3309,-17.081,-22.095,-11.717,-14.132,-11.885,7.6057,-11.402,4.5869,-2.5274,22.181,-8.382,-10.899,2.5965,3.0314,6.8294,1.284,5.7189,-21.769,-41.373,26.022,-36.406,18.7,-4.3499,18.679,13.437,6.6221,-6.5351,-6.727,9.8992,12.11,0,10.496,14.028,-15.249,-0.73986,-8.8033,-4.4768,11.435,5.3338,8.8823,-10.53,-12.271,-13.391,-3.7344,12.676,-1.3666,-18.059,-4.4336,17.94,-29.225,-19.36,-7.3148,-5.4267,-28.177,-6.1014,-22.747,-16.254,-24.466,-10.464,-27.103,33.451,-10.486,25.096,4.8323,11.938,-22.817,0.21308,6.1956,28.259,20.122,25.323,-9.0669,-16.99,-6.1946,1.8382,-4.7988,11.517,-12.755,10.317,21.521,35.043,4.6026,-9.6208,15.221,-3.481,10.496,0,43.277,3.5861,-25.725,1.387,-20.785,-5.9277,-7.0413,9.3615,6.471,-10.196,7.0657,11.123,13.631,0.22011,-17.453,-6.1403,15.741,-25.55,-13.749,-3.1013,-8.0074,-25.736,-4.2785,-20.701,-18.672,-21.147,-14.73,-25.701,30.011,-14.337,21.763,0.94411,17.202,-20.753,-0.34499,3.1382,20.367,19.543,21.507,-8.0729,-19.566,-9.8176,5.7379,-8.3093,15.109,-12.389,10.433,29.064,34.058,0.43537,-13.152,12.103,0.56007,14.028,43.277,0,1.8246,-19.226,-1.12,-18.816,-2.5332,-7.2669,13.368,3.1707,-14.618,4.5783,10.652,16.977,-30.389,-3.2325,8.0891,-5.1943,1.8365,-2.6986,-1.3218,-9.5806,-7.4008,-22.688,5.4326,3.1932,4.4915,-1.9116,-3.9757,8.5903,4.0648,11.551,-1.1309,-3.3852,2.2345,6.9411,-1.0793,8.1588,9.763,15.42,-8.9565,11.419,15.862,-14.545,16.273,-0.99944,2.7687,-7.6265,2.7126,9.0065,2.1815,-1.2912,-6.5775,-14.206,-15.249,3.5861,1.8246,0,-12.525,16.373,-11.965,-8.5634,-26.561,5.436,23.33,-2.9252,42.566,26.005,-5.5382,10.234,16.936,0.46102,-11.303,19.33,23.884,12.649,2.9706,26.808,15.271,14.644,9.6215,15.154,4.8617,22.222,-29.775,1.5816,-32.294,-9.2685,-3.4694,13.911,-1.1977,-10.17,-44.826,-21.765,-36.655,9.3318,5.5499,-2.892,7.0963,-4.009,-5.8206,7.0467,-6.6218,-11.207,-25.947,-10.326,2.7903,-12.284,14.45,-0.73986,-25.725,-19.226,-12.525,0,-10.684,26.457,11.184,11.573,-4.7791,-18.854,4.5431,-17.652,-17.061,-3.8664,-27.741,-11.136,-3.6664,-7.9334,-2.7142,-6.456,-7.1311,4.399,-9.4054,-32.38,-0.86701,-3.4002,4.0629,-0.43791,-7.9721,7.4209,18.43,12.128,6.7017,-4.4057,7.4626,-7.8726,13.073,8.6491,12.432,9.5748,5.3937,13.829,8.8103,-9.5671,8.3814,2.5353,13.693,4.7431,-3.7869,3.0593,6.2462,12.96,0.4528,-24.426,-8.8033,1.387,-1.12,16.373,-10.684,0,-14.125,-1.2783,-11.178,-0.55141,30.51,0.99167,15.945,13.011,-18.294,14.038,29.303,8.3582,-3.5497,17.868,13.192,4.608,4.8074,41.571,21.868,13.288,17.887,8.5044,13.866,32.423,-36.051,0.66251,-51.511,-2.6225,-10.403,6.2143,5.8733,-9.0609,-22.828,-51.176,-30.912,1.8585,3.2366,2.5722,0.036114,1.9179,-15.771,-0.4341,-11.472,-14.558,-24.087,-1.8795,2.4944,-7.1169,10.021,-4.4768,-20.785,-18.816,-11.965,26.457,-14.125,0,0.9167,16.465,-12.083,-17.192,12.457,-14.159,-22.612,-1.2676,2.0765,-4.5658,-20.207,-12.782,2.3491,13.153,16.304,-0.15461,0.93874,1.2434,1.3195,-9.8762,8.8895,-13.138,-0.9852,-3.1053,0.36046,-3.2312,-12.87,12.972,12.472,-17.743,-2.4629,-11.166,1.8019,-7.7466,20.687,1.1931,-17.322,23.819,-19.362,15.005,14.529,8.8665,2.0474,-5.5335,-20.002,1.0393,-6.7411,11.985,11.435,-5.9277,-2.5332,-8.5634,11.184,-1.2783,0.9167,0,1.1323,9.1441,-8.759,-11.209,-12.351,-2.8145,-3.0883,22.867,7.5457,-1.6496,5.781,0.76794,-0.34363,-5.6873,18.009,11.909,20.498,-2.9605,3.5895,-3.7616,12.467,8.4967,-13.318,2.3524,-15.176,8.5717,-6.4734,-1.4868,-3.611,4.7607,-7.1989,-15.786,-18.289,7.0247,-5.7891,-4.9129,3.5597,-5.2142,-7.925,-2.7349,3.6378,-11.398,-14.298,6.0138,7.8305,8.2444,5.3693,5.3338,-7.0413,-7.2669,-26.561,11.573,-11.178,16.465,1.1323,0,-17.196,-14.17,13.937,-22.54,-43.027,0.19293,-5.2777,-9.6572,-7.1947,-2.7033,-4.34,4.4112,15.201,-22.137,-11.867,-6.3008,-1.9636,-12.626,0.20247,-36.973,-10.884,12.842,-13.332,10.984,-18.27,26.574,-1.4294,-1.3391,-8.9827,2.6647,14.523,10.93,-2.5013,-4.7864,-10.249,12.092,-9.8389,21.767,-0.073195,2.732,25.469,14.632,-18.512,-17.375,-6.1917,8.2596,8.8823,9.3615,13.368,5.436,-4.7791,-0.55141,-12.083,9.1441,-17.196,0,-0.22632,-49.561,4.0088,15.741,9.3462,-26.915,-10.276,1.6817,-1.6134,-5.2652,-11.66,-10.897,0.93845,-12.379,-31.123,-2.6302,-1.8705,-0.87059,0.66654,-9.7072,11.775,11.236,16.665,8.8596,-5.166,0.53704,-0.99803,11.198,15.434,13.919,16.716,-2.6511,9.0719,12.662,-15.263,12.972,0.24889,4.7895,1.7135,-0.40056,8.6222,10.354,7.0923,2.8863,-31.209,-10.53,6.471,3.1707,23.33,-18.854,30.51,-17.192,-8.759,-14.17,-0.22632,0,1.2828,26.888,17.592,-10.142,3.5927,11.749,10.382,1.8408,6.2955,-3.5195,-14.217,17.694,12.957,5.4166,4.2379,16.169,1.1539,49.984,12.677,-13.404,13.145,-11.266,16.412,-33.738,1.9091,3.8875,6.8765,-2.9713,-15.406,-10.137,0.42623,6.5758,13.788,-15.314,13.322,-27.139,-0.23849,-5.6881,-26.314,-14.325,18.26,15.689,4.0538,-9.0383,-12.271,-10.196,-14.618,-2.9252,4.5431,0.99167,12.457,-11.209,13.937,-49.561,1.2828,0,-1.7803,-13.272,-9.6389,-24.982,-4.854,8.4365,-0.8654,-1.669,-7.1782,-5.182,-7.9118,-9.9578,-21.944,1.7363,2.0058,0.16494,-0.89291,-6.3607,11.5,3.2565,14.541,2.3712,-3.701,-1.7277,7.5773,1.489,12.834,11.266,19.608,-11.307,7.7354,15.744,-16.615,16.659,-1.3647,-0.39291,-5.7619,3.7054,11.957,5.8094,-1.3929,-2.1828,-17.167,-13.391,7.0657,4.5783,42.566,-17.652,15.945,-14.159,-12.351,-22.54,4.0088,26.888,-1.7803,0,25.095,-3.6012,-22.817,-11.332,0.33868,-2.4618,-4.8758,-3.9959,1.905,-14.559,-16.985,-23.873,-1.0806,-6.177,-0.054936,-12.376,-12.845,18.648,-2.0248,21.392,-4.6692,6.8365,-1.4562,2.3634,-1.0327,12.076,20.986,25.245,-7.3766,3.4254,4.2708,-4.2085,4.7769,9.0525,1.2125,-0.58905,12.847,18.794,-2.7479,-6.8157,-3.6405,-8.002,-3.7344,11.123,10.652,26.005,-17.061,13.011,-22.612,-2.8145,-43.027,15.741,17.592,-13.272,25.095,0,0.44401,12.098,-0.63219,1.7789,17.006,-8.3211,-3.0698,3.2401,-11.823,-4.8778,9.964,-8.0124,-5.2029,-14.489,-7.8556,-5.0834,7.4217,-40.712,3.1704,-4.9712,12.643,-21.06,8.8474,-8.6012,4.7857,1.9374,5.6208,-13.645,-26.142,-9.8786,7.9919,-8.4531,5.1883,-24.786,-0.093667,19.292,12.566,-3.9609,-26.788,5.1054,13.008,12.676,13.631,16.977,-5.5382,-3.8664,-18.294,-1.2676,-3.0883,0.19293,9.3462,-10.142,-9.6389,-3.6012,0.44401,0
