0,-5.0426,-8.8922,-2.869,-3.1974,-3.505,2.3383,-1.5307,4.5592,-4.7073,2.4801,-1.3506,0.64188,7.6226,-1.6812,1.207,-0.97443,-0.3654,1.1235,-5.09,4.8441,-5.0426,0,6.6374,1.4052,-1.3827,2.0053,0.0057647,3.2787,0.45383,3.883,0.61205,-2.3174,1.0466,-2.293,0.6378,-3.6558,5.7312,-1.2795,-0.60502,4.6987,-3.1055,-8.8922,6.6374,0,1.4473,-0.37364,3.9809,-0.38492,0.20837,-3.097,5.3904,-2.3399,2.8898,4.202,-5.1608,0.69361,-3.6673,2.6624,1.8023,-5.1678,8.2128,-3.9162,-2.869,1.4052,1.4473,0,-2.5665,-2.4791,2.0275,10.108,-5.2983,-0.48577,0.91441,-5.4635,-1.4043,1.4248,2.6032,-4.6947,-2.3972,3.2111,6.3509,0.77075,1.0401,-3.1974,-1.3827,-0.37364,-2.5665,0,2.1462,-2.0908,-3.4042,-1.4244,0.47454,-6.6807,0.24501,-2.8417,-5.1237,-1.5736,5.9372,-2.8231,-5.2102,-1.1809,2.2137,0.14053,-3.505,2.0053,3.9809,-2.4791,2.1462,0,-5.4631,0.56419,-1.469,2.4165,-1.4028,2.3098,6.421,-5.3994,-0.71887,-1.2183,1.3361,2.3076,-2.4015,3.3649,-5.1051,2.3383,0.0057647,-0.38492,2.0275,-2.0908,-5.4631,0,-2.1819,1.0659,-1.7677,1.1054,-2.9501,-1.2673,1.9673,-1.8409,-0.61444,0.86824,-0.51751,-0.69788,1.9827,5.3177,-1.5307,3.2787,0.20837,10.108,-3.4042,0.56419,-2.1819,0,-2.3099,0.26666,2.7272,-6.9554,1.0654,2.8141,3.9559,-5.9882,-0.87625,3.5875,7.3958,-0.32417,-1.8178,4.5592,0.45383,-3.097,-5.2983,-1.4244,-1.469,1.0659,-2.3099,0,-1.7639,5.7696,-1.1281,1.9457,3.4159,-0.86527,-0.10553,5.3977,-0.24857,-1.7154,-2.4448,2.1186,-4.7073,3.883,5.3904,-0.48577,0.47454,2.4165,-1.7677,0.26666,-1.7639,0,0.022967,4.2262,0.77066,-2.571,0.52135,-0.64143,-1.9328,-0.97398,-1.3957,4.6851,-7.3549,2.4801,0.61205,-2.3399,0.91441,-6.6807,-1.4028,1.1054,2.7272,5.7696,0.022967,0,-0.91173,0.66692,4.1979,0.43169,-4.5393,3.6573,1.0565,1.9793,-3.3878,-0.786,-1.3506,-2.3174,2.8898,-5.4635,0.24501,2.3098,-2.9501,-6.9554,-1.1281,4.2262,-0.91173,0,0.73906,-1.892,-3.614,1.8112,-0.0098391,-0.96194,-5.4037,1.4535,-4.1503,0.64188,1.0466,4.202,-1.4043,-2.8417,6.421,-1.2673,1.0654,1.9457,0.77066,0.66692,0.73906,0,-0.80138,0.5813,-2.9602,2.3442,5.8315,-2.8306,3.7766,-1.4594,7.6226,-2.293,-5.1608,1.4248,-5.1237,-5.3994,1.9673,2.8141,3.4159,-2.571,4.1979,-1.892,-0.80138,0,-1.399,-1.5354,0.053123,1.1326,3.5776,-2.7687,2.0109,-1.6812,0.6378,0.69361,2.6032,-1.5736,-0.71887,-1.8409,3.9559,-0.86527,0.52135,0.43169,-3.614,0.5813,-1.399,0,0.48548,-2.144,4.8351,0.51326,-1.9786,-0.43071,1.207,-3.6558,-3.6673,-4.6947,5.9372,-1.2183,-0.61444,-5.9882,-0.10553,-0.64143,-4.5393,1.8112,-2.9602,-1.5354,0.48548,0,-2.9424,-2.4691,-2.1908,-1.0185,2.4583,-0.97443,5.7312,2.6624,-2.3972,-2.8231,1.3361,0.86824,-0.87625,5.3977,-1.9328,3.6573,-0.0098391,2.3442,0.053123,-2.144,-2.9424,0,0.67262,-1.8593,0.48771,2.0561,-0.3654,-1.2795,1.8023,3.2111,-5.2102,2.3076,-0.51751,3.5875,-0.24857,-0.97398,1.0565,-0.96194,5.8315,1.1326,4.8351,-2.4691,0.67262,0,0.60447,0.040861,1.2962,1.1235,-0.60502,-5.1678,6.3509,-1.1809,-2.4015,-0.69788,7.3958,-1.7154,-1.3957,1.9793,-5.4037,-2.8306,3.5776,0.51326,-2.1908,-1.8593,0.60447,0,-1.7406,1.0933,-5.09,4.6987,8.2128,0.77075,2.2137,3.3649,1.9827,-0.32417,-2.4448,4.6851,-3.3878,1.4535,3.7766,-2.7687,-1.9786,-1.0185,0.48771,0.040861,-1.7406,0,-2.3156,4.8441,-3.1055,-3.9162,1.0401,0.14053,-5.1051,5.3177,-1.8178,2.1186,-7.3549,-0.786,-4.1503,-1.4594,2.0109,-0.43071,2.4583,2.0561,1.2962,1.0933,-2.3156,0
