0,-4.6274,-6.2761,-5.3746,15.955,-4.0213,14.209,13.503,-16.599,18.013,15.446,1.3583,1.2118,3.3767,9.5477,3.7875,5.6938,-7.5754,9.1475,-7.5601,6.3907,4.7725,16.767,1.8265,-13.508,-6.3457,-15.482,-12.64,12.07,7.057,-6.2195,-8.4414,2.6567,-2.9352,11.464,12.067,-2.1113,1.8432,-9.2384,6.59,-6.9615,-8.1318,-6.0508,-14.806,-4.9113,3.213,8.5334,-16.077,12.816,-26.111,8.1705,1.1943,7.3457,-3.05,1.497,-4.6274,0,-3.5022,-16.451,-0.49612,13.927,-4.504,-12.444,15.571,-13.986,-1.7632,-11.388,9.7908,-20.57,-2.7038,-3.9413,-0.076622,11.405,-16.294,7.0229,5.3252,-6.7382,-6.6017,0.59908,4.9484,3.7798,9.123,18.158,-4.5994,-4.0001,-4.2519,19.752,9.0123,-9.6365,6.1579,-10.528,4.6897,-3.5946,-15.058,-19.938,15.589,-9.9119,6.1443,17.516,12.606,-6.1359,-4.2248,7.2379,2.3148,11.745,-10.907,8.6011,-12.497,-2.6644,5.5808,-6.2761,-3.5022,0,1.0609,3.4305,1.3186,-14.606,1.2069,0.96257,-2.6712,-8.6687,23.598,7.9073,-0.3054,-14.303,-9.0058,-4.9359,-14.73,-7.1416,2.9411,-0.57495,-8.699,-15.978,-2.2711,17.839,15.99,13.855,-4.7882,-14.187,4.2164,30.955,-3.3185,-2.6012,-4.1867,-7.4788,-4.7568,2.4782,5.1982,1.5578,-0.43298,-4.1491,5.3365,-5.4441,4.3522,-14.99,14.981,-5.4692,-9.4768,-6.0628,7.5676,0.10801,-4.557,-1.1898,5.7958,0.088191,-5.3746,-16.451,1.0609,0,-7.3573,-4.7219,6.1096,-2.8576,-0.6696,7.1324,2.9766,5.1753,-7.7114,22.254,7.1774,4.138,-8.97,-6.2857,7.8182,1.458,-1.1751,13.956,5.5374,-10.574,-2.8778,1.8096,-5.431,-3.3233,-5.6985,4.1361,1.193,-13.313,-2.0686,15.266,-4.8891,4.8833,-15.764,2.7374,23.613,9.691,-1.7194,4.79,-3.4858,-7.9121,-7.4972,-4.6162,-8.2739,1.5961,-6.6505,0.64296,-1.7041,-13.941,15.574,-1.4133,-10.193,15.955,-0.49612,3.4305,-7.3573,0,6.7713,3.8186,13.053,-7.7276,15.366,13.1,4.6964,8.1412,1.1769,1.8599,8.0765,-2.5516,-10.576,0.30553,-2.1785,9.6603,-2.3216,4.0822,-3.4559,-2.984,-1.0908,0.38833,-4.8711,1.8627,3.8883,0.32519,-5.1189,13.057,-16.601,12.195,11.87,-1.0037,-7.2761,-13.281,1.9989,-5.5451,-9.9122,-9.5931,-5.9115,-7.5001,4.7703,5.0327,-14.269,1.9944,-7.7397,8.0934,-0.44753,3.9048,7.0991,-7.5533,-4.0213,13.927,1.3186,-4.7219,6.7713,0,1.0493,-5.5021,18.778,-2.1343,7.3873,-6.935,19.063,-9.0816,-3.3837,3.0238,-4.0706,2.1757,-21.113,20.124,18.491,-6.7723,-1.824,-4.6087,9.0291,8.3382,14.03,20.771,-9.069,4.309,-4.9995,2.3488,23.314,-17.77,15.723,3.5627,-6.2868,-11.632,-13.037,-19.737,4.716,-7.0964,6.0048,15.084,6.6822,-12.075,-4.3373,3.6871,0.80097,14.202,-12.28,-6.7869,-6.1454,9.1286,-10.259,14.209,-4.504,-14.606,6.1096,3.8186,1.0493,0,1.9734,-3.329,15.541,26.499,-6.268,0.68803,7.5171,18.42,6.1254,1.9386,-2.5805,6.1424,2.5893,12.802,13.65,45.386,-3.8881,-13.893,-3.4671,-17.801,-1.7374,6.145,11.667,-17.669,-12.873,6.6314,3.8531,16.711,15.321,-17.966,0.40659,-2.0059,2.0671,-1.9053,-7.3476,1.068,-9.7402,1.126,-12.898,0.58665,-3.9792,12.444,-10.972,-3.46,-9.1119,11.491,-4.7189,-5.3266,13.503,-12.444,1.2069,-2.8576,13.053,-5.5021,1.9734,0,-17.844,12.899,3.4733,4.1183,-2.555,3.3476,-3.5239,7.189,8.9173,-5.2752,8.6335,-7.4077,-2.0089,-5.598,4.953,9.4091,-3.5661,-9.701,-3.5028,-12.407,15.607,0.49019,-0.32552,-9.2713,-3.2655,-6.9281,2.1075,16.184,5.7364,-5.8169,-2.8538,8.9182,-25.601,6.7457,-2.2468,-10.041,-3.8727,8.0244,22.903,-8.557,2.7937,-16.273,19.673,-0.82455,-0.049302,12.211,-4.2332,-16.599,15.571,0.96257,-0.6696,-7.7276,18.778,-3.329,-17.844,0,-14.475,-2.477,-8.3993,11.322,-11.207,-5.8656,-4.7547,-2.5566,8.1223,-24.175,23.27,8.2124,-5.7145,-6.6936,-2.2395,13.622,11.617,14.857,29.657,-12.787,1.9124,-2.7277,6.8369,7.7912,-4.6068,4.3403,-6.2524,-4.473,-3.552,-3.7149,-24.446,9.9169,-0.6805,12.628,26.839,10.969,-13.758,-9.6163,12.048,-0.56478,29.877,-24.361,-5.4741,-9.6658,2.6042,-2.3882,18.013,-13.986,-2.6712,7.1324,15.366,-2.1343,15.541,12.899,-14.475,0,20.645,4.9104,-2.1437,17.214,12.869,12.814,-4.1282,-12.962,12.773,-5.3754,6.3722,10.893,17.161,-7.4824,-13.193,-5.4869,-12.445,-11.418,4.926,6.638,-3.9851,-17.55,6.6866,-0.15602,8.4983,21.154,-10.857,-2.9904,0.82965,13.217,-8.1548,-5.9666,-11.351,-21.531,-10.837,0.22958,3.1081,-12.206,1.7379,-16.509,9.2902,-6.9362,18.783,1.7271,-11.728,15.446,-1.7632,-8.6687,2.9766,13.1,7.3873,26.499,3.4733,-2.477,20.645,0,-3.8244,5.1767,6.9083,16.053,10.388,-3.2828,-5.9929,2.8446,3.4124,18.689,10.279,23.08,-8.6223,-11.034,-1.683,-9.7574,-0.087893,2.101,10.445,-12.979,-11.199,16.701,-3.6251,23.808,17.987,-17.673,-4.6644,-6.5854,0.89533,-0.78272,-13.506,-3.5894,-8.3695,-1.8402,-10.362,-0.72385,-6.7872,7.6174,-8.0976,-1.7871,-8.5219,11.961,-0.46789,-11.024,1.3583,-11.388,23.598,5.1753,4.6964,-6.935,-6.268,4.1183,-8.3993,4.9104,-3.8244,0,1.8737,8.0508,-4.0363,-7.3173,-5.8158,-26.772,2.802,-4.43,-2.2447,0.51862,-6.1202,-5.039,5.3668,10.334,1.3588,-16.773,-8.9832,6.3722,26.731,-9.0033,-5.6328,2.9422,-8.3322,-2.1325,-0.72417,11.526,5.5378,9.0353,-5.3384,2.4984,-13.264,-6.4857,-33.277,20.432,-5.6041,-18.53,-3.7688,-2.2235,4.7281,-3.873,8.212,-1.0532,1.8205,1.2118,9.7908,7.9073,-7.7114,8.1412,19.063,0.68803,-2.555,11.322,-2.1437,5.1767,1.8737,0,-12.276,-7.585,-8.4645,2.2367,-6.017,-24.037,19.33,22.571,-10.127,-1.9451,0.31471,14.206,18.923,10.945,7.2745,-9.2891,15.328,1.5185,-2.7783,10.301,-15.21,14.534,1.8054,-4.8399,0.65804,-18.031,-19.919,-0.42504,-4.3568,5.9666,13.232,0.017716,-2.7467,-3.6524,-7.2813,10.007,8.3518,-13.75,-8.8497,-6.5342,5.1328,-0.49945,3.3767,-20.57,-0.3054,22.254,1.1769,-9.0816,7.5171,3.3476,-11.207,17.214,6.9083,8.0508,-12.276,0,13.818,10.052,-11.876,-10.304,19.045,-8.5814,-3.4074,20.197,8.368,-13.579,-11.967,-4.5175,-11.83,-11.448,-1.0254,0.63766,1.8239,-12.446,-0.3044,12.571,-4.36,7.2363,-11.066,1.4743,17.66,23.575,-2.1166,-1.3294,-14.817,-22.302,-14.011,1.4534,-4.7445,-4.3502,-8.1724,-8.4065,7.8848,-5.6113,29.621,-3.4836,-9.9328,9.5477,-2.7038,-14.303,7.1774,1.8599,-3.3837,18.42,-3.5239,-5.8656,12.869,16.053,-4.0363,-7.585,13.818,0,9.4827,-8.5408,-1.5567,13.137,-6.8216,3.1127,32.687,18.007,-13.565,-26.636,-7.1332,-21.182,-3.3773,2.1634,0.77813,-10.204,-3.3899,6.6631,9.688,5.5934,4.3169,-12.569,1.3466,3.7111,9.4569,8.3212,-15.645,-9.7028,-15.643,-2.7871,-7.0849,-6.205,-1.5936,0.87153,-9.796,0.85679,0.94492,20.835,-13.847,-3.5227,3.7875,-3.9413,-9.0058,4.138,8.0765,3.0238,6.1254,7.189,-4.7547,12.814,10.388,-7.3173,-8.4645,10.052,9.4827,0,-7.3054,3.5938,9.2939,-5.2568,-0.5886,6.3296,7.2536,-6.5911,-12.484,-16.553,-3.5191,2.2289,6.4824,-8.9574,-9.8765,-1.0168,10.93,-3.7099,4.5057,13.014,-3.1127,-21.781,2.3693,8.1364,-1.1314,-4.7275,-6.0245,-8.7958,2.3021,-6.6577,5.2429,5.6494,-9.3375,-5.0237,10.73,0.84593,6.7707,7.3221,-20.136,5.6938,-0.076622,-4.9359,-8.97,-2.5516,-4.0706,1.9386,8.9173,-2.5566,-4.1282,-3.2828,-5.8158,2.2367,-11.876,-8.5408,-7.3054,0,6.3202,-1.7896,1.948,-0.36014,-11.409,3.7141,35.733,2.6491,-3.5481,-2.2296,-1.8431,16.583,3.9731,-6.2855,-1.5817,-10.79,-2.767,3.1135,3.6915,8.2764,2.3356,-7.316,-5.6594,-12.981,11.461,17.223,3.683,10.223,0.03286,18.997,-0.16169,17.69,-6.5686,0.58072,0.24955,-13.772,3.9474,9.8657,-7.5754,11.405,-14.73,-6.2857,-10.576,2.1757,-2.5805,-5.2752,8.1223,-12.962,-5.9929,-26.772,-6.017,-10.304,-1.5567,3.5938,6.3202,0,-2.5238,0.89016,-6.2718,-4.1649,-2.0284,8.4842,-1.6638,-10.834,2.31,14.897,8.1324,-14.015,-12.744,16.628,-1.2135,-0.62957,-1.0987,-4.927,8.4532,-9.0218,-1.3772,-7.3795,5.9832,2.7363,13.175,9.1561,32.472,-10.652,5.9989,27.498,-1.1824,5.1252,-2.1079,9.3941,-13.564,0.91353,2.6732,9.1475,-16.294,-7.1416,7.8182,0.30553,-21.113,6.1424,8.6335,-24.175,12.773,2.8446,2.802,-24.037,19.045,13.137,9.2939,-1.7896,-2.5238,0,-23.47,-11.534,14.711,9.3981,-2.2448,-22.435,-16.819,-20.967,-17.122,11.411,-5.8376,-1.767,-4.9958,-7.2601,12.991,-6.8296,4.7635,0.26468,1.9966,12.069,34.166,-3.8234,0.15359,-11.657,-32.22,-6.7258,5.2883,4.8245,-2.9239,-3.7923,-20.773,17.921,5.0526,14.66,-6.29,-0.57441,-7.5601,7.0229,2.9411,1.458,-2.1785,20.124,2.5893,-7.4077,23.27,-5.3754,3.4124,-4.43,19.33,-8.5814,-6.8216,-5.2568,1.948,0.89016,-23.47,0,17.6,-7.0113,-0.41559,0.17084,15.265,15.401,11.501,16.285,-9.5958,12.454,-3.6901,-3.8066,8.1325,-7.1739,11.048,2.9625,-9.8666,-2.4891,-6.172,-22.949,0.032178,2.0485,15.16,18.141,6.6821,-13.649,-5.0467,3.6358,6.2176,15.685,-23.189,-16.831,-7.1029,7.2918,-5.5492,6.3907,5.3252,-0.57495,-1.1751,9.6603,18.491,12.802,-2.0089,8.2124,6.3722,18.689,-2.2447,22.571,-3.4074,3.1127,-0.5886,-0.36014,-6.2718,-11.534,17.6,0,0.03231,9.2199,-4.8638,3.1013,10.86,1.5018,6.6964,-5.7594,19.602,-6.9572,-8.6023,17.205,-9.5557,29.144,9.7546,-15.884,-1.6665,-13.492,-12.23,0.099752,-9.2837,3.9904,4.595,0.38276,-10.814,-4.3536,-6.6475,11.958,2.6627,-13.368,-13.972,1.8511,2.5498,-6.6599,4.7725,-6.7382,-8.699,13.956,-2.3216,-6.7723,13.65,-5.598,-5.7145,10.893,10.279,0.51862,-10.127,20.197,32.687,6.3296,-11.409,-4.1649,14.711,-7.0113,0.03231,0,13.175,-16.38,-19.34,-3.9763,-19.35,-5.5959,-1.4766,1.2625,-4.6256,-5.3255,2.4599,16.934,0.031776,1.6553,-14.184,5.1763,10.649,12.775,8.0342,-10.211,-11.299,-16.537,-6.6671,-4.554,-10.26,-1.656,-2.2336,-7.3121,0.20391,-1.2558,27.863,-15.719,-3.0807,16.767,-6.6017,-15.978,5.5374,4.0822,-1.824,45.386,4.953,-6.6936,17.161,23.08,-6.1202,-1.9451,8.368,18.007,7.2536,3.7141,-2.0284,9.3981,-0.41559,9.2199,13.175,0,-1.7252,-16.77,-6.6822,-21.463,-4.164,9.9374,9.3738,-17.819,-12.944,4.144,4.4318,14.046,16.72,-13.725,0.079631,-1.1981,4.647,-4.0976,-5.5412,0.55728,-12.646,1.0959,-10.332,3.6734,-4.1921,12.16,-15.199,-0.0018236,-7.0582,11.24,-4.1925,-4.528,1.8265,0.59908,-2.2711,-10.574,-3.4559,-4.6087,-3.8881,9.4091,-2.2395,-7.4824,-8.6223,-5.039,0.31471,-13.579,-13.565,-6.5911,35.733,8.4842,-2.2448,0.17084,-4.8638,-16.38,-1.7252,0,5.0767,-4.7767,1.7348,-1.0406,15.597,-0.99783,-2.9251,2.1285,-12.9,-4.0844,-1.2549,0.8676,14.691,0.12964,-5.7415,-5.0826,-12.682,15.072,15.974,5.6124,10.742,2.8514,21.373,2.3867,10.159,-3.9451,3.2475,3.3723,-19.051,6.5842,9.8272,-13.508,4.9484,17.839,-2.8778,-2.984,9.0291,-13.893,-3.5661,13.622,-13.193,-11.034,5.3668,14.206,-11.967,-26.636,-12.484,2.6491,-1.6638,-22.435,15.265,3.1013,-19.34,-16.77,5.0767,0,17.925,26.169,7.3575,-11.508,4.6098,11.06,1.3037,-1.5976,-8.152,-2.4905,-5.6286,3.4126,1.0995,-3.2994,-14.694,-2.9323,9.7082,9.1877,21.441,0.6757,2.6438,-2.6295,0.8807,-0.64819,18.463,-9.4347,-6.6392,-13.966,9.9822,1.2305,-6.3457,3.7798,15.99,1.8096,-1.0908,8.3382,-3.4671,-9.701,11.617,-5.4869,-1.683,10.334,18.923,-4.5175,-7.1332,-16.553,-3.5481,-10.834,-16.819,15.401,10.86,-3.9763,-6.6822,-4.7767,17.925,0,9.9626,3.0344,-22.383,15.287,10.966,-4.2009,2.3626,-1.8324,1.9224,-5.7162,-7.3989,10.214,-2.8328,-11.003,2.8838,-0.60319,1.9077,10.656,-7.1155,1.3227,-14.504,-7.1649,3.5375,12.909,-17.347,-10.987,-0.94073,-1.2184,2.38,-15.482,9.123,13.855,-5.431,0.38833,14.03,-17.801,-3.5028,14.857,-12.445,-9.7574,1.3588,10.945,-11.83,-21.182,-3.5191,-2.2296,2.31,-20.967,11.501,1.5018,-19.35,-21.463,1.7348,26.169,9.9626,0,12.554,-11.07,-2.887,8.5503,7.2203,4.2569,-13.899,-1.9814,-5.5062,5.9493,-7.269,-4.6728,-13.712,0.84765,4.9245,5.5623,22.098,3.1682,1.1676,-2.0338,5.3494,-7.3469,22.62,-5.3379,-1.5903,-14.764,13.705,-3.5458,-12.64,18.158,-4.7882,-3.3233,-4.8711,20.771,-1.7374,-12.407,29.657,-11.418,-0.087893,-16.773,7.2745,-11.448,-3.3773,2.2289,-1.8431,14.897,-17.122,16.285,6.6964,-5.5959,-4.164,-1.0406,7.3575,3.0344,12.554,0,-5.8192,-3.2899,-8.7089,10.225,11.27,-7.713,6.6748,-2.9042,-2.0181,-11.313,-5.6941,-20.714,9.7355,-2.4285,12.636,21.111,18.263,-18.305,-4.0742,18.115,-1.9533,20.04,-14.421,-1.5846,-11.01,5.0794,-5.4003,12.07,-4.5994,-14.187,-5.6985,1.8627,-9.069,6.145,15.607,-12.787,4.926,2.101,-8.9832,-9.2891,-1.0254,2.1634,6.4824,16.583,8.1324,11.411,-9.5958,-5.7594,-1.4766,9.9374,15.597,-11.508,-22.383,-11.07,-5.8192,0,-4.8125,-12.023,-0.63629,-6.726,-0.27994,2.1124,8.8512,8.2121,-4.6093,-2.6389,5.7905,-10.794,4.9892,4.7502,-7.9639,8.3577,-0.19225,27.392,1.6474,7.3405,-18.318,12.804,6.3329,-3.6048,2.5615,2.9116,7.057,-4.0001,4.2164,4.1361,3.8883,4.309,11.667,0.49019,1.9124,6.638,10.445,6.3722,15.328,0.63766,0.77813,-8.9574,3.9731,-14.015,-5.8376,12.454,19.602,1.2625,9.3738,-0.99783,4.6098,15.287,-2.887,-3.2899,-4.8125,0,-0.24379,-18.999,2.4113,-0.39816,11.979,7.9181,-15.256,9.5566,-4.9016,-5.3551,-6.2475,-0.76043,3.6559,0.080868,-6.3379,-2.962,-3.9182,-13.876,16.651,-1.7274,-11.112,-19.863,4.6393,-0.89977,-0.27311,-6.2195,-4.2519,30.955,1.193,0.32519,-4.9995,-17.669,-0.32552,-2.7277,-3.9851,-12.979,26.731,1.5185,1.8239,-10.204,-9.8765,-6.2855,-12.744,-1.767,-3.6901,-6.9572,-4.6256,-17.819,-2.9251,11.06,10.966,8.5503,-8.7089,-12.023,-0.24379,0,0.085521,-7.0928,1.2167,-14.816,-10.221,5.686,9.1123,5.3139,4.3629,-0.89815,4.3593,-9.6404,0.69149,-17.415,22.408,-6.633,-8.7774,-8.6488,4.6838,3.2276,1.3247,0.93705,-0.10873,4.66,-8.4414,19.752,-3.3185,-13.313,-5.1189,2.3488,-12.873,-9.2713,6.8369,-17.55,-11.199,-9.0033,-2.7783,-12.446,-3.3899,-1.0168,-1.5817,16.628,-4.9958,-3.8066,-8.6023,-5.3255,-12.944,2.1285,1.3037,-4.2009,7.2203,10.225,-0.63629,-18.999,0.085521,0,0.4683,-3.208,-5.8862,-17.929,14.951,-3.998,-4.1415,-6.242,15.136,-4.3254,1.4075,9.9654,10.743,0.64918,-1.2695,12.342,-6.6624,8.3394,-0.50298,22.335,-11.656,-3.7526,7.9909,2.6567,9.0123,-2.6012,-2.0686,13.057,23.314,6.6314,-3.2655,7.7912,6.6866,16.701,-5.6328,10.301,-0.3044,6.6631,10.93,-10.79,-1.2135,-7.2601,8.1325,17.205,2.4599,4.144,-12.9,-1.5976,2.3626,4.2569,11.27,-6.726,2.4113,-7.0928,0.4683,0,-12.723,17.899,6.9193,-10.128,-12.647,-10.23,-6.9331,7.1906,-17.504,-3.3728,2.878,1.4844,-10.703,-5.7575,0.11916,-1.6214,5.0889,-5.2765,-3.8779,3.5055,4.0592,-14.528,-2.9352,-9.6365,-4.1867,15.266,-16.601,-17.77,3.8531,-6.9281,-4.6068,-0.15602,-3.6251,2.9422,-15.21,12.571,9.688,-3.7099,-2.767,-0.62957,12.991,-7.1739,-9.5557,16.934,4.4318,-4.0844,-8.152,-1.8324,-13.899,-7.713,-0.27994,-0.39816,1.2167,-3.208,-12.723,0,-11.729,-5.8438,-4.9743,13.897,21.436,11.528,3.984,3.124,-3.2443,-9.4732,-4.3234,0.30726,-7.3169,1.9671,-1.8122,-4.0942,-0.73723,-0.17581,11.261,-16.285,5.8485,11.464,6.1579,-7.4788,-4.8891,12.195,15.723,16.711,2.1075,4.3403,8.4983,23.808,-8.3322,14.534,-4.36,5.5934,4.5057,3.1135,-1.0987,-6.8296,11.048,29.144,0.031776,14.046,-1.2549,-2.4905,1.9224,-1.9814,6.6748,2.1124,11.979,-14.816,-5.8862,17.899,-11.729,0,13.854,-10.675,-6.3509,-17.593,-9.9834,-1.179,-10.417,4.9248,1.9484,5.1397,-12.937,2.1332,-4.067,13.741,-2.2969,-7.2057,-7.9227,0.33293,3.4858,-6.7926,12.067,-10.528,-4.7568,4.8833,11.87,3.5627,15.321,16.184,-6.2524,21.154,17.987,-2.1325,1.8054,7.2363,4.3169,13.014,3.6915,-4.927,4.7635,2.9625,9.7546,1.6553,16.72,0.8676,-5.6286,-5.7162,-5.5062,-2.9042,8.8512,7.9181,-10.221,-17.929,6.9193,-5.8438,13.854,0,-9.1197,-9.7084,-2.6468,3.5512,-15.699,1.2712,1.2639,-8.2057,-0.59612,-6.4356,10.385,-4.6894,5.4206,-10.062,5.1563,-12.626,5.5257,11.661,-15.933,-2.1113,4.6897,2.4782,-15.764,-1.0037,-6.2868,-17.966,5.7364,-4.473,-10.857,-17.673,-0.72417,-4.8399,-11.066,-12.569,-3.1127,8.2764,8.4532,0.26468,-9.8666,-15.884,-14.184,-13.725,14.691,3.4126,-7.3989,5.9493,-2.0181,8.2121,-15.256,5.686,14.951,-10.128,-4.9743,-10.675,-9.1197,0,-1.9454,-3.447,0.25685,-2.2656,6.6466,1.5302,4.0358,4.8602,12.631,11.726,3.3831,-3.4021,-0.99181,10.829,19.597,-15.373,3.2771,10.981,1.8432,-3.5946,5.1982,2.7374,-7.2761,-11.632,0.40659,-5.8169,-3.552,-2.9904,-4.6644,11.526,0.65804,1.4743,1.3466,-21.781,2.3356,-9.0218,1.9966,-2.4891,-1.6665,5.1763,0.079631,0.12964,1.0995,10.214,-7.269,-11.313,-4.6093,9.5566,9.1123,-3.998,-12.647,13.897,-6.3509,-9.7084,-1.9454,0,4.1474,2.7007,1.9895,0.78408,-2.477,-3.2113,-9.6795,8.437,-8.1366,-10.529,7.7822,-3.1794,-5.2859,-0.62925,4.9548,-17.366,17.84,-9.2384,-15.058,1.5578,23.613,-13.281,-13.037,-2.0059,-2.8538,-3.7149,0.82965,-6.5854,5.5378,-18.031,17.66,3.7111,2.3693,-7.316,-1.3772,12.069,-6.172,-13.492,10.649,-1.1981,-5.7415,-3.2994,-2.8328,-4.6728,-5.6941,-2.6389,-4.9016,5.3139,-4.1415,-10.23,21.436,-17.593,-2.6468,-3.447,4.1474,0,14.503,-0.11086,8.7023,-4.819,-7.943,-6.0724,1.672,-5.4493,5.2253,-12.479,0.23958,3.752,-2.8654,9.9087,-3.5999,-3.1166,6.59,-19.938,-0.43298,9.691,1.9989,-19.737,2.0671,8.9182,-24.446,13.217,0.89533,9.0353,-19.919,23.575,9.4569,8.1364,-5.6594,-7.3795,34.166,-22.949,-12.23,12.775,4.647,-5.0826,-14.694,-11.003,-13.712,-20.714,5.7905,-5.3551,4.3629,-6.242,-6.9331,11.528,-9.9834,3.5512,0.25685,2.7007,14.503,0,-4.4169,0.85968,-17.396,-30.507,-13.199,9.9089,2.0781,-5.6971,-7.9279,-15.737,19.797,3.588,16.906,-4.3396,-2.1889,-6.9615,15.589,-4.1491,-1.7194,-5.5451,4.716,-1.9053,-25.601,9.9169,-8.1548,-0.78272,-5.3384,-0.42504,-2.1166,8.3212,-1.1314,-12.981,5.9832,-3.8234,0.032178,0.099752,8.0342,-4.0976,-12.682,-2.9323,2.8838,0.84765,9.7355,-10.794,-6.2475,-0.89815,15.136,7.1906,3.984,-1.179,-15.699,-2.2656,1.9895,-0.11086,-4.4169,0,-15.696,-4.3752,4.7388,2.8859,-5.0967,-18.118,6.9571,-5.6061,9.492,-9.1846,8.6308,2.3062,-14.514,3.6975,-8.1318,-9.9119,5.3365,4.79,-9.9122,-7.0964,-7.3476,6.7457,-0.6805,-5.9666,-13.506,2.4984,-4.3568,-1.3294,-15.645,-4.7275,11.461,2.7363,0.15359,2.0485,-9.2837,-10.211,-5.5412,15.072,9.7082,-0.60319,4.9245,-2.4285,4.9892,-0.76043,4.3593,-4.3254,-17.504,3.124,-10.417,1.2712,6.6466,0.78408,8.7023,0.85968,-15.696,0,10.996,3.6571,2.7577,3.3984,9.6931,4.7533,-0.85853,1.661,2.9568,-5.2497,-8.8027,10.267,1.213,-6.0508,6.1443,-5.4441,-3.4858,-9.5931,6.0048,1.068,-2.2468,12.628,-11.351,-3.5894,-13.264,5.9666,-14.817,-9.7028,-6.0245,17.223,13.175,-11.657,15.16,3.9904,-11.299,0.55728,15.974,9.1877,1.9077,5.5623,12.636,4.7502,3.6559,-9.6404,1.4075,-3.3728,-3.2443,4.9248,1.2639,1.5302,-2.477,-4.819,-17.396,-4.3752,10.996,0,16.014,20.884,-11.879,6.928,10.8,10.354,6.9107,-11.161,-5.5671,-18.071,6.4583,2.7231,-14.806,17.516,4.3522,-7.9121,-5.9115,15.084,-9.7402,-10.041,26.839,-21.531,-8.3695,-6.4857,13.232,-22.302,-15.643,-8.7958,3.683,9.1561,-32.22,18.141,4.595,-16.537,-12.646,5.6124,21.441,10.656,22.098,21.111,-7.9639,0.080868,0.69149,9.9654,2.878,-9.4732,1.9484,-8.2057,4.0358,-3.2113,-7.943,-30.507,4.7388,3.6571,16.014,0,12.236,-5.935,-2.6569,9.6239,1.1918,24.302,-15.369,-1.3352,-21.618,6.1741,2.5035,-4.9113,12.606,-14.99,-7.4972,-7.5001,6.6822,1.126,-3.8727,10.969,-10.837,-1.8402,-33.277,0.017716,-14.011,-2.7871,2.3021,10.223,32.472,-6.7258,6.6821,0.38276,-6.6671,1.0959,10.742,0.6757,-7.1155,3.1682,18.263,8.3577,-6.3379,-17.415,10.743,1.4844,-4.3234,5.1397,-0.59612,4.8602,-9.6795,-6.0724,-13.199,2.8859,2.7577,20.884,12.236,0,-15.388,7.5227,20.446,4.3945,5.3396,-5.8918,3.8211,-16.189,3.6464,1.25,3.213,-6.1359,14.981,-4.6162,4.7703,-12.075,-12.898,8.0244,-13.758,0.22958,-10.362,20.432,-2.7467,1.4534,-7.0849,-6.6577,0.03286,-10.652,5.2883,-13.649,-10.814,-4.554,-10.332,2.8514,2.6438,1.3227,1.1676,-18.305,-0.19225,-2.962,22.408,0.64918,-10.703,0.30726,-12.937,-6.4356,12.631,8.437,1.672,9.9089,-5.0967,3.3984,-11.879,-5.935,-15.388,0,2.4545,-12.977,-4.0071,-5.9207,13.083,8.1843,0.70664,-1.2661,8.9797,8.5334,-4.2248,-5.4692,-8.2739,5.0327,-4.3373,0.58665,22.903,-9.6163,3.1081,-0.72385,-5.6041,-3.6524,-4.7445,-6.205,5.2429,18.997,5.9989,4.8245,-5.0467,-4.3536,-10.26,3.6734,21.373,-2.6295,-14.504,-2.0338,-4.0742,27.392,-3.9182,-6.633,-1.2695,-5.7575,-7.3169,2.1332,10.385,11.726,-8.1366,-5.4493,2.0781,-18.118,9.6931,6.928,-2.6569,7.5227,2.4545,0,0.62749,5.6462,-11.466,13.325,3.5764,-9.2379,11.595,0.38709,-16.077,7.2379,-9.4768,1.5961,-14.269,3.6871,-3.9792,-8.557,12.048,-12.206,-6.7872,-18.53,-7.2813,-4.3502,-1.5936,5.6494,-0.16169,27.498,-2.9239,3.6358,-6.6475,-1.656,-4.1921,2.3867,0.8807,-7.1649,5.3494,18.115,1.6474,-13.876,-8.7774,12.342,0.11916,1.9671,-4.067,-4.6894,3.3831,-10.529,5.2253,-5.6971,6.9571,4.7533,10.8,9.6239,20.446,-12.977,0.62749,0,-7.7744,10.923,-3.9504,3.7251,-8.7877,2.9191,-3.2277,12.816,2.3148,-6.0628,-6.6505,1.9944,0.80097,12.444,2.7937,-0.56478,1.7379,7.6174,-3.7688,10.007,-8.1724,0.87153,-9.3375,17.69,-1.1824,-3.7923,6.2176,11.958,-2.2336,12.16,10.159,-0.64819,3.5375,-7.3469,-1.9533,7.3405,16.651,-8.6488,-6.6624,-1.6214,-1.8122,13.741,5.4206,-3.4021,7.7822,-12.479,-7.9279,-5.6061,-0.85853,10.354,1.1918,4.3945,-4.0071,5.6462,-7.7744,0,-7.4663,-7.2396,-4.8156,-3.4813,-3.5699,8.7217,-26.111,11.745,7.5676,0.64296,-7.7397,14.202,-10.972,-16.273,29.877,-16.509,-8.0976,-2.2235,8.3518,-8.4065,-9.796,-5.0237,-6.5686,5.1252,-20.773,15.685,2.6627,-7.3121,-15.199,-3.9451,18.463,12.909,22.62,20.04,-18.318,-1.7274,4.6838,8.3394,5.0889,-4.0942,-2.2969,-10.062,-0.99181,-3.1794,0.23958,-15.737,9.492,1.661,6.9107,24.302,5.3396,-5.9207,-11.466,10.923,-7.4663,0,-15.268,-3.4588,-8.9689,4.1416,-2.7611,8.1705,-10.907,0.10801,-1.7041,8.0934,-12.28,-3.46,19.673,-24.361,9.2902,-1.7871,4.7281,-13.75,7.8848,0.85679,10.73,0.58072,-2.1079,17.921,-23.189,-13.368,0.20391,-0.0018236,3.2475,-9.4347,-17.347,-5.3379,-14.421,12.804,-11.112,3.2276,-0.50298,-5.2765,-0.73723,-7.2057,5.1563,10.829,-5.2859,3.752,19.797,-9.1846,2.9568,-11.161,-15.369,-5.8918,13.083,13.325,-3.9504,-7.2396,-15.268,0,9.3975,3.5842,4.4133,-1.9711,1.1943,8.6011,-4.557,-13.941,-0.44753,-6.7869,-9.1119,-0.82455,-5.4741,-6.9362,-8.5219,-3.873,-8.8497,-5.6113,0.94492,0.84593,0.24955,9.3941,5.0526,-16.831,-13.972,-1.2558,-7.0582,3.3723,-6.6392,-10.987,-1.5903,-1.5846,6.3329,-19.863,1.3247,22.335,-3.8779,-0.17581,-7.9227,-12.626,19.597,-0.62925,-2.8654,3.588,8.6308,-5.2497,-5.5671,-1.3352,3.8211,8.1843,3.5764,3.7251,-4.8156,-3.4588,9.3975,0,-4.9037,-7.1369,11.44,7.3457,-12.497,-1.1898,15.574,3.9048,-6.1454,11.491,-0.049302,-9.6658,18.783,11.961,8.212,-6.5342,29.621,20.835,6.7707,-13.772,-13.564,14.66,-7.1029,1.8511,27.863,11.24,-19.051,-13.966,-0.94073,-14.764,-11.01,-3.6048,4.6393,0.93705,-11.656,3.5055,11.261,0.33293,5.5257,-15.373,4.9548,9.9087,16.906,2.3062,-8.8027,-18.071,-21.618,-16.189,0.70664,-9.2379,-8.7877,-3.4813,-8.9689,3.5842,-4.9037,0,-9.1099,-6.604,-3.05,-2.6644,5.7958,-1.4133,7.0991,9.1286,-4.7189,12.211,2.6042,1.7271,-0.46789,-1.0532,5.1328,-3.4836,-13.847,7.3221,3.9474,0.91353,-6.29,7.2918,2.5498,-15.719,-4.1925,6.5842,9.9822,-1.2184,13.705,5.0794,2.5615,-0.89977,-0.10873,-3.7526,4.0592,-16.285,3.4858,11.661,3.2771,-17.366,-3.5999,-4.3396,-14.514,10.267,6.4583,6.1741,3.6464,-1.2661,11.595,2.9191,-3.5699,4.1416,4.4133,-7.1369,-9.1099,0,-13.604,1.497,5.5808,0.088191,-10.193,-7.5533,-10.259,-5.3266,-4.2332,-2.3882,-11.728,-11.024,1.8205,-0.49945,-9.9328,-3.5227,-20.136,9.8657,2.6732,-0.57441,-5.5492,-6.6599,-3.0807,-4.528,9.8272,1.2305,2.38,-3.5458,-5.4003,2.9116,-0.27311,4.66,7.9909,-14.528,5.8485,-6.7926,-15.933,10.981,17.84,-3.1166,-2.1889,3.6975,1.213,2.7231,2.5035,1.25,8.9797,0.38709,-3.2277,8.7217,-2.7611,-1.9711,11.44,-6.604,-13.604,0
