0,5.758,-9.1271,-2.4432,-4.1852,-2.1627,1.7272,-5.4154,2.1095,1.5802,-1.7796,1.4921,3.2565,7.5297,-5.6423,-1.8684,-7.5889,-6.2171,-4.3869,-2.0396,-1.7385,5.758,0,-1.1886,2.5763,-8.7912,-3.3203,1.1564,-4.1492,-1.9885,5.3396,-1.1791,0.54946,4.8765,6.3686,0.18852,-4.9407,-0.81606,-2.5831,0.61832,-1.7402,-1.19,-9.1271,-1.1886,0,1.7979,-0.42132,4.1891,-5.3748,2.0802,-2.3245,2.9917,1.1452,-0.74862,0.81717,-4.0758,3.0872,-0.89516,7.3073,4.2418,1.2503,-0.52376,0.60448,-2.4432,2.5763,1.7979,0,-4.1975,-2.2772,-0.28661,4.0172,-1.1325,0.84991,2.5754,3.9596,-1.3721,0.87344,4.8139,-7.3891,1.466,5.626,4.0291,-0.7767,-0.41796,-4.1852,-8.7912,-0.42132,-4.1975,0,0.79745,0.6806,3.9184,-0.094405,-4.9688,2.6973,-1.8976,-5.5231,-5.5984,-2.5184,5.7176,-0.76565,0.22959,-0.41864,1.8279,1.9341,-2.1627,-3.3203,4.1891,-2.2772,0.79745,0,-8.5613,-2.2797,3.8103,0.7316,1.9952,-2.6013,2.0334,-4.8038,-1.1111,-0.020717,2.918,-0.97722,-0.47316,-5.8034,-0.24502,1.7272,1.1564,-5.3748,-0.28661,0.6806,-8.5613,0,0.21213,-1.2056,-1.2103,-3.5758,0.86362,-1.8772,2.6257,-0.3646,2.6852,-1.7779,-0.96648,-0.40821,7.621,-0.8206,-5.4154,-4.1492,2.0802,4.0172,3.9184,-2.2797,0.21213,0,-2.6258,-2.0873,1.8906,0.070812,-1.5623,-2.5955,2.5459,1.1778,1.3534,4.5334,3.6379,0.37265,1.212,2.1095,-1.9885,-2.3245,-1.1325,-0.094405,3.8103,-1.2056,-2.6258,0,-3.3358,0.90221,1.5892,-2.1673,-3.621,-1.0103,-2.2267,-2.236,0.76472,-0.41785,-2.7401,-1.0008,1.5802,5.3396,2.9917,0.84991,-4.9688,0.7316,-1.2103,-2.0873,-3.3358,0,0.99648,1.6985,2.0466,3.3047,-0.85741,-2.7417,2.1228,-2.849,-1.3713,-3.1599,-5.1485,-1.7796,-1.1791,1.1452,2.5754,2.6973,1.9952,-3.5758,1.8906,0.90221,0.99648,0,2.6071,-3.2017,-1.9435,0.40701,-4.0938,1.1762,2.6748,1.1594,-4.472,-1.6578,1.4921,0.54946,-0.74862,3.9596,-1.8976,-2.6013,0.86362,0.070812,1.5892,1.6985,2.6071,0,-5.2264,3.2711,1.0328,-7.1233,-1.7814,4.382,-0.97193,-1.7005,-1.4366,3.2565,4.8765,0.81717,-1.3721,-5.5231,2.0334,-1.8772,-1.5623,-2.1673,2.0466,-3.2017,-5.2264,0,2.115,-0.495,1.7882,1.2429,-4.981,0.1967,-1.5958,2.0959,7.5297,6.3686,-4.0758,0.87344,-5.5984,-4.8038,2.6257,-2.5955,-3.621,3.3047,-1.9435,3.2711,2.115,0,-2.7172,-4.4455,-5.674,-1.5987,-4.1089,0.11431,-3.8798,-5.6423,0.18852,3.0872,4.8139,-2.5184,-1.1111,-0.3646,2.5459,-1.0103,-0.85741,0.40701,1.0328,-0.495,-2.7172,0,-1.0471,5.705,3.7688,5.701,0.642,1.5061,-1.8684,-4.9407,-0.89516,-7.3891,5.7176,-0.020717,2.6852,1.1778,-2.2267,-2.7417,-4.0938,-7.1233,1.7882,-4.4455,-1.0471,0,2.2628,-4.5634,0.18699,4.9436,4.1393,-7.5889,-0.81606,7.3073,1.466,-0.76565,2.918,-1.7779,1.3534,-2.236,2.1228,1.1762,-1.7814,1.2429,-5.674,5.705,2.2628,0,1.8511,6.641,-0.33799,2.2403,-6.2171,-2.5831,4.2418,5.626,0.22959,-0.97722,-0.96648,4.5334,0.76472,-2.849,2.6748,4.382,-4.981,-1.5987,3.7688,-4.5634,1.8511,0,2.9525,0.60724,1.1224,-4.3869,0.61832,1.2503,4.0291,-0.41864,-0.47316,-0.40821,3.6379,-0.41785,-1.3713,1.1594,-0.97193,0.1967,-4.1089,5.701,0.18699,6.641,2.9525,0,-2.2588,4.2912,-2.0396,-1.7402,-0.52376,-0.7767,1.8279,-5.8034,7.621,0.37265,-2.7401,-3.1599,-4.472,-1.7005,-1.5958,0.11431,0.642,4.9436,-0.33799,0.60724,-2.2588,0,0.64663,-1.7385,-1.19,0.60448,-0.41796,1.9341,-0.24502,-0.8206,1.212,-1.0008,-5.1485,-1.6578,-1.4366,2.0959,-3.8798,1.5061,4.1393,2.2403,1.1224,4.2912,0.64663,0
