0,-5.3145,-8.3477,-0.44354,-0.61718,2.1848,9.2513,-0.46893,-1.4771,-4.7573,-5.297,-5.1064,4.5823,8.7979,2.9837,-1.7857,-9.473,-4.4646,7.9141,0.14251,1.5306,-5.3145,0,-0.26754,1.2529,-0.94968,-8.2251,-4.6578,3.1413,-1.94,8.3811,8.84,8.2314,-1.2153,-3.8907,-3.2991,-1.7483,3.3863,-4.597,-0.25512,2.9542,-3.567,-8.3477,-0.26754,0,0.512,1.3927,2.9433,-7.454,-0.96058,1.4463,1.1615,1.94,1.8384,-3.3967,-8.0592,-2.0229,4.0828,6.8905,6.6089,-9.0046,-2.462,3.4338,-0.44354,1.2529,0.512,0,-4.6553,-3.9298,2.5006,10.466,-5.8468,-1.6162,-0.5073,3.5956,-4.7953,3.8954,5.7748,1.3158,3.6508,-1.2776,1.9967,5.379,-1.4589,-0.61718,-0.94968,1.3927,-4.6553,0,3.8347,-0.55596,-3.7595,5.4881,-1.1359,-3.7496,-4.1989,-0.51691,-1.3751,0.036704,1.5851,-2.3826,3.5113,-3.2148,-2.0439,2.7969,2.1848,-8.2251,2.9433,-3.9298,3.8347,0,1.5833,-4.4481,1.1496,-6.1341,-5.6028,-7.4182,0.70794,-1.6042,-1.351,2.1075,-1.963,4.1066,-2.4271,-3.1287,3.6627,9.2513,-4.6578,-7.454,2.5006,-0.55596,1.5833,0,2.7368,-2.6724,-8.7769,-8.3315,-6.5857,0.79961,9.9472,7.5765,-0.50188,-7.1715,-3.1182,8.6842,4.8968,-2.491,-0.46893,3.1413,-0.96058,10.466,-3.7595,-4.4481,2.7368,0,-3.3124,0.40931,1.0716,4.187,-2.6838,2.4239,3.179,-0.31109,1.2914,-2.3543,4.59,4.2702,-1.926,-1.4771,-1.94,1.4463,-5.8468,5.4881,1.1496,-2.6724,-3.3124,0,0.64422,-0.18042,-1.9568,3.766,-2.4103,-2.0222,-0.43608,-2.0224,5.0014,-2.3455,-6.3077,3.4284,-4.7573,8.3811,1.1615,-1.6162,-1.1359,-6.1341,-8.7769,0.40931,0.64422,0,12.296,10.788,1.1992,-4.9629,-6.9079,-0.67879,3.4158,-1.8712,-1.8052,-1.6312,-0.68901,-5.297,8.84,1.94,-0.5073,-3.7496,-5.6028,-8.3315,1.0716,-0.18042,12.296,0,9.9524,0.555,-7.0655,-6.6511,-2.6562,4.8928,-3.0796,-1.2315,-1.0748,-0.27901,-5.1064,8.2314,1.8384,3.5956,-4.1989,-7.4182,-6.5857,4.187,-1.9568,10.788,9.9524,0,-1.9503,-3.5609,-3.5093,0.084811,5.1386,-1.6063,-1.7331,0.73672,-1.6455,4.5823,-1.2153,-3.3967,-4.7953,-0.51691,0.70794,0.79961,-2.6838,3.766,1.1992,0.555,-1.9503,0,1.6334,-2.6612,-5.6354,-5.8665,-0.45993,4.8689,-5.3357,2.9919,8.7979,-3.8907,-8.0592,3.8954,-1.3751,-1.6042,9.9472,2.4239,-2.4103,-4.9629,-7.0655,-3.5609,1.6334,0,7.2875,-1.2149,-4.1624,-2.2352,7.6966,2.9511,-1.3829,2.9837,-3.2991,-2.0229,5.7748,0.036704,-1.351,7.5765,3.179,-2.0222,-6.9079,-6.6511,-3.5093,-2.6612,7.2875,0,1.283,-1.5569,-0.75597,2.6496,7.1571,-3.2769,-1.7857,-1.7483,4.0828,1.3158,1.5851,2.1075,-0.50188,-0.31109,-0.43608,-0.67879,-2.6562,0.084811,-5.6354,-1.2149,1.283,0,2.258,1.912,-5.2399,2.4255,-1.359,-9.473,3.3863,6.8905,3.6508,-2.3826,-1.963,-7.1715,1.2914,-2.0224,3.4158,4.8928,5.1386,-5.8665,-4.1624,-1.5569,2.258,0,2.1576,-6.6653,1.0081,-0.88204,-4.4646,-4.597,6.6089,-1.2776,3.5113,4.1066,-3.1182,-2.3543,5.0014,-1.8712,-3.0796,-1.6063,-0.45993,-2.2352,-0.75597,1.912,2.1576,0,-5.9997,-6.5944,5.1281,7.9141,-0.25512,-9.0046,1.9967,-3.2148,-2.4271,8.6842,4.59,-2.3455,-1.8052,-1.2315,-1.7331,4.8689,7.6966,2.6496,-5.2399,-6.6653,-5.9997,0,2.3047,-1.0754,0.14251,2.9542,-2.462,5.379,-2.0439,-3.1287,4.8968,4.2702,-6.3077,-1.6312,-1.0748,0.73672,-5.3357,2.9511,7.1571,2.4255,1.0081,-6.5944,2.3047,0,-10.368,1.5306,-3.567,3.4338,-1.4589,2.7969,3.6627,-2.491,-1.926,3.4284,-0.68901,-0.27901,-1.6455,2.9919,-1.3829,-3.2769,-1.359,-0.88204,5.1281,-1.0754,-10.368,0
