0,-5.6977,-7.022,-3.5099,0.46469,1.7378,-0.039044,0.039605,0.82797,-3.1819,2.8233,1.4416,4.7419,3.7676,-2.8836,-7.7485,-3.7459,-4.3438,0.36186,-2.6093,-2.7098,-5.6977,0,5.6292,5.9017,-4.1045,-4.9161,3.5045,8.3933,-6.348,2.9148,-1.2114,-3.4977,-1.9651,-5.0579,8.8374,3.2352,1.5412,7.2991,5.7191,1.7957,4.4929,-7.022,5.6292,0,0.34606,-2.5545,-1.1936,-1.5586,0.4858,-1.6695,5.3143,0.92791,2.9726,0.83322,-3.2795,1.7001,3.5555,5.6771,3.0392,2.1876,-0.13475,4.4651,-3.5099,5.9017,0.34606,0,-3.5322,-4.8294,6.1737,3.3548,-3.0627,1.3597,-1.1681,-5.6071,-6.6426,0.36626,5.699,2.6789,0.62843,6.9868,-2.3599,3.8713,-0.31765,0.46469,-4.1045,-2.5545,-3.5322,0,9.9823,1.6178,-2.7995,7.944,-1.5048,0.29656,-2.2559,0.069059,-2.2191,-2.2792,2.4406,-0.75218,-3.774,-2.7383,-0.42422,-4.0614,1.7378,-4.9161,-1.1936,-4.8294,9.9823,0,1.0142,-3.4837,11.973,-0.3315,2.6847,0.13872,4.2874,-2.6542,-2.726,0.599,0.66859,-2.5582,-2.5455,-4.6844,-5.988,-0.039044,3.5045,-1.5586,6.1737,1.6178,1.0142,0,1.947,-0.66503,-0.59635,1.2896,-8.5369,-3.7268,-1.7893,7.4873,1.4721,-0.75528,6.6502,-0.47484,2.376,-2.1276,0.039605,8.3933,0.4858,3.3548,-2.7995,-3.4837,1.947,0,-3.9719,-0.99824,-1.2408,-4.1403,1.712,-1.8487,7.4973,-0.5866,-2.2197,4.5046,10.392,1.7946,3.6658,0.82797,-6.348,-1.6695,-3.0627,7.944,11.973,-0.66503,-3.9719,0,-1.8802,-0.28211,-0.42769,3.0875,0.11609,-4.1455,1.3962,-0.48778,-2.8026,-4.3044,-2.8551,-3.6393,-3.1819,2.9148,5.3143,1.3597,-1.5048,-0.3315,-0.59635,-0.99824,-1.8802,0,6.052,5.3578,0.61822,-0.46065,-1.2639,-0.03459,6.0929,0.63969,-1.5634,-0.17064,-1.0124,2.8233,-1.2114,0.92791,-1.1681,0.29656,2.6847,1.2896,-1.2408,-0.28211,6.052,0,3.8102,2.1066,0.41909,-1.5136,-2.108,4.0772,0.33224,-0.47966,0.56719,-3.3972,1.4416,-3.4977,2.9726,-5.6071,-2.2559,0.13872,-8.5369,-4.1403,-0.42769,5.3578,3.8102,0,4.3816,2.4605,-9.3084,-4.3243,3.6293,-6.6308,-1.2091,-2.1026,-0.94719,4.7419,-1.9651,0.83322,-6.6426,0.069059,4.2874,-3.7268,1.712,3.0875,0.61822,2.1066,4.3816,0,1.0057,-2.263,-3.8214,0.85668,-1.7616,3.5718,-4.4574,0.83584,3.7676,-5.0579,-3.2795,0.36626,-2.2191,-2.6542,-1.7893,-1.8487,0.11609,-0.46065,0.41909,2.4605,1.0057,0,-3.4827,-2.6085,-1.0615,-1.0426,-2.6912,1.2096,-1.2131,-2.8836,8.8374,1.7001,5.699,-2.2792,-2.726,7.4873,7.4973,-4.1455,-1.2639,-1.5136,-9.3084,-2.263,-3.4827,0,3.9544,-2.5266,12.102,5.6853,1.3426,3.1368,-7.7485,3.2352,3.5555,2.6789,2.4406,0.599,1.4721,-0.5866,1.3962,-0.03459,-2.108,-4.3243,-3.8214,-2.6085,3.9544,0,0.070115,4.126,-0.40732,0.22761,2.142,-3.7459,1.5412,5.6771,0.62843,-0.75218,0.66859,-0.75528,-2.2197,-0.48778,6.0929,4.0772,3.6293,0.85668,-1.0615,-2.5266,0.070115,0,0.60549,-2.7078,2.7322,0.18082,-4.3438,7.2991,3.0392,6.9868,-3.774,-2.5582,6.6502,4.5046,-2.8026,0.63969,0.33224,-6.6308,-1.7616,-1.0426,12.102,4.126,0.60549,0,2.6231,2.1792,2.3642,0.36186,5.7191,2.1876,-2.3599,-2.7383,-2.5455,-0.47484,10.392,-4.3044,-1.5634,-0.47966,-1.2091,3.5718,-2.6912,5.6853,-0.40732,-2.7078,2.6231,0,-0.034491,5.2057,-2.6093,1.7957,-0.13475,3.8713,-0.42422,-4.6844,2.376,1.7946,-2.8551,-0.17064,0.56719,-2.1026,-4.4574,1.2096,1.3426,0.22761,2.7322,2.1792,-0.034491,0,1.7616,-2.7098,4.4929,4.4651,-0.31765,-4.0614,-5.988,-2.1276,3.6658,-3.6393,-1.0124,-3.3972,-0.94719,0.83584,-1.2131,3.1368,2.142,0.18082,2.3642,5.2057,1.7616,0
