0,2.8719,-0.74081,-3.6352,-5.9914,-3.3242,-5.2697,-3.6231,8.2458,-1.2807,-3.9541,2.3365,2.453,15.127,-0.99838,0.69599,-1.6568,-3.1086,-1.0993,-5.5885,0.72321,2.8719,0,5.7329,2.4118,-13.906,-1.1237,-7.6609,3.636,2.42,-1.1285,-7.4618,0.62407,2.5482,3.8809,7.3521,1.1346,-2.7735,4.6598,3.3466,-6.7913,-4.5095,-0.74081,5.7329,0,0.46725,-4.9045,-0.42393,-6.2053,1.044,0.32882,-2.3924,-4.6799,-0.094028,1.3895,0.45371,6.7009,0.76847,0.50176,5.9432,3.249,-4.7986,-0.50971,-3.6352,2.4118,0.46725,0,-0.96149,4.531,-1.2423,9.7722,-0.69781,4.3936,3.2862,2.8827,2.8248,-5.384,-0.27896,-8.8151,2.7079,0.68295,-6.2673,1.5852,-6.0918,-5.9914,-13.906,-4.9045,-0.96149,0,1.9934,9.4734,-1.5047,-5.2568,0.71847,7.3782,-0.32807,-4.2452,-7.1155,-6.2594,-1.2977,1.3301,-3.5671,-1.5886,9.1392,3.9047,-3.3242,-1.1237,-0.42393,4.531,1.9934,0,-1.3626,1.2302,-2.1689,4.7812,1.4464,1.9889,1.2779,-5.7617,1.8774,-6.0914,4.8739,1.9599,-6.0668,-0.18811,-2.3504,-5.2697,-7.6609,-6.2053,-1.2423,9.4734,-1.3626,0,0.42572,-5.5205,0.08823,5.9032,-2.3206,-4.0103,-4.9514,-6.1088,1.5694,-1.3362,-3.5824,0.93719,9.0999,1.5994,-3.6231,3.636,1.044,9.7722,-1.5047,1.2302,0.42572,0,0.94212,0.80696,1.0722,0.017614,1.173,-3.7386,0.564,-4.8725,-0.28328,0.079646,-1.5516,0.27998,-3.5117,8.2458,2.42,0.32882,-0.69781,-5.2568,-2.1689,-5.5205,0.94212,0,-4.4736,-4.5607,-0.72578,3.4695,6.4175,-0.16147,-1.386,-0.72863,-2.3197,-2.3546,-8.2235,3.5726,-1.2807,-1.1285,-2.3924,4.3936,0.71847,4.7812,0.08823,0.80696,-4.4736,0,6.0721,4.3517,2.798,-2.0916,-1.3808,-4.8788,5.8035,-0.6662,-5.084,4.8876,-8.0486,-3.9541,-7.4618,-4.6799,3.2862,7.3782,1.4464,5.9032,1.0722,-4.5607,6.0721,0,4.0982,-1.0088,-5.7014,-7.3383,-4.4429,5.9805,-4.5137,-5.006,9.1417,-1.0304,2.3365,0.62407,-0.094028,2.8827,-0.32807,1.9889,-2.3206,0.017614,-0.72578,4.3517,4.0982,0,-0.94864,0.89304,-2.3175,-4.13,5.6825,-1.3674,-4.9412,0.69125,-1.372,2.453,2.5482,1.3895,2.8248,-4.2452,1.2779,-4.0103,1.173,3.4695,2.798,-1.0088,-0.94864,0,1.8578,1.3356,-3.7275,-0.25828,0.033499,-3.1567,-2.2053,-3.396,15.127,3.8809,0.45371,-5.384,-7.1155,-5.7617,-4.9514,-3.7386,6.4175,-2.0916,-5.7014,0.89304,1.8578,0,0.578,3.6006,-3.1545,-2.3193,1.8383,-5.2269,0.38665,-0.99838,7.3521,6.7009,-0.27896,-6.2594,1.8774,-6.1088,0.564,-0.16147,-1.3808,-7.3383,-2.3175,1.3356,0.578,0,2.09,-1.4155,7.9155,4.3644,-5.9123,-1.6395,0.69599,1.1346,0.76847,-8.8151,-1.2977,-6.0914,1.5694,-4.8725,-1.386,-4.8788,-4.4429,-4.13,-3.7275,3.6006,2.09,0,-4.7567,2.0277,11.553,-0.11678,1.1797,-1.6568,-2.7735,0.50176,2.7079,1.3301,4.8739,-1.3362,-0.28328,-0.72863,5.8035,5.9805,5.6825,-0.25828,-3.1545,-1.4155,-4.7567,0,0.86584,-6.3892,0.55795,-0.33161,-3.1086,4.6598,5.9432,0.68295,-3.5671,1.9599,-3.5824,0.079646,-2.3197,-0.6662,-4.5137,-1.3674,0.033499,-2.3193,7.9155,2.0277,0.86584,0,3.9978,-3.214,-1.5413,-1.0993,3.3466,3.249,-6.2673,-1.5886,-6.0668,0.93719,-1.5516,-2.3546,-5.084,-5.006,-4.9412,-3.1567,1.8383,4.3644,11.553,-6.3892,3.9978,0,-0.32851,0.71936,-5.5885,-6.7913,-4.7986,1.5852,9.1392,-0.18811,9.0999,0.27998,-8.2235,4.8876,9.1417,0.69125,-2.2053,-5.2269,-5.9123,-0.11678,0.55795,-3.214,-0.32851,0,-2.5275,0.72321,-4.5095,-0.50971,-6.0918,3.9047,-2.3504,1.5994,-3.5117,3.5726,-8.0486,-1.0304,-1.372,-3.396,0.38665,-1.6395,1.1797,-0.33161,-1.5413,0.71936,-2.5275,0
