0,23.289,12.401,-6.7452,-7.7596,9.4229,-10.231,10.898,-27.3,6.8003,-27.369,-2.7875,-5.5318,26.148,-0.14328,-12.029,-7.3268,9.2925,-4.3771,-4.5183,-13.916,4.747,-21.052,-16.359,-6.6994,-0.31596,3.2429,-0.13934,0.96994,6.507,-10.857,-4.8587,5.8077,-1.3598,8.595,-13.732,14.502,-2.5605,-13.812,-14.74,-9.8703,-2.5105,-1.9451,32.951,-10.275,12.26,-1.8858,-1.2391,7.238,15.616,5.3473,15.23,-11.115,-3.7407,-8.2068,23.289,0,15.332,-11.043,-3.7087,9.4495,-19.065,8.4894,-13.355,1.4411,-21.925,0.47849,-9.9313,27.94,-2.5598,-7.0364,-16.27,5.979,-2.6997,0.95857,-28.647,9.1463,-11.572,-10.965,-1.7813,-0.68253,4.0107,-4.9858,-2.3494,12.058,-10.701,5.4978,9.6532,1.3583,18.668,-5.0023,6.8619,2.1816,-9.9433,-19.965,-7.8049,-4.5553,3.0811,25.146,-25.063,5.2103,-5.7651,-4.6277,7.35,5.0312,-0.40654,19.592,-4.7086,-1.8717,-12.559,12.401,15.332,0,0.55101,-2.1168,9.3334,-5.7505,7.7589,-3.2988,-9.2903,-19.072,9.01,1.7877,23.941,0.5007,7.0253,-5.5184,-2.1041,-1.5932,-3.3958,-17.563,5.6028,-18.386,-0.20163,10.721,7.5321,11.326,-12.209,-3.0726,3.5042,1.3409,0.040781,-3.6157,-13.932,2.7943,-0.8694,4.9601,15.884,-22.246,-18.909,-19.41,2.5865,-2.7051,18.586,-14.276,10.556,1.3191,-22.223,-9.789,8.3229,-8.0636,26.978,-2.9788,-3.967,0.69135,-6.7452,-11.043,0.55101,0,8.0979,-6.2447,17.889,3.7749,7.2478,-7.4145,8.7193,8.5473,14.335,-2.6476,-5.2006,15.433,18.66,-5.451,5.7304,0.77786,6.1992,-6.1725,-2.8643,20.047,13.944,21.206,-2.386,-6.0761,-0.056364,-14.041,12.887,-4.5873,-7.09,-12.767,-25.653,11.366,-9.3065,1.1983,3.6482,-1.0471,0.45059,19.492,0.59566,-9.2277,6.4938,6.5419,0.99372,-8.0712,-14.202,1.1292,-3.5976,-7.4554,11.917,12.698,25.98,-7.7596,-3.7087,-2.1168,8.0979,0,-22.774,6.6494,-1.3177,5.3717,-16.102,6.0833,-4.0298,12.488,-4.9464,4.9153,9.2429,11.01,3.5905,11.204,1.094,4.0493,-15.193,10.299,10.119,5.2806,8.8063,-15.324,-10.987,9.8083,-8.3848,5.3623,1.3852,-4.7431,-2.8842,-6.3206,20.715,-21.001,2.0999,7.6994,3.2904,-2.421,21.347,22.094,-8.8328,-2.1227,-10.327,-22.025,-2.2049,-5.4085,-3.5888,2.2152,-6.6646,20.026,14.409,0.42903,9.4229,9.4495,9.3334,-6.2447,-22.774,0,-6.1922,10.252,-2.1865,9.7408,-7.619,13.353,-9.7156,11.527,-9.5702,-3.2144,-17.583,-1.0099,-18.071,-2.8934,-11.626,28.43,-12.707,-4.222,2.6589,-0.18524,12.776,-1.0654,-7.976,5.1913,0.71248,3.3085,3.7002,-3.1218,9.064,-10.87,18.149,5.4048,-9.6003,-13.404,-0.5864,-16.219,-10.548,11.278,-7.6599,16.082,13.72,-2.8794,2.2241,4.0382,-3.5282,9.9799,-8.8298,-12.496,1.9784,-10.231,-19.065,-5.7505,17.889,6.6494,-6.1922,0,4.5586,7.9068,-2.7117,11.62,3.3401,23.624,-10.779,2.3186,8.9598,19.284,2.9352,-3.4942,-10.941,18.957,-8.886,3.1435,12.534,5.4703,12.178,-9.2505,-5.4376,11.222,-36.67,21.929,-11.894,-17.299,-13.198,-25.859,4.725,-2.3979,2.4252,3.4494,7.3901,-0.36265,12.017,2.2571,-12.748,12.34,4.4804,1.0682,1.9713,-11.305,5.4881,6.6991,-14.866,8.1227,1.6731,19.136,10.898,8.4894,7.7589,3.7749,-1.3177,10.252,4.5586,0,-5.3693,5.0137,-5.0105,9.6274,3.5202,12.371,-8.2659,-0.91155,-3.6055,13.234,-14.993,-9.8603,-6.8384,8.1637,-10.969,1.3081,4.3293,15.796,-5.5338,-13.61,6.6242,-9.1419,7.6378,-2.4416,-0.65647,-10.933,0.76539,-1.7637,8.4596,3.0809,-4.2356,-17.091,-3.9392,2.5577,6.0781,7.2445,-10.68,20.798,-3.2801,-0.29029,0.9758,12.219,8.2982,1.3477,4.3609,-0.24067,5.8859,-27.3,-13.355,-3.2988,7.2478,5.3717,-2.1865,7.9068,-5.3693,0,-10.01,17.738,11.991,4.7005,-12.448,-3.6421,20.394,2.0213,-12.2,0.74603,4.1639,5.2958,1.9036,12.154,23.105,16.258,4.767,1.7135,-6.2189,-4.2981,-5.3774,15.948,8.9204,-6.3861,-3.7815,-5.9236,16.05,-11.791,10.51,7.5787,5.025,6.1111,1.1886,0.92156,-18.339,2.9331,-6.1235,4.2596,-5.6987,-12.077,-14.809,-11.207,-7.1968,12.592,1.7189,11.507,6.8003,1.4411,-9.2903,-7.4145,-16.102,9.7408,-2.7117,5.0137,-10.01,0,0.34417,-2.9186,-11.66,-0.14154,-7.1635,-21.987,-6.7231,7.0613,-11.21,-1.2667,1.389,8.6819,-2.6643,-11.73,-14.967,-7.471,-1.4717,12.877,-1.1914,2.7176,-7.1114,-2.1017,10.26,10.003,6.2911,-16.185,14.18,-15.521,3.7817,0.22277,10.91,-14.234,-5.6383,2.4749,3.5734,6.6378,6.1116,18.139,19.642,3.2261,10.166,-5.1359,-9.3917,-4.8965,-2.9401,-27.369,-21.925,-19.072,8.7193,6.0833,-7.619,11.62,-5.0105,17.738,0.34417,0,3.4669,2.7847,-23.409,-6.4355,6.5171,6.948,-5.1676,2.0267,5.9314,13.732,-2.0809,18.187,15.548,4.1026,2.694,-7.4403,1.8317,-1.0426,-8.0797,9.3334,5.3114,-0.37905,3.9994,-8.1537,12.178,-12.639,-4.2455,24.412,11.094,19.092,2.0909,3.6126,-45.255,10.172,-7.3645,0.88626,6.4072,-1.1105,-14.529,-1.1051,-26.943,13.682,8.0268,10.258,-2.7875,0.47849,9.01,8.5473,-4.0298,13.353,3.3401,9.6274,11.991,-2.9186,3.4669,0,0.072209,5.2451,-16.01,14.288,-5.3123,-8.3046,-7.4245,2.002,-7.671,16.136,-5.9543,15.432,24.166,14.197,8.2498,-11.309,-9.2265,-2.9995,13.503,8.2453,-1.0693,-10.908,-1.7974,6.7871,-0.12241,11.786,-1.6653,-13.27,1.771,-1.1859,-3.3165,-1.3378,-6.757,11.991,8.7511,-12.424,-9.5404,-3.3344,-11.822,2.6389,7.2924,0.37522,16.633,-5.5318,-9.9313,1.7877,14.335,12.488,-9.7156,23.624,3.5202,4.7005,-11.66,2.7847,0.072209,0,-4.7567,10.278,11.705,20.309,4.3582,0.47822,-14.224,12.011,-15.289,0.68243,9.3003,6.566,12.484,-8.2258,-10.881,16.035,-25.545,17.423,-14.413,-27.009,-19.641,-21.379,5.7775,-3.5274,8.282,-3.4554,5.0342,-10.963,19.858,5.245,-5.271,6.3912,2.2464,-4.192,-3.8699,-17.474,9.5553,5.5773,-5.0817,6.9735,0.84492,10.765,26.148,27.94,23.941,-2.6476,-4.9464,11.527,-10.779,12.371,-12.448,-0.14154,-23.409,5.2451,-4.7567,0,-4.3408,-2.2684,-9.3128,3.0795,-2.6989,-0.82447,-25.326,8.6734,-23.445,-6.2129,3.1261,5.4803,7.2323,-6.8838,-3.6233,7.0855,-5.7335,1.153,5.2485,-5.6932,8.1748,-4.9088,8.0259,4.2138,-14.758,-28.654,-11.134,-0.22226,-0.94856,27.494,-18.255,13.47,-1.4386,-10.437,0.9313,9.5803,-2.5973,21.79,-4.6336,-0.84787,-3.5442,-0.14328,-2.5598,0.5007,-5.2006,4.9153,-9.5702,2.3186,-8.2659,-3.6421,-7.1635,-6.4355,-16.01,10.278,-4.3408,0,-1.5097,7.3966,4.9821,3.1132,-11.746,8.7506,-17.503,3.2376,-7.9398,-7.8406,-8.0077,-2.707,1.3031,13.43,-2.9465,-1.0539,-13.646,-14.424,-2.8592,-3.4462,-5.1624,2.232,4.3966,-8.8339,12.505,-14.768,3.9096,0.51652,2.8634,6.2138,-8.1333,-3.9145,1.5398,-4.895,8.166,6.5572,3.0948,-7.551,-9.0163,-8.2801,-12.029,-7.0364,7.0253,15.433,9.2429,-3.2144,8.9598,-0.91155,20.394,-21.987,6.5171,14.288,11.705,-2.2684,-1.5097,0,6.6975,-11.805,4.6773,1.7106,0.56895,-1.7037,1.5488,27.138,31.998,14.174,3.7942,-13.765,-2.9325,-7.3052,17.26,3.6253,-10.853,-14.555,-11.222,18.351,-12.117,16.831,-0.70273,-1.8952,-3.965,10.992,1.285,-7.8698,-0.67775,-0.043849,1.6575,-18.884,-27.598,-5.2496,-13.783,0.28725,13.01,4.8254,15.422,-7.3268,-16.27,-5.5184,18.66,11.01,-17.583,19.284,-3.6055,2.0213,-6.7231,6.948,-5.3123,20.309,-9.3128,7.3966,6.6975,0,-0.50849,9.4414,-3.921,17.871,-23.563,2.1431,7.5293,1.336,7.035,-7.3773,0.65941,8.0753,-14.868,6.7446,-14.522,-12.025,-7.3057,-31.447,5.1265,-7.8107,-3.0844,3.0083,10.692,-2.608,21.093,1.2002,-9.6964,16.333,-1.2758,-2.4219,-0.38849,-10.171,4.5882,3.9416,-10.253,4.9035,7.8576,10.221,9.2925,5.979,-2.1041,-5.451,3.5905,-1.0099,2.9352,13.234,-12.2,7.0613,-5.1676,-8.3046,4.3582,3.0795,4.9821,-11.805,-0.50849,0,-9.9125,-14.904,1.6866,-3.374,-0.2325,-9.1999,-10.815,1.5738,-18.501,-4.952,23.124,-8.2373,0.084028,-7.9272,-1.6359,-0.94393,3.612,-6.0479,7.8021,-3.7458,-0.89636,-1.3547,-4.4344,1.896,12.873,5.2865,-4.5282,3.3817,-13.031,13.006,9.2201,13.399,32.076,-3.2892,0.27857,-2.7877,-6.9898,-4.3771,-2.6997,-1.5932,5.7304,11.204,-18.071,-3.4942,-14.993,0.74603,-11.21,2.0267,-7.4245,0.47822,-2.6989,3.1132,4.6773,9.4414,-9.9125,0,14.769,0.6721,-12.826,3.8619,3.397,1.2094,-1.3552,0.8302,4.6561,-5.6482,6.3044,-8.2144,2.7658,3.7519,5.4538,-4.553,10.013,-18.947,-5.2313,5.1606,4.6586,0.78777,10.958,1.7436,-4.2876,3.459,-12.375,-6.118,-6.2178,-2.8013,-8.3229,-8.5505,0.10902,4.0811,15.813,-2.5589,-4.5183,0.95857,-3.3958,0.77786,1.094,-2.8934,-10.941,-9.8603,4.1639,-1.2667,5.9314,2.002,-14.224,-0.82447,-11.746,1.7106,-3.921,-14.904,14.769,0,-6.865,4.1588,4.2243,4.3836,3.1388,-3.0343,5.6822,6.6818,-21.084,15.175,-9.9491,18.707,18.694,13.755,5.1341,9.1557,-13.686,-7.3944,11.43,-1.903,13.602,-2.0277,-1.0243,-5.0389,-2.2858,-8.244,0.036505,-3.6907,4.8781,-22.155,-15.168,-0.40445,4.8125,14.204,-1.8722,-13.916,-28.647,-17.563,6.1992,4.0493,-11.626,18.957,-6.8384,5.2958,1.389,13.732,-7.671,12.011,-25.326,8.7506,0.56895,17.871,1.6866,0.6721,-6.865,0,-14.502,11.064,3.3018,-5.3654,-2.2944,-9.005,6.3555,9.9322,-14.205,7.3942,-12.256,-11.586,-0.48426,-16.034,-0.26852,-2.3707,-4.7464,7.2159,26.669,4.044,4.6397,-0.81501,-16.306,27.412,-5.5228,1.9308,10.683,-3.3297,0.96937,8.6591,-19.435,0.95255,-1.1675,6.1463,4.747,9.1463,5.6028,-6.1725,-15.193,28.43,-8.886,8.1637,1.9036,8.6819,-2.0809,16.136,-15.289,8.6734,-17.503,-1.7037,-23.563,-3.374,-12.826,4.1588,-14.502,0,-6.0235,-0.26808,4.8742,0.25779,10.082,-1.7116,-12.487,7.9799,-0.14325,12.746,9.952,1.7819,13.019,-3.5471,8.2498,3.391,-1.6992,-14.274,5.9667,-16.937,-5.508,5.6214,-11.066,9.3215,9.3209,-2.2589,5.081,-4.0515,-6.7615,6.2057,-2.2039,-5.4436,1.3053,-21.052,-11.572,-18.386,-2.8643,10.299,-12.707,3.1435,-10.969,12.154,-2.6643,18.187,-5.9543,0.68243,-23.445,3.2376,1.5488,2.1431,-0.2325,3.8619,4.2243,11.064,-6.0235,0,5.215,-2.6347,-6.1054,-10.718,1.8525,4.0032,-2.376,2.5732,6.9422,-0.15874,10.087,0.63823,10.067,-12.863,-2.4794,18.369,16.572,11.058,-0.65999,9.6221,-20.644,5.0827,-23.762,-6.7625,9.8512,3.1107,-15.675,2.0179,-15.567,9.5779,3.4014,-3.516,-16.359,-10.965,-0.20163,20.047,10.119,-4.222,12.534,1.3081,23.105,-11.73,15.548,15.432,9.3003,-6.2129,-7.9398,27.138,7.5293,-9.1999,3.397,4.3836,3.3018,-0.26808,5.215,0,24.875,17.162,-1.5169,-11.18,-2.9198,-10.28,18.812,6.0035,-5.6648,-9.1457,-12.097,23.626,-15.394,7.7541,7.8654,-0.9259,4.3374,10.608,4.2522,-15.71,1.0868,0.11972,0.32684,-9.3411,-14.762,-8.8009,-9.3414,-7.9302,21.751,10.319,20.531,-6.6994,-1.7813,10.721,13.944,5.2806,2.6589,5.4703,4.3293,16.258,-14.967,4.1026,24.166,6.566,3.1261,-7.8406,31.998,1.336,-10.815,1.2094,3.1388,-5.3654,4.8742,-2.6347,24.875,0,18.213,5.7468,-16.522,-6.1816,-4.863,15.488,7.127,-5.5928,-14.541,-6.5302,16.151,-8.5635,16.409,-1.5013,-9.1428,-2.6482,7.5877,0.96558,-3.9696,-5.8926,4.9242,2.6294,-21.39,-19.186,-4.777,-15.333,2.8593,13.055,5.1988,16.187,-0.31596,-0.68253,7.5321,21.206,8.8063,-0.18524,12.178,15.796,4.767,-7.471,2.694,14.197,12.484,5.4803,-8.0077,14.174,7.035,1.5738,-1.3552,-3.0343,-2.2944,0.25779,-6.1054,17.162,18.213,0,-4.6851,-19.364,3.2013,-14.352,15.706,-0.8569,-5.607,-18.201,-10.788,11.813,-5.2892,6.6739,0.052361,-11.26,-3.5564,16.353,7.2569,-2.266,-5.1582,11.75,-4.12,-9.7368,-11.181,4.3816,-0.98026,-2.2005,15.991,9.8349,17.72,3.2429,4.0107,11.326,-2.386,-15.324,12.776,-9.2505,-5.5338,1.7135,-1.4717,-7.4403,8.2498,-8.2258,7.2323,-2.707,3.7942,-7.3773,-18.501,0.8302,5.6822,-9.005,10.082,-10.718,-1.5169,5.7468,-4.6851,0,4.8601,-20.065,13.133,-3.9012,3.3523,1.6036,-1.7105,2.981,-5.7313,5.6511,6.7234,-11.73,-5.4036,-3.3241,-9.165,-23.012,8.1896,-0.79694,4.812,19.64,-13.736,-5.9626,-2.0093,-19.788,16.084,-11.912,-7.5972,1.7427,-0.13934,-4.9858,-12.209,-6.0761,-10.987,-1.0654,-5.4376,-13.61,-6.2189,12.877,1.8317,-11.309,-10.881,-6.8838,1.3031,-13.765,0.65941,-4.952,4.6561,6.6818,6.3555,-1.7116,1.8525,-11.18,-16.522,-19.364,4.8601,0,-7.1667,9.8495,-15.14,-2.8629,8.0863,16.707,1.459,-11.706,3.8429,-17.699,4.0918,11.299,9.5475,-9.7362,-13.005,-1.459,14.101,-4.9605,8.7624,10.312,10.619,-3.3565,0.60238,-3.4094,-14.25,-2.1412,-5.7429,0.96994,-2.3494,-3.0726,-0.056364,9.8083,-7.976,11.222,6.6242,-4.2981,-1.1914,-1.0426,-9.2265,16.035,-3.6233,13.43,-2.9325,8.0753,23.124,-5.6482,-21.084,9.9322,-12.487,4.0032,-2.9198,-6.1816,3.2013,-20.065,-7.1667,0,-16.882,6.7791,-13.547,-12.633,-6.3982,-4.8706,-1.5087,2.7345,1.4096,-1.4785,5.8267,-8.3944,8.3075,12.552,-0.65741,1.7934,-0.6548,-12.181,8.7269,-0.50979,12.818,23.84,-6.161,2.7986,-3.2748,-2.3123,6.507,12.058,3.5042,-14.041,-8.3848,5.1913,-36.67,-9.1419,-5.3774,2.7176,-8.0797,-2.9995,-25.545,7.0855,-2.9465,-7.3052,-14.868,-8.2373,6.3044,15.175,-14.205,7.9799,-2.376,-10.28,-4.863,-14.352,13.133,9.8495,-16.882,0,-22.795,11.693,17.344,15.011,18.023,-4.4715,0.87828,-3.9033,-1.9837,-4.2104,2.8602,-12.575,-6.5545,8.9306,-6.747,-5.6285,2.8723,-2.6973,9.3199,-8.3444,-10.512,12.531,-9.3933,-0.91714,-14.507,-10.857,-10.701,1.3409,12.887,5.3623,0.71248,21.929,7.6378,15.948,-7.1114,9.3334,13.503,17.423,-5.7335,-1.0539,17.26,6.7446,0.084028,-8.2144,-9.9491,7.3942,-0.14325,2.5732,18.812,15.488,15.706,-3.9012,-15.14,6.7791,-22.795,0,-2.9695,-17.445,-18.796,-12.872,8.5506,-2.1997,13.738,0.22025,0.51088,-2.3594,7.0667,3.2121,-9.5429,2.3191,5.652,2.3726,-4.4641,-16.469,1.9411,0.14194,-6.9866,11.355,-1.7247,19.734,-4.8587,5.4978,0.040781,-4.5873,1.3852,3.3085,-11.894,-2.4416,8.9204,-2.1017,5.3114,8.2453,-14.413,1.153,-13.646,3.6253,-14.522,-7.9272,2.7658,18.707,-12.256,12.746,6.9422,6.0035,7.127,-0.8569,3.3523,-2.8629,-13.547,11.693,-2.9695,0,14.773,9.5119,13.422,11.369,-9.6886,1.4807,9.4057,-6.6814,11.076,-6.7683,4.8628,-3.6708,-12.437,-7.0046,-2.3922,-3.4757,4.8888,-23.242,-12.512,1.3068,8.9969,6.6086,-3.3334,5.8077,9.6532,-3.6157,-7.09,-4.7431,3.7002,-17.299,-0.65647,-6.3861,10.26,-0.37905,-1.0693,-27.009,5.2485,-14.424,-10.853,-12.025,-1.6359,3.7519,18.694,-11.586,9.952,-0.15874,-5.6648,-5.5928,-5.607,1.6036,8.0863,-12.633,17.344,-17.445,14.773,0,19.792,15.143,-0.52882,-1.9271,-14.17,8.9016,-6.9014,13.778,-8.5001,0.98063,2.7202,-7.4295,-2.1486,-2.3259,4.5623,20.222,-9.7473,-3.0484,0.93032,-0.3082,8.3393,-8.5284,-1.3598,1.3583,-13.932,-12.767,-2.8842,-3.1218,-13.198,-10.933,-3.7815,10.003,3.9994,-10.908,-19.641,-5.6932,-2.8592,-14.555,-7.3057,-0.94393,5.4538,13.755,-0.48426,1.7819,10.087,-9.1457,-14.541,-18.201,-1.7105,16.707,-6.3982,15.011,-18.796,9.5119,19.792,0,12.723,-2.441,-3.028,-17.073,12.624,6.4071,15.767,-11.032,0.69418,-3.16,1.2835,-13.496,-2.5103,13.076,22.437,-12.74,0.82749,-4.4789,-3.2969,3.3587,-14.652,8.595,18.668,2.7943,-25.653,-6.3206,9.064,-25.859,0.76539,-5.9236,6.2911,-8.1537,-1.7974,-21.379,8.1748,-3.4462,-11.222,-31.447,3.612,-4.553,5.1341,-16.034,13.019,0.63823,-12.097,-6.5302,-10.788,2.981,1.459,-4.8706,18.023,-12.872,13.422,15.143,12.723,0,-4.8986,5.0883,-0.99302,-0.96737,-7.3468,2.3741,-16.669,2.6718,10.016,-16.113,-3.708,-3.3449,3.6,15.748,-4.821,-0.6536,9.1192,-4.915,-4.9179,-19.683,-13.732,-5.0023,-0.8694,11.366,20.715,-10.87,4.725,-1.7637,16.05,-16.185,12.178,6.7871,5.7775,-4.9088,-5.1624,18.351,5.1265,-6.0479,10.013,9.1557,-0.26852,-3.5471,10.067,23.626,16.151,11.813,-5.7313,-11.706,-1.5087,-4.4715,8.5506,11.369,-0.52882,-2.441,-4.8986,0,-30.616,4.954,11.379,-0.90992,4.115,12.664,13.013,-13.485,-4.0798,-7.8686,-9.4659,-7.7011,-7.9372,-13.442,-8.1727,-6.2472,31.551,17.234,6.7525,14.502,6.8619,4.9601,-9.3065,-21.001,18.149,-2.3979,8.4596,-11.791,14.18,-12.639,-0.12241,-3.5274,8.0259,2.232,-12.117,-7.8107,7.8021,-18.947,-13.686,-2.3707,8.2498,-12.863,-15.394,-8.5635,-5.2892,5.6511,3.8429,2.7345,0.87828,-2.1997,-9.6886,-1.9271,-3.028,5.0883,-30.616,0,0.67165,-14.421,-4.0143,-6.1221,-12.408,-10.525,14.996,-0.27392,14.126,9.9182,4.7079,4.6668,16.278,7.8531,7.5478,-19.961,-21.006,-2.8284,-2.5605,2.1816,15.884,1.1983,2.0999,5.4048,2.4252,3.0809,10.51,-15.521,-4.2455,11.786,8.282,4.2138,4.3966,16.831,-3.0844,-3.7458,-5.2313,-7.3944,-4.7464,3.391,-2.4794,7.7541,16.409,6.6739,6.7234,-17.699,1.4096,-3.9033,13.738,1.4807,-14.17,-17.073,-0.99302,4.954,0.67165,0,-12.328,-5.3108,-13.842,1.6488,0.018344,3.1904,-7.4598,2.6998,2.5422,-16.019,-18.835,1.9642,-8.0072,9.9962,2.7097,-8.5598,4.7175,-13.812,-9.9433,-22.246,3.6482,7.6994,-9.6003,3.4494,-4.2356,7.5787,3.7817,24.412,-1.6653,-3.4554,-14.758,-8.8339,-0.70273,3.0083,-0.89636,5.1606,11.43,7.2159,-1.6992,18.369,7.8654,-1.5013,0.052361,-11.73,4.0918,-1.4785,-1.9837,0.22025,9.4057,8.9016,12.624,-0.96737,11.379,-14.421,-12.328,0,7.4094,26.331,1.2705,8.8646,-21.878,4.4573,-10.312,-5.9354,10.834,8.0911,-16.647,1.7066,-23.205,13.894,14.409,1.8574,-14.74,-19.965,-18.909,-1.0471,3.2904,-13.404,7.3901,-17.091,5.025,0.22277,11.094,-13.27,5.0342,-28.654,12.505,-1.8952,10.692,-1.3547,4.6586,-1.903,26.669,-14.274,16.572,-0.9259,-9.1428,-11.26,-5.4036,11.299,5.8267,-4.2104,0.51088,-6.6814,-6.9014,6.4071,-7.3468,-0.90992,-4.0143,-5.3108,7.4094,0,4.7877,-0.02667,-1.7298,-14.062,22.301,-14.913,1.3051,10.982,-0.15573,-4.147,4.8336,-13.086,-2.2816,-2.7199,-1.6558,-9.8703,-7.8049,-19.41,0.45059,-2.421,-0.5864,-0.36265,-3.9392,6.1111,10.91,19.092,1.771,-10.963,-11.134,-14.768,-3.965,-2.608,-4.4344,0.78777,13.602,4.044,5.9667,11.058,4.3374,-2.6482,-3.5564,-3.3241,9.5475,-8.3944,2.8602,-2.3594,11.076,13.778,15.767,2.3741,4.115,-6.1221,-13.842,26.331,4.7877,0,-6.9745,0.2727,-14.844,4.9566,-5.1157,2.5645,10.984,11.193,-16.914,-1.2664,-15.958,5.7328,7.8534,2.3948,-2.5105,-4.5553,2.5865,19.492,21.347,-16.219,12.017,2.5577,1.1886,-14.234,2.0909,-1.1859,19.858,-0.22226,3.9096,10.992,21.093,1.896,10.958,-2.0277,4.6397,-16.937,-0.65999,10.608,7.5877,16.353,-9.165,-9.7362,8.3075,-12.575,7.0667,-6.7683,-8.5001,-11.032,-16.669,12.664,-12.408,1.6488,1.2705,-0.02667,-6.9745,0,9.7262,-4.3593,1.7682,0.13643,-11.23,-6.9223,-11.26,4.4347,1.6864,-3.8915,12.63,14.392,7.8986,-1.9451,3.0811,-2.7051,0.59566,22.094,-10.548,2.2571,6.0781,0.92156,-5.6383,3.6126,-3.3165,5.245,-0.94856,0.51652,1.285,1.2002,12.873,1.7436,-1.0243,-0.81501,-5.508,9.6221,4.2522,0.96558,7.2569,-23.012,-13.005,12.552,-6.5545,3.2121,4.8628,0.98063,0.69418,2.6718,13.013,-10.525,0.018344,8.8646,-1.7298,0.2727,9.7262,0,-4.3915,-9.5408,-6.7505,-33.229,4.0383,3.4973,-2.1296,8.4761,-6.4051,18.449,10.171,-4.3911,32.951,25.146,18.586,-9.2277,-8.8328,11.278,-12.748,7.2445,-18.339,2.4749,-45.255,-1.3378,-5.271,27.494,2.8634,-7.8698,-9.6964,5.2865,-4.2876,-5.0389,-16.306,5.6214,-20.644,-15.71,-3.9696,-2.266,8.1896,-1.459,-0.65741,8.9306,-9.5429,-3.6708,2.7202,-3.16,10.016,-13.485,14.996,3.1904,-21.878,-14.062,-14.844,-4.3593,-4.3915,0,-11.626,9.9198,0.51632,-5.4887,3.0148,13.781,1.0134,25.796,-13.841,-8.1349,-9.306,-10.275,-25.063,-14.276,6.4938,-2.1227,-7.6599,12.34,-10.68,2.9331,3.5734,10.172,-6.757,6.3912,-18.255,6.2138,-0.67775,16.333,-4.5282,3.459,-2.2858,27.412,-11.066,5.0827,1.0868,-5.8926,-5.1582,-0.79694,14.101,1.7934,-6.747,2.3191,-12.437,-7.4295,1.2835,-16.113,-4.0798,-0.27392,-7.4598,4.4573,22.301,4.9566,1.7682,-9.5408,-11.626,0,-3.0663,8.9296,7.1031,-3.2087,0.49573,3.019,-12.509,-4.8024,-1.5106,6.9007,12.26,5.2103,10.556,6.5419,-10.327,16.082,4.4804,20.798,-6.1235,6.6378,-7.3645,11.991,2.2464,13.47,-8.1333,-0.043849,-1.2758,3.3817,-12.375,-8.244,-5.5228,9.3215,-23.762,0.11972,4.9242,11.75,4.812,-4.9605,-0.6548,-5.6285,5.652,-7.0046,-2.1486,-13.496,-3.708,-7.8686,14.126,2.6998,-10.312,-14.913,-5.1157,0.13643,-6.7505,9.9198,-3.0663,0,8.1598,-4.6573,-3.1664,15.118,2.022,5.2049,-3.8806,-3.7784,10.991,-1.8858,-5.7651,1.3191,0.99372,-22.025,13.72,1.0682,-3.2801,4.2596,6.1116,0.88626,8.7511,-4.192,-1.4386,-3.9145,1.6575,-2.4219,-13.031,-6.118,0.036505,1.9308,9.3209,-6.7625,0.32684,2.6294,-4.12,19.64,8.7624,-12.181,2.8723,2.3726,-2.3922,-2.3259,-2.5103,-3.3449,-9.4659,9.9182,2.5422,-5.9354,1.3051,2.5645,-11.23,-33.229,0.51632,8.9296,8.1598,0,-3.435,-4.9006,0.023175,-8.7853,2.9249,-11.91,-10.997,8.8608,-1.2391,-4.6277,-22.223,-8.0712,-2.2049,-2.8794,1.9713,-0.29029,-5.6987,18.139,6.4072,-12.424,-3.8699,-10.437,1.5398,-18.884,-0.38849,13.006,-6.2178,-3.6907,10.683,-2.2589,9.8512,-9.3411,-21.39,-9.7368,-13.736,10.312,8.7269,-2.6973,-4.4641,-3.4757,4.5623,13.076,3.6,-7.7011,4.7079,-16.019,10.834,10.982,10.984,-6.9223,4.0383,-5.4887,7.1031,-4.6573,-3.435,0,18.8,0.36896,19.769,-14.712,-2.6934,-2.3599,-6.941,7.238,7.35,-9.789,-14.202,-5.4085,2.2241,-11.305,0.9758,-12.077,19.642,-1.1105,-9.5404,-17.474,0.9313,-4.895,-27.598,-10.171,9.2201,-2.8013,4.8781,-3.3297,5.081,3.1107,-14.762,-19.186,-11.181,-5.9626,10.619,-0.50979,9.3199,-16.469,4.8888,20.222,22.437,15.748,-7.9372,4.6668,-18.835,8.0911,-0.15573,11.193,-11.26,3.4973,3.0148,-3.2087,-3.1664,-4.9006,18.8,0,-2.4888,9.4697,-3.3577,-4.476,1.077,-14.722,15.616,5.0312,8.3229,1.1292,-3.5888,4.0382,5.4881,12.219,-14.809,3.2261,-14.529,-3.3344,9.5553,9.5803,8.166,-5.2496,4.5882,13.399,-8.3229,-22.155,0.96937,-4.0515,-15.675,-8.8009,-4.777,4.3816,-2.0093,-3.3565,12.818,-8.3444,1.9411,-23.242,-9.7473,-12.74,-4.821,-13.442,16.278,1.9642,-16.647,-4.147,-16.914,4.4347,-2.1296,13.781,0.49573,15.118,0.023175,0.36896,-2.4888,0,12.792,5.8466,-9.0011,-8.1593,0.82194,5.3473,-0.40654,-8.0636,-3.5976,2.2152,-3.5282,6.6991,8.2982,-11.207,10.166,-1.1051,-11.822,5.5773,-2.5973,6.5572,-13.783,3.9416,32.076,-8.5505,-15.168,8.6591,-6.7615,2.0179,-9.3414,-15.333,-0.98026,-19.788,0.60238,23.84,-10.512,0.14194,-12.512,-3.0484,0.82749,-0.6536,-8.1727,7.8531,-8.0072,1.7066,4.8336,-1.2664,1.6864,8.4761,1.0134,3.019,2.022,-8.7853,19.769,9.4697,12.792,0,-8.493,-1.635,-3.0917,-4.794,15.23,19.592,26.978,-7.4554,-6.6646,9.9799,-14.866,1.3477,-7.1968,-5.1359,-26.943,2.6389,-5.0817,21.79,3.0948,0.28725,-10.253,-3.2892,0.10902,-0.40445,-19.435,6.2057,-15.567,-7.9302,2.8593,-2.2005,16.084,-3.4094,-6.161,12.531,-6.9866,1.3068,0.93032,-4.4789,9.1192,-6.2472,7.5478,9.9962,-23.205,-13.086,-15.958,-3.8915,-6.4051,25.796,-12.509,5.2049,2.9249,-14.712,-3.3577,5.8466,-8.493,0,-10.515,-7.4694,-7.1192,-11.115,-4.7086,-2.9788,11.917,20.026,-8.8298,8.1227,4.3609,12.592,-9.3917,13.682,7.2924,6.9735,-4.6336,-7.551,13.01,4.9035,0.27857,4.0811,4.8125,0.95255,-2.2039,9.5779,21.751,13.055,15.991,-11.912,-14.25,2.7986,-9.3933,11.355,8.9969,-0.3082,-3.2969,-4.915,31.551,-19.961,2.7097,13.894,-2.2816,5.7328,12.63,18.449,-13.841,-4.8024,-3.8806,-11.91,-2.6934,-4.476,-9.0011,-1.635,-10.515,0,17.009,8.131,-3.7407,-1.8717,-3.967,12.698,14.409,-12.496,1.6731,-0.24067,1.7189,-4.8965,8.0268,0.37522,0.84492,-0.84787,-9.0163,4.8254,7.8576,-2.7877,15.813,14.204,-1.1675,-5.4436,3.4014,10.319,5.1988,9.8349,-7.5972,-2.1412,-3.2748,-0.91714,-1.7247,6.6086,8.3393,3.3587,-4.9179,17.234,-21.006,-8.5598,14.409,-2.7199,7.8534,14.392,10.171,-8.1349,-1.5106,-3.7784,-10.997,-2.3599,1.077,-8.1593,-3.0917,-7.4694,17.009,0,4.0999,-8.2068,-12.559,0.69135,25.98,0.42903,1.9784,19.136,5.8859,11.507,-2.9401,10.258,16.633,10.765,-3.5442,-8.2801,15.422,10.221,-6.9898,-2.5589,-1.8722,6.1463,1.3053,-3.516,20.531,16.187,17.72,1.7427,-5.7429,-2.3123,-14.507,19.734,-3.3334,-8.5284,-14.652,-19.683,6.7525,-2.8284,4.7175,1.8574,-1.6558,2.3948,7.8986,-4.3911,-9.306,6.9007,10.991,8.8608,-6.941,-14.722,0.82194,-4.794,-7.1192,8.131,4.0999,0
