0,-3.073,-15.181,-8.2549,-9.8657,-11.623,11.173,-10.991,13.328,-0.25057,1.4676,2.2632,-7.5583,22.883,-2.3493,-3.0519,-1.3783,4.6986,-4.5636,4.222,-1.637,-3.073,0,3.7449,10.091,-3.1341,-2.1438,-1.1542,3.2025,-3.255,6.7315,7.0918,6.1786,-0.38468,-3.5722,-2.8499,-2.444,4.5587,-3.6093,-5.1777,-1.4191,-7.2804,-15.181,3.7449,0,6.6206,8.6273,8.3251,-6.7701,6.8283,-8.9092,-0.00090039,-1.2628,-1.645,7.1789,-13.708,1.1223e-05,2.8963,1.1353,-5.9746,3.7725,-2.9706,2.1449,-8.2549,10.091,6.6206,0,0.69554,2.267,-6.5963,9.7181,-8.9174,6.436,4.4755,3.0968,0.82907,-8.7434,1.2229,-0.64144,6.1951,-2.8825,-2.2639,-2.4356,-4.4365,-9.8657,-3.1341,8.6273,0.69554,0,16.372,-5.8564,5.2155,-5.7791,-5.9577,-7.6533,-7.169,8.0713,-9.3451,1.3479,3.4339,-3.584,-4.3891,10.081,-2.1064,8.4008,-11.623,-2.1438,8.3251,2.267,16.372,0,-8.3234,6.4692,-6.7676,-4.3916,-6.4766,-6.1948,8.2036,-11.933,2.0525,3.8057,-2.6546,-4.3265,7.1279,-4.8961,5.6962,11.173,-1.1542,-6.7701,-6.5963,-5.8564,-8.3234,0,-7.0499,12.478,-1.5746,1.1907,-0.26697,-5.7117,10.599,-4.1265,-5.0719,-4.8091,0.25961,-1.4235,4.6921,-2.3585,-10.991,3.2025,6.8283,9.7181,5.2155,6.4692,-7.0499,0,-8.8442,1.7437,0.76385,-2.8067,1.9836,-10.429,3.4542,-0.43687,1.3134,-3.3904,4.3586,-3.1102,-1.8791,13.328,-3.255,-8.9092,-8.9174,-5.7791,-6.7676,12.478,-8.8442,0,-2.5868,0.22205,0.096475,-4.9736,11.741,-5.4631,-3.8652,-4.5454,1.0141,-2.9617,0.89912,-0.01297,-0.25057,6.7315,-0.00090039,6.436,-5.9577,-4.3916,-1.5746,1.7437,-2.5868,0,12.819,10.918,-2.8046,-0.58832,-1.9291,-0.64439,7.5961,-0.53236,-6.0548,-1.042,-8.6449,1.4676,7.0918,-1.2628,4.4755,-7.6533,-6.4766,1.1907,0.76385,0.22205,12.819,0,8.2513,-3.0586,1.1483,-3.4921,-3.5975,4.8415,0.20836,-5.5627,-1.3414,-9.7296,2.2632,6.1786,-1.645,3.0968,-7.169,-6.1948,-0.26697,-2.8067,0.096475,10.918,8.2513,0,-2.8348,1.6883,-3.4296,-1.5252,9.1494,0.76407,-10.282,-0.39186,-4.8677,-7.5583,-0.38468,7.1789,0.82907,8.0713,8.2036,-5.7117,1.9836,-4.9736,-2.8046,-3.0586,-2.8348,0,-7.2451,0.020878,5.8262,-3.0276,-2.4109,3.4216,-4.3094,4.8423,22.883,-3.5722,-13.708,-8.7434,-9.3451,-11.933,10.599,-10.429,11.741,-0.58832,1.1483,1.6883,-7.2451,0,-1.376,-2.6728,-1.2819,5.5076,-3.5868,4.8844,-1.2966,-2.3493,-2.8499,1.1223e-05,1.2229,1.3479,2.0525,-4.1265,3.4542,-5.4631,-1.9291,-3.4921,-3.4296,0.020878,-1.376,0,1.9591,1.8084,5.9311,2.6825,2.7252,0.11159,-3.0519,-2.444,2.8963,-0.64144,3.4339,3.8057,-5.0719,-0.43687,-3.8652,-0.64439,-3.5975,-1.5252,5.8262,-2.6728,1.9591,0,-0.45158,-0.46931,1.9709,-0.49986,3.9168,-1.3783,4.5587,1.1353,6.1951,-3.584,-2.6546,-4.8091,1.3134,-4.5454,7.5961,4.8415,9.1494,-3.0276,-1.2819,1.8084,-0.45158,0,3.497,-5.6842,0.58079,-2.8717,4.6986,-3.6093,-5.9746,-2.8825,-4.3891,-4.3265,0.25961,-3.3904,1.0141,-0.53236,0.20836,0.76407,-2.4109,5.5076,5.9311,-0.46931,3.497,0,-2.111,3.7361,0.036726,-4.5636,-5.1777,3.7725,-2.2639,10.081,7.1279,-1.4235,4.3586,-2.9617,-6.0548,-5.5627,-10.282,3.4216,-3.5868,2.6825,1.9709,-5.6842,-2.111,0,1.4088,4.4998,4.222,-1.4191,-2.9706,-2.4356,-2.1064,-4.8961,4.6921,-3.1102,0.89912,-1.042,-1.3414,-0.39186,-4.3094,4.8844,2.7252,-0.49986,0.58079,3.7361,1.4088,0,0.03254,-1.637,-7.2804,2.1449,-4.4365,8.4008,5.6962,-2.3585,-1.8791,-0.01297,-8.6449,-9.7296,-4.8677,4.8423,-1.2966,0.11159,3.9168,-2.8717,0.036726,4.4998,0.03254,0
