0,-2.3476,-8.1391,0.77888,-1.59,1.1392,8.3295,0.20536,3.2423,4.9674,2.5687,-1.1034,7.0179,2.8407,-5.7939,-2.1364,0.6082,-6.5886,-2.5237,0.2697,-6.9377,-2.3476,0,1.8853,2.0299,1.8499,-5.19,2.1819,-4.9016,-9.2319,7.2197,8.1642,11.004,-1.0862,-7.3327,-5.4939,-4.5154,9.9229,0.06119,-8.3285,0.90755,-4.3929,-8.1391,1.8853,0,-3.3409,1.1408,1.7428,-5.9175,-5.0874,-1.1989,-2.3261,-2.0162,1.6788,-2.154,-3.2229,2.5227,2.5748,-0.19108,4.5937,-1.5421,-4.2033,4.5311,0.77888,2.0299,-3.3409,0,-3.0112,-5.0074,2.186,5.4203,-4.7224,1.996,0.93559,2.0119,-1.6798,1.6068,-0.83003,-1.0167,1.2511,-1.2048,0.54693,5.7748,-3.8476,-1.59,1.8499,1.1408,-3.0112,0,-5.9349,-1.3386,-3.2554,-1.434,0.16257,2.9736,0.15603,-5.2901,-0.089646,-2.3774,-1.5023,4.187,3.2433,-0.14937,2.6334,3.1422,1.1392,-5.19,1.7428,-5.0074,-5.9349,0,-0.19451,0.41215,7.9948,-2.3346,-4.2232,-1.751,6.6557,-1.7294,2.0873,2.248,-8.2704,-3.463,-0.69928,-6.7909,0.99506,8.3295,2.1819,-5.9175,2.186,-1.3386,-0.19451,0,-1.235,-1.3463,8.8373,6.8887,4.5849,6.4847,-2.2339,-7.3039,-7.5745,3.4819,-5.954,-5.3972,0.32291,-10.213,0.20536,-4.9016,-5.0874,5.4203,-3.2554,0.41215,-1.235,0,2.3786,-4.444,-4.3941,-4.6974,-0.60051,3.7552,3.1006,1.6267,-5.6001,-0.59976,7.9505,2.1584,0.77885,3.2423,-9.2319,-1.1989,-4.7224,-1.434,7.9948,-1.3463,2.3786,0,-6.0069,-4.8191,-6.8653,3.1247,3.3209,3.0993,1.8503,-6.7194,-0.97897,3.2962,-5.3954,3.4753,4.9674,7.2197,-2.3261,1.996,0.16257,-2.3346,8.8373,-4.444,-6.0069,0,11.247,9.724,3.8718,-5.1555,-10.453,-6.054,7.8079,-5.5935,-9.2743,1.7747,-9.3864,2.5687,8.1642,-2.0162,0.93559,2.9736,-4.2232,6.8887,-4.3941,-4.8191,11.247,0,8.9228,0.63595,-6.3121,-9.4235,-9.2787,9.768,-2.465,-7.1553,1.664,-6.5653,-1.1034,11.004,1.6788,2.0119,0.15603,-1.751,4.5849,-4.6974,-6.8653,9.724,8.9228,0,0.81779,-9.1996,-6.7417,-5.2273,7.5025,-3.1022,-9.8233,-0.1302,-4.9542,7.0179,-1.0862,-2.154,-1.6798,-5.2901,6.6557,6.4847,-0.60051,3.1247,3.8718,0.63595,0.81779,0,-2.3024,-4.0874,-1.6157,-1.3157,-5.7953,-3.594,-4.3069,-5.1272,2.8407,-7.3327,-3.2229,1.6068,-0.089646,-1.7294,-2.2339,3.7552,3.3209,-5.1555,-6.3121,-9.1996,-2.3024,0,3.5925,4.3017,-2.6115,2.1554,6.6733,2.8646,1.9703,-5.7939,-5.4939,2.5227,-0.83003,-2.3774,2.0873,-7.3039,3.1006,3.0993,-10.453,-9.4235,-6.7417,-4.0874,3.5925,0,4.9763,-7.5611,4.2785,7.2482,-0.12589,6.492,-2.1364,-4.5154,2.5748,-1.0167,-1.5023,2.248,-7.5745,1.6267,1.8503,-6.054,-9.2787,-5.2273,-1.6157,4.3017,4.9763,0,-5.4364,1.6231,4.1023,1.0305,5.4829,0.6082,9.9229,-0.19108,1.2511,4.187,-8.2704,3.4819,-5.6001,-6.7194,7.8079,9.768,7.5025,-1.3157,-2.6115,-7.5611,-5.4364,0,0.61567,-5.9385,1.2912,-3.129,-6.5886,0.06119,4.5937,-1.2048,3.2433,-3.463,-5.954,-0.59976,-0.97897,-5.5935,-2.465,-3.1022,-5.7953,2.1554,4.2785,1.6231,0.61567,0,3.6074,-1.1872,4.7398,-2.5237,-8.3285,-1.5421,0.54693,-0.14937,-0.69928,-5.3972,7.9505,3.2962,-9.2743,-7.1553,-9.8233,-3.594,6.6733,7.2482,4.1023,-5.9385,3.6074,0,1.6483,6.1461,0.2697,0.90755,-4.2033,5.7748,2.6334,-6.7909,0.32291,2.1584,-5.3954,1.7747,1.664,-0.1302,-4.3069,2.8646,-0.12589,1.0305,1.2912,-1.1872,1.6483,0,-1.825,-6.9377,-4.3929,4.5311,-3.8476,3.1422,0.99506,-10.213,0.77885,3.4753,-9.3864,-6.5653,-4.9542,-5.1272,1.9703,6.492,5.4829,-3.129,4.7398,6.1461,-1.825,0
