0,12.094,14.325,10.78,-5.3297,16.501,-11.295,2.1035,2.2944,4.7293,-6.3105,-3.6996,-4.8441,19.531,1.1343,-5.0402,-6.6929,-5.5363,5.1541,-0.25256,-6.974,4.1783,-21.521,2.7291,-8.2237,-4.4514,1.1157,-8.528,11.371,19.438,-7.8815,10.727,-4.7445,15.238,17.414,4.8735,-2.4454,-10.16,6.3391,-3.7037,-0.46301,0.16673,6.9463,2.4143,-17.148,-3.1976,1.7566,6.948,15.999,-9.9868,5.7949,-3.3311,4.7966,-6.3355,-1.0511,12.094,0,2.9853,23.222,-16.555,9.3073,-13.171,13.978,-13.117,20.771,-2.0489,5.1042,-12.293,6.1024,-11.525,5.5462,-2.0571,-9.727,2.1632,-15.956,-9.3173,-8.6553,-9.1243,-7.7813,-14.602,7.5565,-4.4436,-18.174,19.948,0.93661,-3.1435,-3.77,16.237,5.4212,18.342,2.7295,4.9489,-10.928,13.675,-16.095,4.3997,10.867,-1.9185,-1.7618,-5.4707,1.9953,3.9773,27.786,31.962,-3.8865,13.614,8.0548,-3.4831,-21.099,-15.124,14.325,2.9853,0,1.5646,1.5312,19.898,-11.913,4.416,9.2896,-4.4009,-3.7009,-6.2008,-4.6693,24.71,9.589,-6.1439,0.381,7.9614,-5.7717,9.9635,-3.4666,8.7462,-6.6084,2.36,-12.104,-15.026,1.5289,1.8663,11.16,12.45,-21.358,9.1533,-7.5424,4.1574,17.371,0.17575,-0.18917,-6.5892,-9.2232,4.4053,2.1744,-5.1585,5.5545,3.9583,-11.001,2.5819,-9.7667,3.4558,7.8109,-19.89,-2.0207,-3.5678,-2.7938,-3.3614,-0.89737,10.78,23.222,1.5646,0,-8.3853,8.0613,-5.5494,9.4968,-13.603,11.856,2.6888,0.78048,-7.999,7.3939,-13.538,-0.72555,3.8282,-3.1674,-3.6185,-7.9844,-7.9179,-14.211,-4.02,-9.5376,-15.77,7.2439,2.3016,-13.111,14.014,3.709,-1.8952,1.5365,12.793,3.7729,15.097,-0.82859,4.4897,-15.376,12.356,-9.6047,12.638,11.16,4.7792,5.5732,-3.3123,-5.224,7.672,13.955,18.232,-5.0984,12.258,1.8906,-7.465,-25.301,-14.676,-5.3297,-16.555,1.5312,-8.3853,0,-10.437,6.4177,-4.3248,4.9076,-28.946,8.7455,-0.79024,-2.2807,5.115,2.9303,-10.157,12.521,6.895,-5.3838,10.197,7.9634,-1.88,6.9206,7.5063,3.6059,-0.35012,5.9698,11.736,-7.553,-0.74197,1.3713,-0.50804,-13.133,-3.9001,-4.0829,1.5851,-13.3,13.132,-4.9872,7.9076,0.0097873,0.4193,-2.9706,2.938,-0.19057,3.4282,-13.122,-25.375,-20.937,2.1273,0.58627,-5.2794,2.645,8.2258,4.1921,16.501,9.3073,19.898,8.0613,-10.437,0,-10.02,3.4082,5.5744,5.7951,-7.8498,-9.3774,1.9631,12.06,6.9812,-2.1611,-5.7017,6.3899,-4.0869,6.4221,-8.1903,8.5746,-7.7298,-3.1043,-11.986,-15.051,1.205,-2.921,11.586,14.701,-17.659,14.775,-0.70871,5.3722,14.543,-4.1158,9.2295,-21.419,-6.0495,2.802,5.7281,-7.0469,14.284,6.5031,-7.5892,-5.7517,3.3919,12.159,18.297,-21.397,-5.0645,-3.7757,-6.4861,-7.9165,-1.4779,-11.295,-13.171,-11.913,-5.5494,6.4177,-10.02,0,-22.144,6.9309,-10.295,14.048,4.048,12.04,-12.056,-4.4623,-11.854,7.5351,4.0445,-6.5948,5.1074,19.129,-2.2786,4.7633,-7.7788,5.6569,3.2024,17.707,0.13524,-8.5549,1.4926,17.973,2.9271,-2.9728,2.674,-13.856,3.8669,-6.3482,0.52561,-3.1571,1.4028,-3.8437,1.6099,4.0715,-3.5283,20.728,-14.199,8.1439,-10.803,-13.932,14.129,-3.9042,-16.282,4.5561,3.1647,1.2277,2.1035,13.978,4.416,9.4968,-4.3248,3.4082,-22.144,0,-17.959,10.67,-5.3322,-0.65959,-16.125,6.4296,-2.6785,14.409,1.1614,-1.3842,0.083258,-8.6228,-16.44,-8.1515,4.3331,1.6412,-8.3668,3.7658,-15.786,0.050883,8.296,-10.634,-11.902,-10.136,12.348,-10.508,11.183,-7.0524,8.794,0.45197,4.5591,-3.4352,11.222,4.5828,-7.4381,4.9414,-9.0377,15.568,-7.9404,11.275,10.27,-9.3921,7.2238,23.681,-12.766,-8.2776,-7.9862,2.2944,-13.117,9.2896,-13.603,4.9076,5.5744,6.9309,-17.959,0,-14.033,0.54321,-3.1059,10.72,2.6131,12.718,-13.404,-2.1224,7.5533,-3.2032,16.913,11.306,19.724,-5.6834,1.536,2.5059,-16.03,10.502,4.2481,-2.4402,14.413,-1.6866,12.894,-18.798,8.6121,-2.6399,5.1155,-6.3075,-1.2895,-15.727,7.9879,-10.557,-10.86,7.4756,-3.6047,2.3074,-6.6135,-1.8859,-7.787,-5.9756,-1.5994,-11.835,-18.635,8.2835,8.7544,8.645,4.7293,20.771,-4.4009,11.856,-28.946,5.7951,-10.295,10.67,-14.033,0,-10.299,0.27834,-2.097,-4.3668,-5.3136,16.614,-11.559,-10.236,8.7036,-15.696,-14.366,-3.1736,-4.0558,-3.4176,-2.1264,4.9404,-11.926,-9.7878,5.6679,-4.1419,-1.4811,-3.6635,16.712,-0.29001,4.0419,-4.0604,13.828,-8.0491,11.036,-8.5553,3.5969,2.1604,-0.50138,0.1001,-3.6612,0.80541,10.576,21.917,19.336,-1.996,3.5148,12.832,-4.4797,-8.17,-4.4303,-6.3105,-2.0489,-3.7009,2.6888,8.7455,-7.8498,14.048,-5.3322,0.54321,-10.299,0,15.169,-5.4699,-0.43373,-15.979,-15.152,28.184,2.1656,-15.173,-1.4274,20.838,-14.214,2.4525,-15.539,-8.9368,11.111,19.211,-7.184,5.9567,-0.54832,12.205,-5.3676,3.9444,4.1306,2.0446,11.254,-12.543,0.44586,1.1422,-8.8224,-1.1889,17.434,-4.3789,-7.8258,16.251,-3.4459,-2.4788,-2.9333,-5.5526,11.226,9.7711,-9.6605,1.81,-9.2616,-15.168,-3.6996,5.1042,-6.2008,0.78048,-0.79024,-9.3774,4.048,-0.65959,-3.1059,0.27834,15.169,0,-12.059,-3.5419,-19.31,-2.8801,8.3813,-12.319,-0.71132,-16.312,14.487,-10.571,-5.6876,-11.156,-5.5624,19.546,4.5534,-16.524,9.5717,-5.1542,15.33,-17.004,8.8953,8.0402,3.3762,22.48,-13.042,5.3031,9.0996,-26.082,-12.18,23.255,-18.22,-27.735,10.094,5.6514,-3.9695,4.926,0.68784,19.138,17.036,0.536,9.8044,-7.6461,-15.907,-4.8441,-12.293,-4.6693,-7.999,-2.2807,1.9631,12.04,-16.125,10.72,-2.097,-5.4699,-12.059,0,-11.159,11.12,-1.6579,-8.3294,8.2758,0.32308,12.749,1.4772,12.66,4.0511,1.2891,12.174,-12.119,4.2163,8.1277,-14.973,5.1824,1.76,14.638,-7.4074,-1.3299,-16.392,-8.5982,7.4234,-5.0175,-10.287,14.224,-0.084791,-18.048,16.369,6.0415,5.9158,-16.512,14.185,-6.669,-6.5072,-0.58116,-24.381,-10.087,-0.68433,10.589,15.404,19.531,6.1024,24.71,7.3939,5.115,12.06,-12.056,6.4296,2.6131,-4.3668,-0.43373,-3.5419,-11.159,0,2.4683,-8.1332,3.6639,2.4371,-3.3921,4.8779,-4.3145,0.79931,-8.5136,3.6956,-13.182,-5.4804,2.3625,-1.2608,12.114,12.048,-13.643,6.414,-6.6099,6.1388,22.277,3.0161,-5.3091,-4.2424,-0.0038931,0.24382,3.8628,1.7061,3.0021,4.9942,-15.589,3.0938,-9.8372,1.4816,7.5511,-14.098,6.4905,-2.367,-0.45077,-6.2001,-3.6885,1.1343,-11.525,9.589,-13.538,2.9303,6.9812,-4.4623,-2.6785,12.718,-5.3136,-15.979,-19.31,11.12,2.4683,0,2.6966,-10.953,10.227,3.082,18.036,-6.1699,26.603,2.516,15.373,9.068,-29.3,-6.0774,19.753,-10.053,4.2213,-14.556,11.12,-16.162,-5.4853,-5.3223,-10.665,6.1953,2.0018,-17.151,24.488,-0.12187,-35.798,7.9557,8.7374,-8.5204,1.0696,-3.8659,-7.4052,-4.8598,-12.9,-22.828,-0.92356,-1.8944,17.204,22.296,-5.0402,5.5462,-6.1439,-0.72555,-10.157,-2.1611,-11.854,14.409,-13.404,16.614,-15.152,-2.8801,-1.6579,-8.1332,2.6966,0,-11.272,-5.44,10.711,-9.8517,-16.285,0.12153,5.9305,6.3332,6.7445,2.1413,-33.205,3.7709,-4.1688,-17.026,-4.4131,-10.177,9.8911,-13.364,-4.0908,-10.62,14.696,4.8656,3.5494,0.38481,3.2156,-3.8991,-7.1812,2.0594,-4.8133,11.675,0.16022,7.3182,4.0549,-2.0024,-2.2639,29.857,-6.6311,3.4375,3.3311,-6.6929,-2.0571,0.381,3.8282,12.521,-5.7017,7.5351,1.1614,-2.1224,-11.559,28.184,8.3813,-8.3294,3.6639,-10.953,-11.272,0,7.6804,-21.471,1.6536,11.251,-15.737,8.0422,-10.931,-11.571,7.4481,12.645,-1.254,5.928,-3.1674,3.7681,-5.5681,4.0451,-2.5437,4.4997,4.0756,-7.7079,1.0565,-1.9713,-3.657,5.6922,13.611,-3.8527,-1.0939,10.325,0.48793,-7.4619,-3.5217,-5.6013,3.5173,8.1268,-4.972,-5.1308,-9.5472,-14.666,-5.5363,-9.727,7.9614,-3.1674,6.895,6.3899,4.0445,-1.3842,7.5533,-10.236,2.1656,-12.319,8.2758,2.4371,10.227,-5.44,7.6804,0,-19.642,23.578,0.55904,4.0659,14.13,-2.1334,-3.5721,-15.334,6.0845,14.433,-3.0525,2.0238,-10.913,9.5224,-4.359,-10.123,-1.3888,-13.074,7.5433,-5.5615,-25.076,18.038,12.372,-10.263,11.986,12.953,4.401,-5.2579,-2.3786,-5.2923,-5.4459,-12.275,-14.925,-6.8194,-15.625,1.0351,2.6596,5.1541,2.1632,-5.7717,-3.6185,-5.3838,-4.0869,-6.5948,0.083258,-3.2032,8.7036,-15.173,-0.71132,0.32308,-3.3921,3.082,10.711,-21.471,-19.642,0,-8.9292,-7.5851,6.0551,-9.3523,14.749,14.604,2.8411,-13.881,-1.2954,-6.7862,-1.2784,3.2686,-2.4864,-3.6214,3.7329,-5.1296,2.3248,-1.3746,7.9404,11.602,-2.3245,-9.9066,-3.5137,-5.2487,-3.4712,-11.581,5.0698,2.753,-0.57381,1.2828,4.4417,1.7434,8.4901,12.438,10.315,10.944,-0.25256,-15.956,9.9635,-7.9844,10.197,6.4221,5.1074,-8.6228,16.913,-15.696,-1.4274,-16.312,12.749,4.8779,18.036,-9.8517,1.6536,23.578,-8.9292,0,1.9164,12.36,5.5707,4.8774,2.2635,-23.297,7.459,16.503,-7.3868,9.5398,-9.309,18.222,-17.314,-3.0672,-3.701,-8.2139,1.5924,-2.9512,-22.49,25.051,4.5602,-16.962,15.586,11.727,-0.76195,-7.7396,-1.8609,-12.341,-8.5916,-10.976,-18.126,-12.764,-4.383,8.3998,11.397,-6.974,-9.3173,-3.4666,-7.9179,7.9634,-8.1903,19.129,-16.44,11.306,-14.366,20.838,14.487,1.4772,-4.3145,-6.1699,-16.285,11.251,0.55904,-7.5851,1.9164,0,-1.3568,-1.9317,-9.4201,-0.85265,4.5295,18.754,-4.8093,0.81093,2.7443,15.087,-2.3051,-3.6472,8.7075,-3.9709,16.484,-16.769,3.8182,-3.4923,-5.4659,-12.837,7.1758,-4.1362,-15.322,17.374,-4.2604,-2.1608,-6.8575,-10.113,15.742,2.3023,-15.269,10.859,0.44362,-4.6597,4.1783,-8.6553,8.7462,-14.211,-1.88,8.5746,-2.2786,-8.1515,19.724,-3.1736,-14.214,-10.571,12.66,0.79931,26.603,0.12153,-15.737,4.0659,6.0551,12.36,-1.3568,0,-5.2969,10.027,8.4772,-23.548,-2.7406,8.3397,-6.2224,9.0338,-8.113,12.12,-15.978,2.9786,-4.4167,-2.5053,2.6221,-0.28815,-13.025,12.306,-8.0827,-24.528,7.3665,0.77705,-5.8127,-1.8278,-0.31004,-3.7674,-1.6602,-7.0354,-18.519,-4.8986,5.1623,14.843,18.541,-21.521,-9.1243,-6.6084,-4.02,6.9206,-7.7298,4.7633,4.3331,-5.6834,-4.0558,2.4525,-5.6876,4.0511,-8.5136,2.516,5.9305,8.0422,14.13,-9.3523,5.5707,-1.9317,-5.2969,0,0.076011,3.9868,-0.64558,-3.1185,15.852,-10.357,-15.895,-1.9494,-4.6856,4.2248,-30.987,-10.226,-16.683,9.1404,4.7939,-8.8537,11.036,13.131,-3.7117,-0.25842,9.7428,7.6964,2.4061,-2.4468,-6.4802,-11.243,-1.4569,-7.9481,5.3743,-17.073,3.5639,1.7794,2.7291,-7.7813,2.36,-9.5376,7.5063,-3.1043,-7.7788,1.6412,1.536,-3.4176,-15.539,-11.156,1.2891,3.6956,15.373,6.3332,-10.931,-2.1334,14.749,4.8774,-9.4201,10.027,0.076011,0,15.226,-6.6662,-12.921,14.805,-13.138,-0.92251,-6.6021,2.0715,-14.909,-4.9338,-5.7217,-5.5864,-1.1898,12.909,-0.49352,11.95,-2.1043,-12.124,-1.4752,6.8048,-18.295,8.1903,-6.9813,-11.799,-7.2227,-4.8258,-5.042,6.5135,4.4203,20.347,21.274,-8.2237,-14.602,-12.104,-15.77,3.6059,-11.986,5.6569,-8.3668,2.5059,-2.1264,-8.9368,-5.5624,12.174,-13.182,9.068,6.7445,-11.571,-3.5721,14.604,2.2635,-0.85265,8.4772,3.9868,15.226,0,-1.7589,-7.2024,11.322,-31.812,-5.1929,6.2428,0.03742,-9.0409,-4.9772,-27.41,-4.3969,-0.01513,13.105,-0.45563,9.371,-6.7525,-11.259,-1.1584,0.98526,-0.9286,0.33346,3.1996,-14.049,-14.744,7.0981,-9.7365,2.2106,7.188,28.628,23.883,-4.4514,7.5565,-15.026,7.2439,-0.35012,-15.051,3.2024,3.7658,-16.03,4.9404,11.111,19.546,-12.119,-5.4804,-29.3,2.1413,7.4481,-15.334,2.8411,-23.297,4.5295,-23.548,-0.64558,-6.6662,-1.7589,0,0.10949,-12.721,3.7377,-10.14,17.372,-18.404,13.194,1.9095,0.36316,9.7444,-7.6315,5.9362,21.271,-20.451,-2.5788,27.074,-15.02,-9.8215,5.8644,4.3226,0.87138,3.0855,0.18524,18.036,22.525,6.103,4.6146,-7.9548,-13.041,1.1157,-4.4436,1.5289,2.3016,5.9698,1.205,17.707,-15.786,10.502,-11.926,19.211,4.5534,4.2163,2.3625,-6.0774,-33.205,12.645,6.0845,-13.881,7.459,18.754,-2.7406,-3.1185,-12.921,-7.2024,0.10949,0,-5.9517,4.067,12.86,7.8858,8.6377,-4.1517,11.412,1.7331,8.9924,-9.9797,-7.8526,-3.359,-2.0872,-1.7152,5.3954,8.1266,-2.8766,11.548,-16.48,4.5021,-4.3964,-3.3145,4.6298,1.383,-30.922,3.8839,-6.1758,-6.0055,-8.528,-18.174,1.8663,-13.111,11.736,-2.921,0.13524,0.050883,4.2481,-9.7878,-7.184,-16.524,8.1277,-1.2608,19.753,3.7709,-1.254,14.433,-1.2954,16.503,-4.8093,8.3397,15.852,14.805,11.322,-12.721,-5.9517,0,-17.802,-4.9141,-9.0787,3.7728,-10.947,-17.755,-10.959,-16.444,5.3858,8.4152,-14.862,31.272,6.0882,-17.882,3.5718,13.292,-3.5653,3.5598,-6.6444,-15.447,-14.78,-7.7555,-16.711,2.3099,-7.209,17.542,17.121,11.371,19.948,11.16,14.014,-7.553,11.586,-8.5549,8.296,-2.4402,5.6679,5.9567,9.5717,-14.973,12.114,-10.053,-4.1688,5.928,-3.0525,-6.7862,-7.3868,0.81093,-6.2224,-10.357,-13.138,-31.812,3.7377,4.067,-17.802,0,5.4333,-4.2051,-2.4155,9.479,9.5653,31.206,9.348,-1.9311,-10.699,4.2161,-15.702,0.6422,12.855,-2.5188,-6.5038,-1.0256,2.2057,-3.173,19.129,19.837,-4.0862,13.023,-0.095274,-1.5265,-24.779,-22.942,19.438,0.93661,12.45,3.709,-0.74197,14.701,1.4926,-10.634,14.413,-4.1419,-0.54832,-5.1542,5.1824,12.048,4.2213,-17.026,-3.1674,2.0238,-1.2784,9.5398,2.7443,9.0338,-15.895,-0.92251,-5.1929,-10.14,12.86,-4.9141,5.4333,0,-3.3095,23.628,-11.916,19.187,7.6928,5.6806,-5.0379,-12.729,-2.1017,1.7703,-2.8866,-4.108,15.826,2.0029,-5.3183,-14.155,5.3975,-0.30658,5.8316,-6.4909,-1.9317,-19.329,6.6922,-2.2996,2.5009,-7.8815,-3.1435,-21.358,-1.8952,1.3713,-17.659,17.973,-11.902,-1.6866,-1.4811,12.205,15.33,1.76,-13.643,-14.556,-4.4131,3.7681,-10.913,3.2686,-9.309,15.087,-8.113,-1.9494,-6.6021,6.2428,17.372,7.8858,-9.0787,-4.2051,-3.3095,0,-7.0423,3.1323,6.7542,-9.9143,12.311,-11.027,5.5001,10.17,-10.886,-10.489,11.273,-6.5515,-13.007,13.874,-5.1104,7.1433,-4.3546,-7.5001,38.996,7.2557,-5.1491,12.501,0.53345,-3.2207,10.727,-3.77,9.1533,1.5365,-0.50804,14.775,2.9271,-10.136,12.894,-3.6635,-5.3676,-17.004,14.638,6.414,11.12,-10.177,-5.5681,9.5224,-2.4864,18.222,-2.3051,12.12,-4.6856,2.0715,0.03742,-18.404,8.6377,3.7728,-2.4155,23.628,-7.0423,0,-12.666,6.3308,0.774,-5.2391,3.4124,-13.84,-7.745,12.192,3.9528,-13.653,34.222,11.618,-4.6511,-18.793,9.1603,-3.4193,2.1497,-11.61,-11.784,-15.824,-0.88208,2.2106,9.2978,-4.7445,16.237,-7.5424,12.793,-13.133,-0.70871,-2.9728,12.348,-18.798,16.712,3.9444,8.8953,-7.4074,-6.6099,-16.162,9.8911,4.0451,-4.359,-3.6214,-17.314,-3.6472,-15.978,4.2248,-14.909,-9.0409,13.194,-4.1517,-10.947,9.479,-11.916,3.1323,-12.666,0,-4.6696,4.6093,-1.5264,8.9628,-5.561,8.0123,-13.519,6.7377,12.577,-6.1328,-3.3022,7.5056,2.7059,4.7892,18.865,10.88,3.2126,8.439,10.835,-9.7256,-16.972,-18.096,15.238,5.4212,4.1574,3.7729,-3.9001,5.3722,2.674,-10.508,8.6121,-0.29001,4.1306,8.0402,-1.3299,6.1388,-5.4853,-13.364,-2.5437,-10.123,3.7329,-3.0672,8.7075,2.9786,-30.987,-4.9338,-4.9772,1.9095,11.412,-17.755,9.5653,19.187,6.7542,6.3308,-4.6696,0,7.6776,21.222,-12.863,-6.3734,6.9899,-11.36,-13.342,5.9459,2.3696,-11.111,-1.0564,-7.8755,4.7649,3.5218,7.0391,5.0919,7.6263,-13.006,18.153,-4.9655,-3.7419,17.414,18.342,17.371,15.097,-4.0829,14.543,-13.856,11.183,-2.6399,4.0419,2.0446,3.3762,-16.392,22.277,-5.3223,-4.0908,4.4997,-1.3888,-5.1296,-3.701,-3.9709,-4.4167,-10.226,-5.7217,-27.41,0.36316,1.7331,-10.959,31.206,7.6928,-9.9143,0.774,4.6093,7.6776,0,5.5726,-1.5777,-9.6936,3.8499,-9.222,3.879,8.6451,-0.21168,-0.60587,-8.1808,3.4545,-5.6559,13.816,19.114,-10.071,11.888,0.98802,-2.8121,-18.641,-14.855,4.8735,2.7295,0.17575,-0.82859,1.5851,-4.1158,3.8669,-7.0524,5.1155,-4.0604,11.254,22.48,-8.5982,3.0161,-10.665,-10.62,4.0756,-13.074,2.3248,-8.2139,16.484,-2.5053,-16.683,-5.5864,-4.3969,9.7444,8.9924,-16.444,9.348,5.6806,12.311,-5.2391,-1.5264,21.222,5.5726,0,-23.974,3.4731,7.9351,-18.152,-19.919,14.138,-9.6879,-24.592,3.441,1.417,-3.6722,1.0181,0.8817,13.836,14.233,-6.8997,21.676,-3.8952,-8.2517,-2.4454,4.9489,-0.18917,4.4897,-13.3,9.2295,-6.3482,8.794,-6.3075,13.828,-12.543,-13.042,7.4234,-5.3091,6.1953,14.696,-7.7079,7.5433,-1.3746,1.5924,-16.769,2.6221,9.1404,-1.1898,-0.01513,-7.6315,-9.9797,5.3858,-1.9311,-5.0379,-11.027,3.4124,8.9628,-12.863,-1.5777,-23.974,0,-9.7908,-5.3142,7.5745,14.489,-10.232,8.5311,12.427,-0.90161,-2.1933,8.1504,9.6442,7.8696,-12.228,-11.488,8.4903,-20.431,-2.0662,2.4691,-10.16,-10.928,-6.5892,-15.376,13.132,-21.419,0.52561,0.45197,-1.2895,-8.0491,0.44586,5.3031,-5.0175,-4.2424,2.0018,4.8656,1.0565,-5.5615,7.9404,-2.9512,3.8182,-0.28815,4.7939,12.909,13.105,5.9362,-7.8526,8.4152,-10.699,-12.729,5.5001,-13.84,-5.561,-6.3734,-9.6936,3.4731,-9.7908,0,1.5044,1.2872,-8.859,1.0222,-18.599,-6.0574,-1.3479,16.295,-13.968,-13.434,-17.028,9.8951,2.4146,7.7575,8.0296,15.049,6.503,6.3391,13.675,-9.2232,12.356,-4.9872,-6.0495,-3.1571,4.5591,-15.727,11.036,1.1422,9.0996,-10.287,-0.0038931,-17.151,3.5494,-1.9713,-25.076,11.602,-22.49,-3.4923,-13.025,-8.8537,-0.49352,-0.45563,21.271,-3.359,-14.862,4.2161,-2.1017,10.17,-7.745,8.0123,6.9899,3.8499,7.9351,-5.3142,1.5044,0,-17.269,-2.1263,15.441,-7.3625,-4.6809,-4.53,1.6745,5.1262,5.4226,6.8423,9.0071,21.42,6.5396,7.2867,-6.8884,-6.688,-3.7037,-16.095,4.4053,-9.6047,7.9076,2.802,1.4028,-3.4352,7.9879,-8.5553,-8.8224,-26.082,14.224,0.24382,24.488,0.38481,-3.657,18.038,-2.3245,25.051,-5.4659,12.306,11.036,11.95,9.371,-20.451,-2.0872,31.272,-15.702,1.7703,-10.886,12.192,-13.519,-11.36,-9.222,-18.152,7.5745,1.2872,-17.269,0,7.4157,-25.899,11.959,17.752,-4.0513,-3.2122,-1.0898,-12.979,-10.08,-11.661,-23.649,-2.8221,-7.5089,14.631,19.61,-0.46301,4.3997,2.1744,12.638,0.0097873,5.7281,-3.8437,11.222,-10.557,3.5969,-1.1889,-12.18,-0.084791,3.8628,-0.12187,3.2156,5.6922,12.372,-9.9066,4.5602,-12.837,-8.0827,13.131,-2.1043,-6.7525,-2.5788,-1.7152,6.0882,0.6422,-2.8866,-10.489,3.9528,6.7377,-13.342,3.879,-19.919,14.489,-8.859,-2.1263,7.4157,0,-1.5533,9.298,24.216,-2.3712,-3.1793,2.9237,2.7799,3.9683,-13.896,-2.1792,4.2122,-29.352,-7.8927,-3.2843,0.16673,10.867,-5.1585,11.16,0.4193,-7.0469,1.6099,4.5828,-10.86,2.1604,17.434,23.255,-18.048,1.7061,-35.798,-3.8991,13.611,-10.263,-3.5137,-16.962,7.1758,-24.528,-3.7117,-12.124,-11.259,27.074,5.3954,-17.882,12.855,-4.108,11.273,-13.653,12.577,5.9459,8.6451,14.138,-10.232,1.0222,15.441,-25.899,-1.5533,0,-12.07,-10.701,5.6907,3.3985,-2.1797,6.1515,4.1082,11.382,31.609,1.7568,3.3408,-16.176,-24.732,6.9463,-1.9185,5.5545,4.7792,-2.9706,14.284,4.0715,-7.4381,7.4756,-0.50138,-4.3789,-18.22,16.369,3.0021,7.9557,-7.1812,-3.8527,11.986,-5.2487,15.586,-4.1362,7.3665,-0.25842,-1.4752,-1.1584,-15.02,8.1266,3.5718,-2.5188,15.826,-6.5515,34.222,-6.1328,2.3696,-0.21168,-9.6879,8.5311,-18.599,-7.3625,11.959,9.298,-12.07,0,15.359,-1.4181,-23.012,13.569,-0.91111,3.3303,-11.905,-12.486,-12.825,-6.2897,-0.84568,6.4256,2.4143,-1.7618,3.9583,5.5732,2.938,6.5031,-3.5283,4.9414,-3.6047,0.1001,-7.8258,-27.735,6.0415,4.9942,8.7374,2.0594,-1.0939,12.953,-3.4712,11.727,-15.322,0.77705,9.7428,6.8048,0.98526,-9.8215,-2.8766,13.292,-6.5038,2.0029,-13.007,11.618,-3.3022,-11.111,-0.60587,-24.592,12.427,-6.0574,-4.6809,17.752,24.216,-10.701,15.359,0,-8.2589,-5.2665,3.54,-3.9822,-0.087738,-17.577,-8.5072,1.1884,-15.983,1.4042,7.3227,-17.148,-5.4707,-11.001,-3.3123,-0.19057,-7.5892,20.728,-9.0377,2.3074,-3.6612,16.251,10.094,5.9158,-15.589,-8.5204,-4.8133,10.325,4.401,-11.581,-0.76195,17.374,-5.8127,7.6964,-18.295,-0.9286,5.8644,11.548,-3.5653,-1.0256,-5.3183,13.874,-4.6511,7.5056,-1.0564,-8.1808,3.441,-0.90161,-1.3479,-4.53,-4.0513,-2.3712,5.6907,-1.4181,-8.2589,0,-6.8354,5.2867,-0.3431,-6.5446,13.194,-2.0266,-7.3106,-1.3227,-3.4548,-7.2332,-3.1976,1.9953,2.5819,-5.224,3.4282,-5.7517,-14.199,15.568,-6.6135,0.80541,-3.4459,5.6514,-16.512,3.0938,1.0696,11.675,0.48793,-5.2579,5.0698,-7.7396,-4.2604,-1.8278,2.4061,8.1903,0.33346,4.3226,-16.48,3.5598,2.2057,-14.155,-5.1104,-18.793,2.7059,-7.8755,3.4545,1.417,-2.1933,16.295,1.6745,-3.2122,-3.1793,3.3985,-23.012,-5.2665,-6.8354,0,-22.165,1.2692,-1.0581,-0.13451,6.1981,19.784,0.090329,3.1204,-1.877,1.7566,3.9773,-9.7667,7.672,-13.122,3.3919,8.1439,-7.9404,-1.8859,10.576,-2.4788,-3.9695,14.185,-9.8372,-3.8659,0.16022,-7.4619,-2.3786,2.753,-1.8609,-2.1608,-0.31004,-2.4468,-6.9813,3.1996,0.87138,4.5021,-6.6444,-3.173,5.3975,7.1433,9.1603,4.7892,4.7649,-5.6559,-3.6722,8.1504,-13.968,5.1262,-1.0898,2.9237,-2.1797,13.569,3.54,5.2867,-22.165,0,4.8506,5.4971,2.6978,-4.079,-5.8643,-0.75209,-3.4338,1.7114,6.948,27.786,3.4558,13.955,-25.375,12.159,-10.803,11.275,-7.787,21.917,-2.9333,4.926,-6.669,1.4816,-7.4052,7.3182,-3.5217,-5.2923,-0.57381,-12.341,-6.8575,-3.7674,-6.4802,-11.799,-14.049,3.0855,-4.3964,-15.447,19.129,-0.30658,-4.3546,-3.4193,18.865,3.5218,13.816,1.0181,9.6442,-13.434,5.4226,-12.979,2.7799,6.1515,-0.91111,-3.9822,-0.3431,1.2692,4.8506,0,31.001,-4.3623,5.8414,6.9986,-5.7321,-18.276,-13.996,15.999,31.962,7.8109,18.232,-20.937,18.297,-13.932,10.27,-5.9756,19.336,-5.5526,0.68784,-6.5072,7.5511,-4.8598,4.0549,-5.6013,-5.4459,1.2828,-8.5916,-10.113,-1.6602,-11.243,-7.2227,-14.744,0.18524,-3.3145,-14.78,19.837,5.8316,-7.5001,2.1497,10.88,7.0391,19.114,0.8817,7.8696,-17.028,6.8423,-10.08,3.9683,4.1082,3.3303,-0.087738,-6.5446,-1.0581,5.4971,31.001,0,-8.7532,6.2926,4.3254,-4.0918,-17.376,-10.268,-9.9868,-3.8865,-19.89,-5.0984,2.1273,-21.397,14.129,-9.3921,-1.5994,-1.996,11.226,19.138,-0.58116,-14.098,-12.9,-2.0024,3.5173,-12.275,4.4417,-10.976,15.742,-7.0354,-1.4569,-4.8258,7.0981,18.036,4.6298,-7.7555,-4.0862,-6.4909,38.996,-11.61,3.2126,5.0919,-10.071,13.836,-12.228,9.8951,9.0071,-11.661,-13.896,11.382,-11.905,-17.577,13.194,-0.13451,2.6978,-4.3623,-8.7532,0,7.6298,-2.063,13.818,2.3254,-3.111,5.7949,13.614,-2.0207,12.258,0.58627,-5.0645,-3.9042,7.2238,-11.835,3.5148,9.7711,17.036,-24.381,6.4905,-22.828,-2.2639,8.1268,-14.925,1.7434,-18.126,2.3023,-18.519,-7.9481,-5.042,-9.7365,22.525,1.383,-16.711,13.023,-1.9317,7.2557,-11.784,8.439,7.6263,11.888,14.233,-11.488,2.4146,21.42,-23.649,-2.1792,31.609,-12.486,-8.5072,-2.0266,6.1981,-4.079,5.8414,6.2926,7.6298,0,4.3095,5.709,-13.092,-17.193,-3.3311,8.0548,-3.5678,1.8906,-5.2794,-3.7757,-16.282,23.681,-18.635,12.832,-9.6605,0.536,-10.087,-2.367,-0.92356,29.857,-4.972,-6.8194,8.4901,-12.764,-15.269,-4.8986,5.3743,6.5135,2.2106,6.103,-30.922,2.3099,-0.095274,-19.329,-5.1491,-15.824,10.835,-13.006,0.98802,-6.8997,8.4903,7.7575,6.5396,-2.8221,4.2122,1.7568,-12.825,1.1884,-7.3106,19.784,-5.8643,6.9986,4.3254,-2.063,4.3095,0,-6.436,0.20974,-1.2651,4.7966,-3.4831,-2.7938,-7.465,2.645,-6.4861,4.5561,-12.766,8.2835,-4.4797,1.81,9.8044,-0.68433,-0.45077,-1.8944,-6.6311,-5.1308,-15.625,12.438,-4.383,10.859,5.1623,-17.073,4.4203,7.188,4.6146,3.8839,-7.209,-1.5265,6.6922,12.501,-0.88208,-9.7256,18.153,-2.8121,21.676,-20.431,8.0296,7.2867,-7.5089,-29.352,3.3408,-6.2897,-15.983,-1.3227,0.090329,-0.75209,-5.7321,-4.0918,13.818,5.709,-6.436,0,7.1326,4.1561,-6.3355,-21.099,-3.3614,-25.301,8.2258,-7.9165,3.1647,-8.2776,8.7544,-8.17,-9.2616,-7.6461,10.589,-6.2001,17.204,3.4375,-9.5472,1.0351,10.315,8.3998,0.44362,14.843,3.5639,20.347,28.628,-7.9548,-6.1758,17.542,-24.779,-2.2996,0.53345,2.2106,-16.972,-4.9655,-18.641,-3.8952,-2.0662,15.049,-6.8884,14.631,-7.8927,-16.176,-0.84568,1.4042,-3.4548,3.1204,-3.4338,-18.276,-17.376,2.3254,-13.092,0.20974,7.1326,0,30.276,-1.0511,-15.124,-0.89737,-14.676,4.1921,-1.4779,1.2277,-7.9862,8.645,-4.4303,-15.168,-15.907,15.404,-3.6885,22.296,3.3311,-14.666,2.6596,10.944,11.397,-4.6597,18.541,1.7794,21.274,23.883,-13.041,-6.0055,17.121,-22.942,2.5009,-3.2207,9.2978,-18.096,-3.7419,-14.855,-8.2517,2.4691,6.503,-6.688,19.61,-3.2843,-24.732,6.4256,7.3227,-7.2332,-1.877,1.7114,-13.996,-10.268,-3.111,-17.193,-1.2651,4.1561,30.276,0
