0,-3.5315,-7.4376,-5.9317,1.8137,2.2504,3.7002,-6.613,3.7949,4.7553,4.9012,3.6328,5.3929,1.4725,-4.2911,-4.5106,1.7748,-3.5287,-5.9756,3.0429,-3.2012,-3.5315,0,0.73385,3.5276,-3.3389,-0.811,-3.2812,4.0725,-4.1653,0.7416,-0.43432,0.65222,-5.3082,-5.0175,1.1489,1.7725,0.42124,1.8582,-0.22429,-3.5657,-4.1907,-7.4376,0.73385,0,1.72,-2.3877,2.5036,0.94634,2.6544,1.9297,-0.78112,-0.48464,-1.7929,-0.044812,-4.1202,1.4098,0.68025,1.0634,2.179,1.6933,-5.3126,2.2461,-5.9317,3.5276,1.72,0,-2.1966,-5.3577,-0.43408,2.7872,-1.8334,-2.841,-4.1366,-2.9621,-5.3879,1.8284,0.30276,2.1787,-1.3988,0.72482,1.0813,-0.45372,0.8771,1.8137,-3.3389,-2.3877,-2.1966,0,-1.388,0.18503,2.3768,-1.7326,-4.6924,-4.1657,-5.0255,-2.5052,0.74776,3.6264,1.7061,-4.0005,0.84721,2.316,5.3004,6.136,2.2504,-0.811,2.5036,-5.3577,-1.388,0,-0.13722,0.010514,4.3509,3.4199,3.9937,1.4627,4.7975,-6.9016,0.002055,-3.1805,0.3955,-0.45925,-1.2245,-6.7088,-3.4832,3.7002,-3.2812,0.94634,-0.43408,0.18503,-0.13722,0,-5.4098,1.7451,4.3134,3.3258,2.4637,4.048,2.509,-4.0834,-3.9322,3.1295,-3.6745,-1.4481,2.4489,-0.62452,-6.613,4.0725,2.6544,2.7872,2.3768,0.010514,-5.4098,0,-4.0588,-9.3532,-9.8278,-9.2506,-7.6639,-2.4472,10.771,5.8786,-7.3048,7.2577,8.3659,-1.1615,3.2723,3.7949,-4.1653,1.9297,-1.8334,-1.7326,4.3509,1.7451,-4.0588,0,2.6339,3.773,1.545,3.652,-1.5813,-4.1873,-2.7262,3.3811,-3.7402,-6.2107,-3.9778,0.66075,4.7553,0.7416,-0.78112,-2.841,-4.6924,3.4199,4.3134,-9.3532,2.6339,0,18.972,15.728,6.833,-2.7789,-9.6382,-8.5827,9.575,-7.026,-7.1685,-2.8223,-7.8532,4.9012,-0.43432,-0.48464,-4.1366,-4.1657,3.9937,3.3258,-9.8278,3.773,18.972,0,15.92,7.1856,-2.9105,-9.4826,-7.0595,9.6932,-7.3843,-7.8982,-3.0752,-6.6754,3.6328,0.65222,-1.7929,-2.9621,-5.0255,1.4627,2.4637,-9.2506,1.545,15.728,15.92,0,5.8273,-1.3969,-9.9446,-5.3702,8.7108,-7.0784,-7.1025,-1.4789,-7.4876,5.3929,-5.3082,-0.044812,-5.3879,-2.5052,4.7975,4.048,-7.6639,3.652,6.833,7.1856,5.8273,0,0.307,-5.4174,-5.2954,3.575,-3.3051,-3.4719,-0.090998,-3.6183,1.4725,-5.0175,-4.1202,1.8284,0.74776,-6.9016,2.509,-2.4472,-1.5813,-2.7789,-2.9105,-1.3969,0.307,0,-0.61432,3.2438,-2.5933,1.3945,1.415,9.827,1.4546,-4.2911,1.1489,1.4098,0.30276,3.6264,0.002055,-4.0834,10.771,-4.1873,-9.6382,-9.4826,-9.9446,-5.4174,-0.61432,0,4.6868,-10.241,8.7062,9.147,0.5379,3.095,-4.5106,1.7725,0.68025,2.1787,1.7061,-3.1805,-3.9322,5.8786,-2.7262,-8.5827,-7.0595,-5.3702,-5.2954,3.2438,4.6868,0,-6.3999,6.9655,2.7287,2.8798,2.5327,1.7748,0.42124,1.0634,-1.3988,-4.0005,0.3955,3.1295,-7.3048,3.3811,9.575,9.6932,8.7108,3.575,-2.5933,-10.241,-6.3999,0,-8.0839,-6.9943,-2.9912,-0.87838,-3.5287,1.8582,2.179,0.72482,0.84721,-0.45925,-3.6745,7.2577,-3.7402,-7.026,-7.3843,-7.0784,-3.3051,1.3945,8.7062,6.9655,-8.0839,0,5.1188,1.3065,0.88279,-5.9756,-0.22429,1.6933,1.0813,2.316,-1.2245,-1.4481,8.3659,-6.2107,-7.1685,-7.8982,-7.1025,-3.4719,1.415,9.147,2.7287,-6.9943,5.1188,0,1.7627,3.4854,3.0429,-3.5657,-5.3126,-0.45372,5.3004,-6.7088,2.4489,-1.1615,-3.9778,-2.8223,-3.0752,-1.4789,-0.090998,9.827,0.5379,2.8798,-2.9912,1.3065,1.7627,0,1.6082,-3.2012,-4.1907,2.2461,0.8771,6.136,-3.4832,-0.62452,3.2723,0.66075,-7.8532,-6.6754,-7.4876,-3.6183,1.4546,3.095,2.5327,-0.87838,0.88279,3.4854,1.6082,0
