0,1.1731,-5.6418,-8.4206,-1.0408,-2.365,-3.789,-10.19,7.1617,2.4219,2.0186,3.5583,-3.9755,3.1644,-6.5371,0.59233,4.6743,-3.9435,-2.8084,-5.7013,3.1521,1.1731,0,-3.23,3.6696,2.1497,4.4581,-5.1132,-1.5036,1.2669,11.773,11.989,11.697,2.6138,-7.0182,-9.2507,-7.5048,7.8145,-9.0749,-8.9517,-2.2617,-7.8552,-5.6418,-3.23,0,2.2182,-0.18172,-2.0389,5.927,4.7022,-5.564,-3.6248,-4.393,-6.0186,1.8512,0.077128,5.8457,1.6406,-6.5407,6.6084,2.5993,3.3814,1.4815,-8.4206,3.6696,2.2182,0,-1.6863,-0.59812,-0.39079,5.9148,-7.9261,1.4452,1.6511,0.22261,3.5584,-2.5077,2.1772,-1.7416,-0.34422,2.2876,-1.8651,3.3473,-3.5408,-1.0408,2.1497,-0.18172,-1.6863,0,9.5658,4.0145,0.50653,3.1375,2.4385,1.5435,2.7781,4.9523,-10.007,-3.8243,-7.9563,-2.1397,-6.1719,-3.5341,6.0771,-4.8124,-2.365,4.4581,-2.0389,-0.59812,9.5658,0,-0.02563,1.5475,3.2843,4.0346,3.611,4.6852,4.5362,-10.407,-3.9634,-6.2701,0.59922,-7.9098,-1.8138,1.3485,-10.037,-3.789,-5.1132,5.927,-0.39079,4.0145,-0.02563,0,4.1209,-2.8662,-2.7333,-4.262,-4.0372,4.3358,-1.7387,3.3052,-1.6584,-8.7473,3.3484,1.1623,8.8725,0.23174,-10.19,-1.5036,4.7022,5.9148,0.50653,1.5475,4.1209,0,-3.625,-3.8543,-2.6684,-4.059,1.232,-2.4793,6.4291,0.1563,-6.9513,2.8721,4.7772,4.3128,-1.7952,7.1617,1.2669,-5.564,-7.9261,3.1375,3.2843,-2.8662,-3.625,0,1.2428,3.4999,4.244,-4.52,-1.543,-6.1548,-1.7105,3.7972,-8.7687,-1.0322,-4.3785,1.3936,2.4219,11.773,-3.6248,1.4452,2.4385,4.0346,-2.7333,-3.8543,1.2428,0,13.61,14.149,5.6437,-6.863,-11.855,-7.9342,7.4409,-8.9642,-13.22,-2.3644,-7.5563,2.0186,11.989,-4.393,1.6511,1.5435,3.611,-4.262,-2.6684,3.4999,13.61,0,16.546,1.9581,-6.4482,-11.862,-7.456,9.873,-10.324,-9.2673,-3.6929,-5.6001,3.5583,11.697,-6.0186,0.22261,2.7781,4.6852,-4.0372,-4.059,4.244,14.149,16.546,0,2.5545,-6.4292,-14.793,-7.1211,10.023,-12.836,-9.505,-3.134,-5.9403,-3.9755,2.6138,1.8512,3.5584,4.9523,4.5362,4.3358,1.232,-4.52,5.6437,1.9581,2.5545,0,-6.1962,-1.8599,-6.2372,-1.7779,-1.3392,-5.6528,6.002,-7.2415,3.1644,-7.0182,0.077128,-2.5077,-10.007,-10.407,-1.7387,-2.4793,-1.543,-6.863,-6.4482,-6.4292,-6.1962,0,5.2179,12.332,-0.60986,8.019,6.5441,-3.4835,10.362,-6.5371,-9.2507,5.8457,2.1772,-3.8243,-3.9634,3.3052,6.4291,-6.1548,-11.855,-11.862,-14.793,-1.8599,5.2179,0,7.0028,-8.5254,12.777,10.425,3.1207,4.0168,0.59233,-7.5048,1.6406,-1.7416,-7.9563,-6.2701,-1.6584,0.1563,-1.7105,-7.9342,-7.456,-7.1211,-6.2372,12.332,7.0028,0,-1.9101,7.8396,9.877,-4.2325,8.8928,4.6743,7.8145,-6.5407,-0.34422,-2.1397,0.59922,-8.7473,-6.9513,3.7972,7.4409,9.873,10.023,-1.7779,-0.60986,-8.5254,-1.9101,0,-6.4436,-5.2695,-7.2421,-1.7468,-3.9435,-9.0749,6.6084,2.2876,-6.1719,-7.9098,3.3484,2.8721,-8.7687,-8.9642,-10.324,-12.836,-1.3392,8.019,12.777,7.8396,-6.4436,0,7.0666,2.2861,5.7311,-2.8084,-8.9517,2.5993,-1.8651,-3.5341,-1.8138,1.1623,4.7772,-1.0322,-13.22,-9.2673,-9.505,-5.6528,6.5441,10.425,9.877,-5.2695,7.0666,0,-0.61133,4.9285,-5.7013,-2.2617,3.3814,3.3473,6.0771,1.3485,8.8725,4.3128,-4.3785,-2.3644,-3.6929,-3.134,6.002,-3.4835,3.1207,-4.2325,-7.2421,2.2861,-0.61133,0,-2.4263,3.1521,-7.8552,1.4815,-3.5408,-4.8124,-10.037,0.23174,-1.7952,1.3936,-7.5563,-5.6001,-5.9403,-7.2415,10.362,4.0168,8.8928,-1.7468,5.7311,4.9285,-2.4263,0
