0,7.8058,24.728,13.157,3.5203,-2.3432,2.4859,-7.335,0.73188,1.4353,-10.266,-17.569,-1.5145,-0.35196,-4.7663,-16.207,-1.3625,4.4117,-9.3964,-5.1301,-10.495,11.928,-8.169,-7.2659,-4.1295,-18.848,9.6549,-23.311,6.3141,-4.9674,-0.19802,-6.0546,-3.494,8.7552,-5.2277,-5.5839,2.6597,6.9204,-1.0495,20.457,8.5253,-6.8394,14.938,0.73913,-11.697,-8.2593,2.8663,0.47216,14.359,-2.0406,-17.053,-0.62419,13.982,17.482,1.7129,7.8058,0,2.8275,-3.7438,-17.458,6.3509,-14.678,-6.8521,2.2748,18.988,-13.342,-7.2463,11.25,0.68388,-9.0082,2.6588,-15.588,19.499,-16.422,-2.303,2.2843,8.6992,-13.111,-20.287,-13.631,-5.9491,-11.832,0.29142,30.52,1.5914,1.1294,0.31996,18.191,11.256,12.339,-21.386,12.374,-12.196,-21.807,-1.404,11.575,-4.1879,17,10.683,-20.345,13.317,0.02841,24.146,7.4283,7.2768,3.8553,6.14,6.3477,15.769,-5.246,24.728,2.8275,0,18.933,5.6394,-5.6814,6.0613,-7.7037,5.3487,2.9297,-15.304,-19.049,0.9422,1.1192,-5.0377,-15.095,6.3125,6.7096,-10.282,-6.8147,-6.0755,11.098,-6.5725,-7.5454,-7.8586,-24.688,7.9978,-22.879,2.2808,-6.3927,3.1934,-5.7259,-3.5798,2.437,-14.371,-6.0177,5.4894,3.0081,0.27856,17.005,5.8929,0.68868,16.05,4.0418,-2.7396,-8.6859,2.2388,0.55485,10.807,3.103,-16.346,4.1556,11.798,14.15,11.734,13.157,-3.7438,18.933,0,7.1424,-7.8274,13.022,-3.2538,7.2646,-4.4499,-4.8906,-15.429,-8.0218,0.02933,3.2391,-15.412,2.1591,-1.5341,-2.7028,-5.1891,-11.131,15.296,-9.9761,3.8809,-3.4199,-12.912,16.397,-25.827,-6.9865,-7.1089,0.89255,-4.4933,-5.4721,2.5887,-14.81,1.5216,-1.6797,7.8836,10.084,13.137,7.2248,1.7638,10.338,-1.8678,1.1055,-11.542,9.3821,-2.3789,4.2571,-5.0888,-16.812,-7.089,13.65,11.578,12.252,3.5203,-17.458,5.6394,7.1424,0,0.96086,18.086,1.174,-2.1808,-18.288,3.3208,-4.6728,-14.983,-10.929,12.032,-11.344,13.482,-9.5979,6.975,7.8309,-0.30944,-3.5718,5.437,13.958,16.767,-6.5939,13.906,-5.701,-14.322,5.26,2.5753,5.0676,-37.83,-8.0672,-9.8084,17.105,-8.894,15.962,14.795,12.802,-1.6732,5.6879,-5.6572,-5.0634,5.8281,-17.532,-6.5641,-21.368,-4.7272,-2.4528,-18.168,-2.2583,-4.9758,-10.281,8.7993,-2.3432,6.3509,-5.6814,-7.8274,0.96086,0,2.4761,-11.273,7.357,-1.8544,-5.7151,-6.3562,-5.5194,-24.081,13.319,8.8003,-8.3406,7.9717,1.6246,29.579,15.845,3.8923,-8.0835,1.3719,2.5972,-2.2134,-8.8981,7.2579,3.381,33.81,-2.8181,29.64,1.7457,5.9065,19.059,3.4657,-3.4025,-6.7486,-3.3494,-5.9053,5.214,10.338,3.9263,2.6888,-13.621,3.3777,-21.315,5.98,-15.491,10.037,1.5997,2.3682,-3.3704,-5.4584,-0.65577,2.4859,-14.678,6.0613,13.022,18.086,2.4761,0,-8.5498,11.275,-20.567,0.87561,-7.5287,-21.946,-9.3418,17.538,-3.1328,6.6854,-7.4389,12.708,9.3967,-1.9918,7.2929,-1.8766,15.234,5.2445,-3.8807,14.678,-10.713,-22.735,3.8324,-7.4379,6.2892,-13.554,1.9746,-8.1789,19.351,-16.713,9.1189,25.161,3.7156,-3.6357,9.3617,-0.65951,-11.126,3.2676,-23.074,-4.9967,-11.186,-10.892,-3.2003,-9.9685,-8.707,5.6649,-4.335,9.4852,-7.335,-6.8521,-7.7037,-3.2538,1.174,-11.273,-8.5498,0,-22.852,0.25478,14.014,12.071,3.3446,6.4635,-3.9883,-6.9093,3.1986,-10.081,-1.4939,-8.4396,-3.6678,-16.423,9.9841,5.2522,10.788,6.5472,1.5601,7.4615,-0.90607,-5.8974,12.674,-7.2321,-4.8851,-16.999,-3.5722,0.13162,4.628,6.6659,-0.78654,3.652,0.90037,-6.7623,-12.589,2.669,12.129,5.9716,11.333,-6.9435,5.79,-7.7194,-0.50457,-0.98077,-14.068,-6.1693,-2.5132,0.73188,2.2748,5.3487,7.2646,-2.1808,7.357,11.275,-22.852,0,0.019919,-12.058,-10.772,-3.7138,-5.1846,7.1548,8.3242,-2.2714,9.0896,2.1465,6.9618,5.3174,18.382,-12.83,-0.99334,-13.197,-4.5406,-2.2703,-5.4521,-4.045,4.6865,-8.4134,8.3828,7.1453,9.944,0.16847,0.6679,-3.5508,-9.9765,3.5771,-7.759,0.3294,14.316,11.853,-0.68213,-3.742,-3.2093,-5.9329,8.9055,-10.86,8.2138,2.4643,-0.43165,12.003,4.8983,9.2627,1.4353,18.988,2.9297,-4.4499,-18.288,-1.8544,-20.567,0.25478,0.019919,0,-13.67,-1.752,31.395,7.7822,-17.945,2.7236,-3.5463,21.411,-23.331,-9.734,5.6846,0.90601,-4.9262,-27.995,-17.739,-4.803,-18.14,4.7505,24.502,-3.484,9.4378,-3.9437,19.985,-0.91428,2.6802,-42.599,30.3,-19.272,-31.161,-3.2703,6.8909,-0.45997,11.46,20.89,-3.2847,21.184,2.9079,22.265,9.4565,12.779,7.1645,16.412,-0.21458,10.536,1.5015,-10.266,-13.342,-15.304,-4.8906,3.3208,-5.7151,0.87561,14.014,-12.058,-13.67,0,19.074,-8.3657,4.0056,4.1916,1.0653,-0.18131,-30.791,16.875,-0.58503,-8.2268,-11.421,12.74,16.655,16.395,20.671,8.2898,4.9301,-11.572,-3.9277,-5.2011,-4.6524,-7.8667,-3.4656,1.0038,14.22,-13.236,13.339,11.51,-2.6241,-9.4238,-9.3805,-26.878,-15.48,8.0356,-4.2502,6.4709,-15.232,-2.3751,-20.449,3.5434,-14.797,-5.941,-11.045,-12.091,-17.569,-7.2463,-19.049,-15.429,-4.6728,-6.3562,-7.5287,12.071,-10.772,-1.752,19.074,0,4.3296,10.942,-4.8978,9.8177,3.0091,-11.518,10.34,-4.1906,-0.94126,-19.655,20.72,3.472,5.6642,29.376,-3.247,13.888,-3.7503,-5.4733,-3.5402,-6.5006,1.0623,-6.0179,2.0337,3.9074,-3.7531,0.74304,0.95029,-11.253,-16.883,-7.3436,-25.317,-6.9875,11.097,3.7608,3.0007,-6.3552,-0.91635,-6.7541,15.998,-1.9183,-9.6119,-11.876,-12.505,-1.5145,11.25,0.9422,-8.0218,-14.983,-5.5194,-21.946,3.3446,-3.7138,31.395,-8.3657,4.3296,0,12.513,-24.828,3.8461,2.0287,13.544,-15.651,-12.515,5.1628,-5.6316,2.9577,-25.084,-13.353,-0.7577,-16.92,7.2401,17.872,-6.3986,8.6897,-7.4277,14.63,-4.8055,-0.32298,-26.021,24.638,-15.599,-24.508,-4.2311,0.0089849,-2.2918,4.1926,15.58,2.0312,17.28,2.4208,12.568,10.537,10.932,9.7577,19.185,-3.6153,5.2255,-0.16221,-0.35196,0.68388,1.1192,0.02933,-10.929,-24.081,-9.3418,6.4635,-5.1846,7.7822,4.0056,10.942,12.513,0,-22.404,0.56078,3.0265,-3.0531,-1.8742,-30.011,-11.715,-3.7249,7.96,-8.167,-8.9874,7.4046,0.87615,-2.3177,2.4899,-31.698,-2.0516,-30.559,7.3284,-0.25433,-8.2021,-8.7096,4.9259,-0.79902,-2.8114,-2.239,-8.6811,-13.406,-3.0843,-2.4341,7.8053,2.1403,16.375,0.79973,15.145,-6.668,8.1124,-0.039574,5.0682,7.2486,-5.9505,-4.7663,-9.0082,-5.0377,3.2391,12.032,13.319,17.538,-3.9883,7.1548,-17.945,4.1916,-4.8978,-24.828,-22.404,0,1.4762,-2.6018,-5.8407,11.855,23.733,5.1769,4.1898,-5.3604,21.775,11.4,0.34136,5.1946,0.73644,-13.979,16.757,-3.6787,19.761,-9.2034,0.91047,4.6285,20.071,-14.91,5.0532,13.966,-1.4442,2.6537,11.916,-2.8475,-6.2604,-1.3359,-7.1334,-8.3747,-5.8036,-22.943,-1.4769,-5.2875,-9.4974,-2.3605,-9.8937,4.5603,-16.207,2.6588,-15.095,-15.412,-11.344,8.8003,-3.1328,-6.9093,8.3242,2.7236,1.0653,9.8177,3.8461,0.56078,1.4762,0,-4.4926,3.7416,7.9596,7.0765,10.759,-1.8015,1.9606,-1.9481,-5.9323,14.659,-14.732,14.125,0.19911,5.8447,-10.332,6.7993,12.998,5.0428,12.121,0.57334,-3.5651,-15.274,-3.2128,-41.151,-10.169,5.1672,-4.2705,-2.5468,-0.60773,7.2115,-8.4055,7.6412,-12.853,6.1837,29.452,1.9277,-1.7058,-6.4529,-6.3207,-1.3625,-15.588,6.3125,2.1591,13.482,-8.3406,6.6854,3.1986,-2.2714,-3.5463,-0.18131,3.0091,2.0287,3.0265,-2.6018,-4.4926,0,-3.8398,2.4696,-3.1715,2.4054,-10.638,15.588,1.4235,3.6342,-2.9975,3.8021,-0.97671,-8.7395,-3.8732,5.2407,-3.5588,-12.058,-15.923,-20.482,4.5079,0.83428,3.7359,5.2245,4.837,-10.909,5.6048,-7.0115,0.35734,18.812,-8.228,-4.0221,-12.792,0.70574,4.0234,-4.5283,8.8701,-7.0006,-9.2608,11.116,4.4117,19.499,6.7096,-1.5341,-9.5979,7.9717,-7.4389,-10.081,9.0896,21.411,-30.791,-11.518,13.544,-3.0531,-5.8407,3.7416,-3.8398,0,-19.078,0.95524,12.444,7.6226,-12.113,-20.48,-17.337,-12.265,-17.444,1.9793,18.124,5.7702,6.4859,6.0098,14.69,2.8225,4.8733,-19.675,17.773,-22.397,-20.263,-2.6255,10.054,8.3645,20.898,20.835,-9.0003,12.688,-6.4335,24.831,1.2903,24.528,2.5359,17.539,2.0532,9.066,7.2002,-9.3964,-16.422,-10.282,-2.7028,6.975,1.6246,12.708,-1.4939,2.1465,-23.331,16.875,10.34,-15.651,-1.8742,11.855,7.9596,2.4696,-19.078,0,8.1912,-3.0009,-3.5894,8.9951,18.648,10.161,15.891,8.383,1.4728,-22.059,1.6535,-17.024,2.5126,-8.1172,2.7423,0.75654,27.281,-32.486,8.5802,21.119,-7.5058,-17.09,-0.0021005,-17.095,-26.553,5.4703,-12.825,-3.618,-14.477,-12.745,-10.663,4.4841,-14.078,-0.067008,-13.246,-6.3817,-5.1301,-2.303,-6.8147,-5.1891,7.8309,29.579,9.3967,-8.4396,6.9618,-9.734,-0.58503,-4.1906,-12.515,-30.011,23.733,7.0765,-3.1715,0.95524,8.1912,0,13.744,1.433,-3.8865,9.4122,8.5107,-0.14126,-3.0965,6.3394,-4.9381,33.788,-3.798,33.883,-4.8841,2.1997,11.679,12.232,-9.6128,-1.2924,4.3011,-4.868,1.4133,13.178,-1.5152,-2.0109,-6.3029,-2.254,-21.615,-1.3624,-24.16,5.9892,-0.80609,-1.2358,-5.4498,-11.919,1.6481,-10.495,2.2843,-6.0755,-11.131,-0.30944,15.845,-1.9918,-3.6678,5.3174,5.6846,-8.2268,-0.94126,5.1628,-11.715,5.1769,10.759,2.4054,12.444,-3.0009,13.744,0,-4.6703,-0.84651,-2.8874,-0.80688,-1.7961,-20.595,16.978,3.8653,19.964,6.9922,20.267,4.0018,-7.2156,7.5859,-1.8724,6.2762,-16.421,-8.7879,-9.6168,1.6163,20.297,1.0725,12.866,0.50161,10.762,-19.33,7.3941,-13.979,25.655,6.1964,16.058,-13.522,-10.669,7.6039,11.928,8.6992,11.098,15.296,-3.5718,3.8923,7.2929,-16.423,18.382,0.90601,-11.421,-19.655,-5.6316,-3.7249,4.1898,-1.8015,-10.638,7.6226,-3.5894,1.433,-4.6703,0,-26.819,-2.336,-12.011,-9.8346,4.1235,-15.674,1.2197,0.069109,-6.7377,2.2941,6.3662,18.111,1.0975,-3.1065,-1.8508,-2.5038,2.2576,2.0025,9.8527,2.7414,21.756,-0.89008,-12.666,-3.9247,2.6805,9.9711,-0.41685,0.23716,-5.0803,-6.5184,24.216,18.307,4.3616,-8.169,-13.111,-6.5725,-9.9761,5.437,-8.0835,-1.8766,9.9841,-12.83,-4.9262,12.74,20.72,2.9577,7.96,-5.3604,1.9606,15.588,-12.113,8.9951,-3.8865,-0.84651,-26.819,0,3.0276,9.4383,11.263,1.6154,7.1941,-6.1392,-5.398,-0.52685,-7.1875,-8.5752,-11.411,-6.1552,6.4086,-3.4933,6.019,3.4622,-1.4986,-20.795,-5.2172,-24.335,-6.3299,14.783,-3.8079,-1.6721,-15.835,1.7596,-4.03,4.6827,2.8786,-11.402,-15.028,-5.2984,-7.2659,-20.287,-7.5454,3.8809,13.958,1.3719,15.234,5.2522,-0.99334,-27.995,16.655,3.472,-25.084,-8.167,21.775,-1.9481,1.4235,-20.48,18.648,9.4122,-2.8874,-2.336,3.0276,0,18.908,6.8728,12.611,0.03934,-24.55,4.768,-3.7279,5.9945,-14.973,-3.5313,-1.3612,30.31,-19.435,14.076,24.173,0.55248,-2.9602,3.2895,-12.687,-13.069,6.749,-10.579,0.2765,-16.009,-12.664,-11.692,-4.916,-16.354,-4.0361,-12.62,0.69809,-4.1295,-13.631,-7.8586,-3.4199,16.767,2.5972,5.2445,10.788,-13.197,-17.739,16.395,5.6642,-13.353,-8.9874,11.4,-5.9323,3.6342,-17.337,10.161,8.5107,-0.80688,-12.011,9.4383,18.908,0,4.4688,8.5515,4.2248,-9.5856,6.7873,2.2468,4.8028,-22.073,-8.3833,1.112,18.124,-10.312,17.396,9.9149,6.1715,-1.8064,-1.8094,-16.7,-7.0668,3.9712,-6.6625,-3.379,-20.533,-5.0812,-8.8431,-7.445,-6.7725,-12.911,-16.898,-3.5259,-18.848,-5.9491,-24.688,-12.912,-6.5939,-2.2134,-3.8807,6.5472,-4.5406,-4.803,20.671,29.376,-0.7577,7.4046,0.34136,14.659,-2.9975,-12.265,15.891,-0.14126,-1.7961,-9.8346,11.263,6.8728,4.4688,0,-2.129,11.72,-6.1387,-2.933,-9.9189,-2.9801,3.4039,0.51437,6.459,6.9913,-9.3867,0.25014,4.224,-16.707,-14.928,-6.1131,-19.925,-11.848,6.2039,2.4297,2.8197,-4.0292,-5.618,-9.2552,19.007,-8.1647,-4.3731,-9.7636,-15.319,9.6549,-11.832,7.9978,16.397,13.906,-8.8981,14.678,1.5601,-2.2703,-18.14,8.2898,-3.247,-16.92,0.87615,5.1946,-14.732,3.8021,-17.444,8.383,-3.0965,-20.595,4.1235,1.6154,12.611,8.5515,-2.129,0,-19.275,-14.174,-8.0846,-5.6965,-7.5451,-16.99,2.6046,-11.65,12.715,-13.437,29.749,21.856,14.297,-1.9397,-7.062,-3.2473,-15.66,2.4726,-25.317,7.9801,-17.798,4.1166,-19.521,-15.506,-16.837,8.4783,2.2568,0.14283,-23.311,0.29142,-22.879,-25.827,-5.701,7.2579,-10.713,7.4615,-5.4521,4.7505,4.9301,13.888,7.2401,-2.3177,0.73644,14.125,-0.97671,1.9793,1.4728,6.3394,16.978,-15.674,7.1941,0.03934,4.2248,11.72,-19.275,0,3.6931,9.6268,5.1168,8.3607,5.363,-9.1936,11.661,-0.78814,4.0265,-10.425,-8.6919,-15.027,-3.2932,4.8405,-10.263,6.2987,4.2349,16.536,-7.3042,3.5674,-8.9883,7.5707,15.482,7.8397,-21.619,-15.272,-4.1625,6.3141,30.52,2.2808,-6.9865,-14.322,3.381,-22.735,-0.90607,-4.045,24.502,-11.572,-3.7503,17.872,2.4899,-13.979,0.19911,-8.7395,18.124,-22.059,-4.9381,3.8653,1.2197,-6.1392,-24.55,-9.5856,-6.1387,-14.174,3.6931,0,0.58487,7.0663,-1.6822,13.63,3.4255,9.149,-26.713,19.743,-11.122,-35.578,0.91819,10.313,-5.2668,11.46,15.888,-12.711,17.019,-0.059718,17.557,11.146,8.924,3.1761,11.985,-0.059339,10.766,-4.5715,-4.9674,1.5914,-6.3927,-7.1089,5.26,33.81,3.8324,-5.8974,4.6865,-3.484,-3.9277,-5.4733,-6.3986,-31.698,16.757,5.8447,-3.8732,5.7702,1.6535,33.788,19.964,0.069109,-5.398,4.768,6.7873,-2.933,-8.0846,9.6268,0.58487,0,2.0993,43.186,-2.2637,-0.72727,13.544,5.7407,-2.4511,-4.9444,-1.8275,-3.9792,5.8341,14.616,1.0778,4.7363,-7.1742,3.4495,-21.649,2.6189,-18.405,10.944,-0.80117,3.8331,-9.043,-10.33,3.2855,-0.19802,1.1294,3.1934,0.89255,2.5753,-2.8181,-7.4379,12.674,-8.4134,9.4378,-5.2011,-3.5402,8.6897,-2.0516,-3.6787,-10.332,5.2407,6.4859,-17.024,-3.798,6.9922,-6.7377,-0.52685,-3.7279,2.2468,-9.9189,-5.6965,5.1168,7.0663,2.0993,0,1.3927,-1.9232,-19.791,-4.5229,-8.7181,19.693,-2.7866,-9.9398,8.0874,12.333,5.0873,2.9774,23.326,5.6934,10.697,2.0801,2.6852,4.8237,8.5179,-6.8145,13.042,-13.45,-1.0909,11.43,-6.0546,0.31996,-5.7259,-4.4933,5.0676,29.64,6.2892,-7.2321,8.3828,-3.9437,-4.6524,-6.5006,-7.4277,-30.559,19.761,6.7993,-3.5588,6.0098,2.5126,33.883,20.267,2.2941,-7.1875,5.9945,4.8028,-2.9801,-7.5451,8.3607,-1.6822,43.186,1.3927,0,-1.3383,-0.46647,11.323,6.4444,-3.1694,-6.1418,0.014052,-5.4932,5.6818,19.324,2.1037,4.3571,-5.452,2.8022,-19.434,3.454,-23.201,11.404,-0.3602,2.8412,-7.1342,-9.5941,5.9153,-3.494,18.191,-3.5798,-5.4721,-37.83,1.7457,-13.554,-4.8851,7.1453,19.985,-7.8667,1.0623,14.63,7.3284,-9.2034,12.998,-12.058,14.69,-8.1172,-4.8841,4.0018,6.3662,-8.5752,-14.973,-22.073,3.4039,-16.99,5.363,13.63,-2.2637,-1.9232,-1.3383,0,8.0546,9.2403,-17.694,9.9478,-23.179,-15.155,-14.31,2.9358,-0.34508,9.2785,7.5884,-6.123,17.649,3.2923,29.743,1.6063,7.0717,17.082,4.6776,5.5555,10.341,-3.8802,8.7552,11.256,2.437,2.5887,-8.0672,5.9065,1.9746,-16.999,9.944,-0.91428,-3.4656,-6.0179,-4.8055,-0.25433,0.91047,5.0428,-15.923,2.8225,2.7423,2.1997,-7.2156,18.111,-11.411,-3.5313,-8.3833,0.51437,2.6046,-9.1936,3.4255,-0.72727,-19.791,-0.46647,8.0546,0,9.0805,-1.1067,-7.5046,-0.90415,1.0857,-3.0388,1.0466,-6.3719,9.1189,-8.8725,-19.928,-4.087,0.28516,7.0347,0.68138,-4.6935,2.5221,-9.8357,22.596,12.807,-9.8909,-5.2277,12.339,-14.371,-14.81,-9.8084,19.059,-8.1789,-3.5722,0.16847,2.6802,1.0038,2.0337,-0.32298,-8.2021,4.6285,12.121,-20.482,4.8733,0.75654,11.679,7.5859,1.0975,-6.1552,-1.3612,1.112,6.459,-11.65,11.661,9.149,13.544,-4.5229,11.323,9.2403,9.0805,0,-1.455,-1.4582,-7.2556,-8.1808,-10.361,4.6046,-1.041,0.56843,1.0485,-15.849,10.936,-7.1213,9.7091,-7.1032,2.4191,9.5075,-1.6587,-2.6743,-1.7379,-12.845,-5.5839,-21.386,-6.0177,1.5216,17.105,3.4657,19.351,0.13162,0.6679,-42.599,14.22,3.9074,-26.021,-8.7096,20.071,0.57334,4.5079,-19.675,27.281,12.232,-1.8724,-3.1065,6.4086,30.31,18.124,6.9913,12.715,-0.78814,-26.713,5.7407,-8.7181,6.4444,-17.694,-1.1067,-1.455,0,-28.566,14.177,27.17,-0.18719,-8.6469,3.2473,-14.105,-18.35,5.2623,-16.565,-5.2191,-20.452,-13.745,-9.5162,-3.9944,-13.282,-2.7662,-15.283,-0.81331,2.6597,12.374,5.4894,-1.6797,-8.894,-3.4025,-16.713,4.628,-3.5508,30.3,-13.236,-3.7531,24.638,4.9259,-14.91,-3.5651,0.83428,17.773,-32.486,-9.6128,6.2762,-1.8508,-3.4933,-19.435,-10.312,-9.3867,-13.437,4.0265,19.743,-2.4511,19.693,-3.1694,9.9478,-7.5046,-1.4582,-28.566,0,-12.533,-25.012,2.5864,10.243,1.4168,10.197,31.793,0.042617,17.998,3.0601,13.951,10.553,13.287,0.74274,19.918,-4.5306,7.6035,6.3863,6.9204,-12.196,3.0081,7.8836,15.962,-6.7486,9.1189,6.6659,-9.9765,-19.272,13.339,0.74304,-15.599,-0.79902,5.0532,-15.274,3.7359,-22.397,8.5802,-1.2924,-16.421,-2.5038,6.019,14.076,17.396,0.25014,29.749,-10.425,-11.122,-4.9444,-2.7866,-6.1418,-23.179,-0.90415,-7.2556,14.177,-12.533,0,16.499,15.506,-2.0277,-9.9141,-8.4979,-14.094,2.2778,-18.292,5.6885,-24.524,4.4514,-20.909,-14.841,-14.332,1.4167,-2.5091,-3.7715,-1.0495,-21.807,0.27856,10.084,14.795,-3.3494,25.161,-0.78654,3.5771,-31.161,11.51,0.95029,-24.508,-2.8114,13.966,-3.2128,5.2245,-20.263,21.119,4.3011,-8.7879,2.2576,3.4622,24.173,9.9149,4.224,21.856,-8.6919,-35.578,-1.8275,-9.9398,0.014052,-15.155,1.0857,-8.1808,27.17,-25.012,16.499,0,2.6129,-7.7977,1.254,-8.5713,-21.124,7.0185,-23.711,1.7733,-18.542,-7.5906,-13.654,-6.5061,-17.858,4.3751,-6.1301,1.9178,20.457,-1.404,17.005,13.137,12.802,-5.9053,3.7156,3.652,-7.759,-3.2703,-2.6241,-11.253,-4.2311,-2.239,-1.4442,-41.151,4.837,-2.6255,-7.5058,-4.868,-9.6168,2.0025,-1.4986,0.55248,6.1715,-16.707,14.297,-15.027,0.91819,-3.9792,8.0874,-5.4932,-14.31,-3.0388,-10.361,-0.18719,2.5864,15.506,2.6129,0,8.9172,-5.4276,4.9129,1.803,-2.0739,-9.0283,4.5023,-8.1518,12.736,-4.8003,-32.894,-0.73792,2.3052,6.1306,5.0702,8.5253,11.575,5.8929,7.2248,-1.6732,5.214,-3.6357,0.90037,0.3294,6.8909,-9.4238,-16.883,0.0089849,-8.6811,2.6537,-10.169,-10.909,10.054,-17.09,1.4133,1.6163,9.8527,-20.795,-2.9602,-1.8064,-14.928,-1.9397,-3.2932,10.313,5.8341,12.333,5.6818,2.9358,1.0466,4.6046,-8.6469,10.243,-2.0277,-7.7977,8.9172,0,2.5562,16.189,13.936,-10.599,7.8528,3.3865,10.534,3.218,3.8865,-10.311,1.2745,1.2434,10.321,5.956,-6.8394,-4.1879,0.68868,1.7638,5.6879,10.338,9.3617,-6.7623,14.316,-0.45997,-9.3805,-7.3436,-2.2918,-13.406,11.916,5.1672,5.6048,8.3645,-0.0021005,13.178,20.297,2.7414,-5.2172,3.2895,-1.8094,-6.1131,-7.062,4.8405,-5.2668,14.616,5.0873,19.324,-0.34508,-6.3719,-1.041,3.2473,1.4168,-9.9141,1.254,-5.4276,2.5562,0,4.1572,7.9245,4.3219,1.6384,-12.814,3.8025,-18.325,17.39,-0.45253,7.9943,-5.4799,-7.4374,20.375,14.938,17,16.05,10.338,-5.6572,3.9263,-0.65951,-12.589,11.853,11.46,-26.878,-25.317,4.1926,-3.0843,-2.8475,-4.2705,-7.0115,20.898,-17.095,-1.5152,1.0725,21.756,-24.335,-12.687,-16.7,-19.925,-3.2473,-10.263,11.46,1.0778,2.9774,2.1037,9.2785,9.1189,0.56843,-14.105,10.197,-8.4979,-8.5713,4.9129,16.189,4.1572,0,11.046,-13.031,3.3923,0.46961,17.346,4.8389,9.2999,-5.8972,5.0428,12.772,21.381,8.1947,0.73913,10.683,4.0418,-1.8678,-5.0634,2.6888,-11.126,2.669,-0.68213,20.89,-15.48,-6.9875,15.58,-2.4341,-6.2604,-2.5468,0.35734,20.835,-26.553,-2.0109,12.866,-0.89008,-6.3299,-13.069,-7.0668,-11.848,-15.66,6.2987,15.888,4.7363,23.326,4.3571,7.5884,-8.8725,1.0485,-18.35,31.793,-14.094,-21.124,1.803,13.936,7.9245,11.046,0,-0.99468,18.163,-2.009,14.227,3.4453,19.429,-0.93243,21.206,-7.5657,3.6794,10.501,-11.697,-20.345,-2.7396,1.1055,5.8281,-13.621,3.2676,12.129,-3.742,-3.2847,8.0356,11.097,2.0312,7.8053,-1.3359,-0.60773,18.812,-9.0003,5.4703,-6.3029,0.50161,-12.666,14.783,6.749,3.9712,6.2039,2.4726,4.2349,-12.711,-7.1742,5.6934,-5.452,-6.123,-19.928,-15.849,5.2623,0.042617,2.2778,7.0185,-2.0739,-10.599,4.3219,-13.031,-0.99468,0,-2.0546,4.4982,-10.055,-1.9343,-1.4195,2.1908,2.2408,-9.2312,-10.783,7.7904,-8.2593,13.317,-8.6859,-11.542,-17.532,3.3777,-23.074,5.9716,-3.2093,21.184,-4.2502,3.7608,17.28,2.1403,-7.1334,7.2115,-8.228,12.688,-12.825,-2.254,10.762,-3.9247,-3.8079,-10.579,-6.6625,2.4297,-25.317,16.536,17.019,3.4495,10.697,2.8022,17.649,-4.087,10.936,-16.565,17.998,-18.292,-23.711,-9.0283,7.8528,1.6384,3.3923,18.163,-2.0546,0,1.2599,18.584,0.96938,9.9848,11.656,10.512,-8.4231,1.5164,-1.8065,2.8663,0.02841,2.2388,9.3821,-6.5641,-21.315,-4.9967,11.333,-5.9329,2.9079,6.4709,3.0007,2.4208,16.375,-8.3747,-8.4055,-4.0221,-6.4335,-3.618,-21.615,-19.33,2.6805,-1.6721,0.2765,-3.379,2.8197,7.9801,-7.3042,-0.059718,-21.649,2.0801,-19.434,3.2923,0.28516,-7.1213,-5.2191,3.0601,5.6885,1.7733,4.5023,3.3865,-12.814,0.46961,-2.009,4.4982,1.2599,0,0.35002,13.51,-14.557,-1.2218,-9.2129,6.8911,11.5,-2.923,0.47216,24.146,0.55485,-2.3789,-21.368,5.98,-11.186,-6.9435,8.9055,22.265,-15.232,-6.3552,12.568,0.79973,-5.8036,7.6412,-12.792,24.831,-14.477,-1.3624,7.3941,9.9711,-15.835,-16.009,-20.533,-4.0292,-17.798,3.5674,17.557,2.6189,2.6852,3.454,29.743,7.0347,9.7091,-20.452,13.951,-24.524,-18.542,-8.1518,10.534,3.8025,17.346,14.227,-10.055,18.584,0.35002,0,0.90638,12.267,8.4561,7.6221,4.8165,12.227,1.186,14.359,7.4283,10.807,4.2571,-4.7272,-15.491,-10.892,5.79,-10.86,9.4565,-2.3751,-0.91635,10.537,15.145,-22.943,-12.853,0.70574,1.2903,-12.745,-24.16,-13.979,-0.41685,1.7596,-12.664,-5.0812,-5.618,4.1166,-8.9883,11.146,-18.405,4.8237,-23.201,1.6063,0.68138,-7.1032,-13.745,10.553,4.4514,-7.5906,12.736,3.218,-18.325,4.8389,3.4453,-1.9343,0.96938,13.51,0.90638,0,-5.1943,-5.1,2.582,5.6341,14.745,-4.1982,-2.0406,7.2768,3.103,-5.0888,-2.4528,10.037,-3.2003,-7.7194,8.2138,12.779,-20.449,-6.7541,10.932,-6.668,-1.4769,6.1837,4.0234,24.528,-10.663,5.9892,25.655,0.23716,-4.03,-11.692,-8.8431,-9.2552,-19.521,7.5707,8.924,10.944,8.5179,11.404,7.0717,-4.6935,2.4191,-9.5162,13.287,-20.909,-13.654,-4.8003,3.8865,17.39,9.2999,19.429,-1.4195,9.9848,-14.557,12.267,-5.1943,0,3.1944,26.294,-5.8673,-1.5667,11.822,-17.053,3.8553,-16.346,-16.812,-18.168,1.5997,-9.9685,-0.50457,2.4643,7.1645,3.5434,15.998,9.7577,8.1124,-5.2875,29.452,-4.5283,2.5359,4.4841,-0.80609,6.1964,-5.0803,4.6827,-4.916,-7.445,19.007,-15.506,15.482,3.1761,-0.80117,-6.8145,-0.3602,17.082,2.5221,9.5075,-3.9944,0.74274,-14.841,-6.5061,-32.894,-10.311,-0.45253,-5.8972,-0.93243,2.1908,11.656,-1.2218,8.4561,-5.1,3.1944,0,2.464,-2.5265,-3.7844,-9.307,-0.62419,6.14,4.1556,-7.089,-2.2583,2.3682,-8.707,-0.98077,-0.43165,16.412,-14.797,-1.9183,19.185,-0.039574,-9.4974,1.9277,8.8701,17.539,-14.078,-1.2358,16.058,-6.5184,2.8786,-16.354,-6.7725,-8.1647,-16.837,7.8397,11.985,3.8331,13.042,2.8412,4.6776,-9.8357,-1.6587,-13.282,19.918,-14.332,-17.858,-0.73792,1.2745,7.9943,5.0428,21.206,2.2408,10.512,-9.2129,7.6221,2.582,26.294,2.464,0,-9.1785,-1.6578,8.4698,13.982,6.3477,11.798,13.65,-4.9758,-3.3704,5.6649,-14.068,12.003,-0.21458,-5.941,-9.6119,-3.6153,5.0682,-2.3605,-1.7058,-7.0006,2.0532,-0.067008,-5.4498,-13.522,24.216,-11.402,-4.0361,-12.911,-4.3731,8.4783,-21.619,-0.059339,-9.043,-13.45,-7.1342,5.5555,22.596,-2.6743,-2.7662,-4.5306,1.4167,4.3751,2.3052,1.2434,-5.4799,12.772,-7.5657,-9.2312,-8.4231,6.8911,4.8165,5.6341,-5.8673,-2.5265,-9.1785,0,20.971,-1.637,17.482,15.769,14.15,11.578,-10.281,-5.4584,-4.335,-6.1693,4.8983,10.536,-11.045,-11.876,5.2255,7.2486,-9.8937,-6.4529,-9.2608,9.066,-13.246,-11.919,-10.669,18.307,-15.028,-12.62,-16.898,-9.7636,2.2568,-15.272,10.766,-10.33,-1.0909,-9.5941,10.341,12.807,-1.7379,-15.283,7.6035,-2.5091,-6.1301,6.1306,10.321,-7.4374,21.381,3.6794,-10.783,1.5164,11.5,12.227,14.745,-1.5667,-3.7844,-1.6578,20.971,0,-0.15407,1.7129,-5.246,11.734,12.252,8.7993,-0.65577,9.4852,-2.5132,9.2627,1.5015,-12.091,-12.505,-0.16221,-5.9505,4.5603,-6.3207,11.116,7.2002,-6.3817,1.6481,7.6039,4.3616,-5.2984,0.69809,-3.5259,-15.319,0.14283,-4.1625,-4.5715,3.2855,11.43,5.9153,-3.8802,-9.8909,-12.845,-0.81331,6.3863,-3.7715,1.9178,5.0702,5.956,20.375,8.1947,10.501,7.7904,-1.8065,-2.923,1.186,-4.1982,11.822,-9.307,8.4698,-1.637,-0.15407,0
