0,5.3348,-11.719,-0.55017,-1.202,-1.7116,2.0805,0.22355,0.52581,2.8323,1.3632,1.879,1.5621,8.4546,-3.8406,-0.070168,2.2186,-8.5714,-3.73,5.316,-6.7114,5.3348,0,-7.9913,0.76458,0.69781,0.61382,-4.6208,3.0132,0.94664,4.1526,3.93,3.6019,0.62197,2.7658,-4.436,-1.2497,3.5393,-10.895,-4.1387,-0.71987,-1.746,-11.719,-7.9913,0,2.045,-0.85619,-1.0586,1.0181,-0.53995,-2.2455,-2.4825,-0.99102,-1.0163,-3.1392,-4.7018,4.4903,0.35948,-1.3837,10.173,3.4022,-2.2606,3.621,-0.55017,0.76458,2.045,0,-7.4374,-8.105,0.0752,3.6898,-5.9325,2.276,4.6306,5.1853,-8.73,3.5271,-2.7544,2.0188,3.6432,-1.33,-2.0877,3.494,-1.2943,-1.202,0.69781,-0.85619,-7.4374,0,12.237,1.1811,0.054677,4.8132,-1.7856,-4.2649,-4.38,6.2171,-6.9535,2.8022,-3.0972,-4.8927,1.1026,2.4462,-3.8097,4.2558,-1.7116,0.61382,-1.0586,-8.105,12.237,0,-0.20993,-2.123,9.0491,-1.089,-4.2923,-2.6132,8.8733,-7.7963,1.5237,-2.2256,-5.6067,-0.080171,-0.29688,-7.7821,1.1927,2.0805,-4.6208,1.0181,0.0752,1.1811,-0.20993,0,-1.6996,-2.0378,-0.68428,-3.2224,-3.9238,0.52298,-0.25978,0.75917,0.55369,-2.5521,2.0995,0.83687,5.0743,-3.909,0.22355,3.0132,-0.53995,3.6898,0.054677,-2.123,-1.6996,0,-0.77289,-1.6624,1.218,-0.90349,-2.5139,2.5236,1.6985,-4.1016,0.21591,0.23842,4.5753,-0.16693,1.5947,0.52581,0.94664,-2.2455,-5.9325,4.8132,9.0491,-2.0378,-0.77289,0,-2.338,-3.9027,-1.2917,6.2722,-2.1431,0.94103,-0.37422,-4.6408,-1.0793,-1.1412,-5.6875,-1.2614,2.8323,4.1526,-2.4825,2.276,-1.7856,-1.089,-0.68428,-1.6624,-2.338,0,8.9111,6.4858,0.14922,2.2254,-2.2136,-1.8832,5.7049,-5.8058,-5.1489,1.1895,-3.3255,1.3632,3.93,-0.99102,4.6306,-4.2649,-4.2923,-3.2224,1.218,-3.9027,8.9111,0,7.4378,-4.476,2.9692,-2.4379,-1.3817,8.1871,-3.7982,-3.8536,2.1156,-1.2316,1.879,3.6019,-1.0163,5.1853,-4.38,-2.6132,-3.9238,-0.90349,-1.2917,6.4858,7.4378,0,-2.8245,2.7027,-2.5391,0.78043,3.9966,-4.6973,-7.3603,0.35858,-2.7644,1.5621,0.62197,-3.1392,-8.73,6.2171,8.8733,0.52298,-2.5139,6.2722,0.14922,-4.476,-2.8245,0,-2.9986,0.16555,-0.66922,-3.7675,-1.6126,0.9112,-3.9889,-0.46491,8.4546,2.7658,-4.7018,3.5271,-6.9535,-7.7963,-0.25978,2.5236,-2.1431,2.2254,2.9692,2.7027,-2.9986,0,-2.887,0.67812,3.8323,-4.4754,-1.7744,6.4644,-3.9356,-3.8406,-4.436,4.4903,-2.7544,2.8022,1.5237,0.75917,1.6985,0.94103,-2.2136,-2.4379,-2.5391,0.16555,-2.887,0,-5.8419,-2.3944,7.6662,5.6173,-3.2541,2.0375,-0.070168,-1.2497,0.35948,2.0188,-3.0972,-2.2256,0.55369,-4.1016,-0.37422,-1.8832,-1.3817,0.78043,-0.66922,0.67812,-5.8419,0,-1.106,-1.4284,-2.2481,3.74,0.39052,2.2186,3.5393,-1.3837,3.6432,-4.8927,-5.6067,-2.5521,0.21591,-4.6408,5.7049,8.1871,3.9966,-3.7675,3.8323,-2.3944,-1.106,0,-2.7269,-2.8704,2.4639,-0.2064,-8.5714,-10.895,10.173,-1.33,1.1026,-0.080171,2.0995,0.23842,-1.0793,-5.8058,-3.7982,-4.6973,-1.6126,-4.4754,7.6662,-1.4284,-2.7269,0,7.7298,-1.9531,4.0379,-3.73,-4.1387,3.4022,-2.0877,2.4462,-0.29688,0.83687,4.5753,-1.1412,-5.1489,-3.8536,-7.3603,0.9112,-1.7744,5.6173,-2.2481,-2.8704,7.7298,0,-0.64655,4.936,5.316,-0.71987,-2.2606,3.494,-3.8097,-7.7821,5.0743,-0.16693,-5.6875,1.1895,2.1156,0.35858,-3.9889,6.4644,-3.2541,3.74,2.4639,-1.9531,-0.64655,0,-2.2936,-6.7114,-1.746,3.621,-1.2943,4.2558,1.1927,-3.909,1.5947,-1.2614,-3.3255,-1.2316,-2.7644,-0.46491,-3.9356,2.0375,0.39052,-0.2064,4.0379,4.936,-2.2936,0
