0,2.1905,14.102,25.338,-1.7224,-3.481,3.8735,-6.2074,-9.3537,-1.8545,0.12995,1.1028,-4.4272,10.718,5.3609,4.7317,11.092,-18.524,15.276,-6.5012,-11.37,-4.8384,-0.37915,-9.8749,-11.447,-5.5133,-3.6374,-20.7,0.95982,-7.2917,7.3777,5.3438,-29.481,2.7191,-13.333,-1.0987,-3.1298,5.2645,10.322,-15.048,-8.2155,4.9997,-4.1568,-6.6991,1.15,2.5105,32.463,9.0688,-17.568,-6.7461,7.2161,-1.9428,7.9975,-7.2258,4.468,2.1905,0,-6.7624,1.9627,-11.013,-1.6091,-4.2852,-3.4865,-11.425,-3.8035,-22.47,-9.1641,6.9534,-1.4112,17.182,-11.468,4.182,0.048099,-7.5481,-5.7795,-9.4481,2.3122,17.714,-3.1543,1.0757,-0.63064,10.666,-2.5802,-3.4842,-6.56,6.8194,-15.325,-4.2481,-4.0238,4.583,-14.583,16.41,8.9402,-7.0407,10.375,-8.8593,1.33,1.2879,7.6028,1.8022,7.4788,-3.7606,3.6096,0.41506,6.4775,6.8876,3.0811,-13.605,-14.432,13.825,14.102,-6.7624,0,11.21,-4.3183,9.6007,19.838,-16.997,6.5159,-9.1259,15.155,10.765,-2.2542,5.7659,-6.5933,20.986,2.6431,-8.2131,21.963,0.99095,-4.6991,0.87904,-8.6361,-13.28,-14.443,3.2671,2.8693,-7.5131,-2.0978,-10.602,-5.0443,13.738,-6.5333,-5.3843,-38.036,9.2916,-24.2,5.9791,5.5698,-13.065,6.9076,-6.6616,-16.652,-28.515,7.5099,5.4404,14.583,-5.4194,-19.663,-15.979,-0.50797,-18.095,8.4772,11.032,0.88062,25.338,1.9627,11.21,0,-4.8988,-4.4216,4.1702,-5.7442,-8.436,-7.4151,-2.6347,7.9246,0.5625,15.15,8.9152,7.1265,1.7375,-7.7217,19.793,-17.678,-21.559,-2.3298,-4.9317,-9.3045,-13.496,0.57706,0.60241,-16.059,8.8267,-12.69,2.938,-1.1544,-14.722,-2.0738,-9.7571,-0.2445,-1.6458,9.9107,5.6713,-8.9661,-1.4672,11.302,-5.6,-5.8948,9.0116,-4.6815,26.422,4.9242,-25.07,1.3221,-1.8818,-1.7291,2.4014,-7.7238,7.77,-1.7224,-11.013,-4.3183,-4.8988,0,-11.209,-7.1527,10.311,-1.8252,8.5676,2.6834,-2.235,-7.3945,-9.9364,-13.788,-6.1113,4.7365,-1.6594,0.16171,6.6443,7.531,-22.552,0.2275,12.533,9.3827,-0.98967,-12.482,-1.2342,-6.088,11.492,-2.2261,4.633,-3.2429,8.2692,5.1619,5.154,0.18893,-30.866,4.3982,-1.6557,-7.7644,-1.9055,4.4169,3.4246,-15.111,-6.2827,-0.34253,2.4536,5.3775,-0.25847,-0.92301,3.5525,6.3561,-0.020194,-10.211,-3.481,-1.6091,9.6007,-4.4216,-11.209,0,7.2898,-18.752,23.782,-3.7601,9.2903,0.51725,-4.982,-2.8768,-4.6948,7.0152,-8.3371,5.4931,2.1425,4.2373,5.3185,13.602,-8.4284,-1.3091,1.1131,5.1554,8.0633,13.142,-6.0061,-1.0825,-9.3818,9.1181,8.2748,-2.7649,-7.2092,12.049,-14.141,11.455,3.1626,-2.4884,12.487,-12.478,-13.949,-16.422,3.3618,5.0701,-4.4503,-13.987,-0.26351,-13.523,-0.13847,-15.507,4.1489,14.79,-6.2773,3.8735,-4.2852,19.838,4.1702,-7.1527,7.2898,0,-11.151,5.3762,-16.899,13.551,17.733,10.444,4.2342,-6.8136,26.439,1.4645,-3.2799,10.705,4.0611,-4.8453,3.5781,-2.6393,-21.541,-20.333,6.9817,9.69,-6.4716,0.021306,-17.483,-6.3151,4.7697,1.7516,-17.999,-26.413,1.9183,-16.707,3.8274,-7.6323,-1.6917,13.111,-9.0028,-11.872,-15.313,16.273,9.9482,4.5624,-9.0596,-14.557,-6.8425,-5.005,-16.665,-2.486,15.924,9.1709,-6.2074,-3.4865,-16.997,-5.7442,10.311,-18.752,-11.151,0,-9.8245,13.738,-3.4762,-4.5622,1.2557,2.8531,2.7292,-7.4111,3.8693,-2.2002,-11.899,2.3317,6.8315,-3.281,4.368,5.683,3.5752,-11.151,-15.131,-1.9664,8.4508,11.866,11.273,-4.0726,0.74425,8.8439,14.136,-10.191,12.202,-12.993,-1.3088,1.2738,-7.3761,11.614,31.418,24.262,-7.4378,-5.2311,-2.5836,14.29,12.405,10.322,2.0432,26.939,-0.090284,-7.86,-1.985,-9.3537,-11.425,6.5159,-8.436,-1.8252,23.782,5.3762,-9.8245,0,-1.787,14.556,4.3764,-6.2609,-5.9785,-13.26,7.8264,-13.8,10.556,2.7676,5.846,9.9592,7.7261,-15.329,4.73,4.7392,8.319,3.5963,18.877,-4.1065,3.4084,-16.647,10.725,14.825,-1.4609,-3.4893,21.391,-17.787,2.7088,3.0776,-1.6925,17.807,-11.695,-11.606,-14.763,1.31,-1.9835,-7.0707,-18.689,2.5149,-9.8188,-6.8433,-13.692,5.9067,23.299,-13.12,-1.8545,-3.8035,-9.1259,-7.4151,8.5676,-3.7601,-16.899,13.738,-1.787,0,0.63046,-18.895,-16.275,0.065274,0.85736,-10.752,6.0261,-6.7221,-11.348,7.3504,17.689,0.1631,0.86724,10.709,10.642,-21.572,-25.668,3.4456,-0.77626,33.004,12.96,8.1517,-3.9303,34.452,10.463,-1.6741,5.3149,-7.7483,13.863,-8.9102,-12.33,4.5926,17.325,10.375,-23.937,-1.3816,-0.46182,15.096,17.866,-4.4622,14.379,16.468,14.014,-5.9504,-15.757,0.12995,-22.47,15.155,-2.6347,2.6834,9.2903,13.551,-3.4762,14.556,0.63046,0,8.3002,-4.5915,2.3958,-16.846,19.116,0.30041,-4.5612,7.1325,12.119,10.237,3.274,-11.966,-5.2517,-6.7083,-0.93429,-5.2635,0.95664,-0.78081,1.8972,-5.017,23.478,3.1183,0.077685,-14.283,11.232,-29.138,-3.6418,5.0599,-12.383,10.678,-8.4654,-5.0549,-14.219,1.0601,3.6101,4.1124,-5.1361,-2.6021,-16.47,-1.1349,-9.1744,13.172,24.136,-8.651,1.1028,-9.1641,10.765,7.9246,-2.235,0.51725,17.733,-4.5622,4.3764,-18.895,8.3002,0,11.378,5.9947,-5.4352,21.956,-8.0847,4.653,15.658,-5.8929,-9.8983,-0.047823,-10.401,-9.369,-14.358,13.99,7.6828,-4.1591,9.1818,-16.021,-11.816,-1.4355,5.6036,-17.234,-11.072,5.5232,-11.249,2.3379,-7.7317,1.1045,18.87,0.76585,-9.9044,-10.133,21.873,-5.089,4.8743,-10.637,-16.486,3.9189,-21.121,-10.266,-4.6105,10.692,7.1232,-4.4272,6.9534,-2.2542,0.5625,-7.3945,-4.982,10.444,1.2557,-6.2609,-16.275,-4.5915,11.378,0,2.4966,4.1962,5.1431,-0.87832,4.2736,-1.9416,-2.8644,-10.461,2.1398,8.1654,-12.249,-11.007,7.7794,14.301,-5.3406,5.897,-17.21,-1.3962,-16.266,6.3627,-24.408,-1.9255,-12.34,4.6935,1.976,-33.337,15.453,6.6285,0.67932,0.32347,4.326,18.255,4.6539,-4.7278,-3.8732,-5.1571,13.129,-8.5457,-1.1232,-25.837,0.76433,26.277,10.718,-1.4112,5.7659,15.15,-9.9364,-2.8768,4.2342,2.8531,-5.9785,0.065274,2.3958,5.9947,2.4966,0,12.735,10.742,1.1535,-9.214,5.875,-9.0811,-6.9605,10.052,-6.0533,-13.241,-18.13,-9.0042,-5.2488,-10.437,22.788,-5.3489,11.423,1.2273,-5.9118,1.267,-6.1811,-6.1578,-0.90908,10.738,4.2611,-11.616,2.3151,17.48,5.2462,0.73228,9.774,-1.782,16.411,11.022,-8.7941,1.4914,1.5879,6.7011,4.2047,-4.4902,5.6917,5.3609,17.182,-6.5933,8.9152,-13.788,-4.6948,-6.8136,2.7292,-13.26,0.85736,-16.846,-5.4352,4.1962,12.735,0,-5.8426,0.4667,-2.2717,-4.4249,-14.478,-10.435,8.4989,5.3938,-4.3377,-3.7151,-6.9631,1.5905,-4.5877,11.056,-3.9105,13.968,-12.253,-5.1812,1.6665,5.8024,-14.863,15.96,14.451,-0.48215,1.4043,-5.9713,17.19,7.7277,10.642,4.7065,-0.90025,3.9065,11.648,-1.1695,9.8329,5.1432,11.994,-5.9483,-20.214,10.117,4.7317,-11.468,20.986,7.1265,-6.1113,7.0152,26.439,-7.4111,7.8264,-10.752,19.116,21.956,5.1431,10.742,-5.8426,0,-2.674,-3.053,14.564,0.52327,-3.3047,6.2842,-11.875,-16.256,-20.948,4.2679,3.0553,-4.9439,7.1251,-11.405,-5.4574,8.4316,2.3081,-9.9837,-21.963,5.7857,-21.338,5.198,-1.2628,-7.9124,17.25,-2.1119,-9.0023,-15.747,16.016,2.243,8.9627,-6.396,-14.629,-6.5453,-7.2574,-11.378,3.4612,15.861,3.3122,11.092,4.182,2.6431,1.7375,4.7365,-8.3371,1.4645,3.8693,-13.8,6.0261,0.30041,-8.0847,-0.87832,1.1535,0.4667,-2.674,0,-27.321,-2.4707,9.9125,1.7306,-7.4867,15.538,-7.9625,-5.3108,-14.507,-7.5972,-17.516,-7.2256,1.0737,15.858,4.9735,-18.958,4.6791,-6.0462,-11.621,2.8432,-7.8011,2.1183,-6.4185,-18.598,-2.5903,7.0179,3.9301,-8.4177,15.905,7.6416,15.087,-0.34303,-7.4312,19.904,4.4688,4.0061,-5.8321,4.5285,-18.524,0.048099,-8.2131,-7.7217,-1.6594,5.4931,-3.2799,-2.2002,10.556,-6.7221,-4.5612,4.653,4.2736,-9.214,-2.2717,-3.053,-27.321,0,-2.9268,-5.6959,-0.58409,2.9452,-5.7001,11.088,10.355,18.455,11.448,20.121,1.1521,-0.5455,-17.824,-10.164,23.377,-7.2639,10.541,7.4945,1.7638,2.5277,-8.3687,16.617,12.871,-1.8562,-5.6737,0.087705,5.3013,-11.105,-17.176,-17.905,4.5413,10.751,-18.604,-4.1915,-10.679,4.6742,-2.1237,15.276,-7.5481,21.963,19.793,0.16171,2.1425,10.705,-11.899,2.7676,-11.348,7.1325,15.658,-1.9416,5.875,-4.4249,14.564,-2.4707,-2.9268,0,-8.6494,-12.16,-5.2074,-12.727,-6.1613,-10.427,8.4606,2.4815,-8.3211,2.5345,-11.725,-8.5247,5.8581,-7.0842,-5.2031,-16.698,11.858,-14.296,4.6456,5.8526,-9.4169,6.1799,0.67655,-16.695,-19.459,8.7488,-5.5188,17.726,-5.5995,-28.68,-4.7796,-8.2606,-13.212,5.7105,4.5613,1.1277,-6.5012,-5.7795,0.99095,-17.678,6.6443,4.2373,4.0611,2.3317,5.846,7.3504,12.119,-5.8929,-2.8644,-9.0811,-14.478,0.52327,9.9125,-5.6959,-8.6494,0,21.262,-0.88765,5.873,-0.41197,2.8145,-6.1799,-4.9739,2.7493,-13.082,8.7844,1.3838,12.125,2.4417,2.8716,-3.1918,0.051417,-6.2957,-12.816,-0.86804,-1.7319,-1.9066,-17.108,3.2341,-0.89318,-10.086,14.96,-7.092,-0.48289,10.65,-13.284,9.2753,-2.2712,5.203,11.459,-6.3875,-11.37,-9.4481,-4.6991,-21.559,7.531,5.3185,-4.8453,6.8315,9.9592,17.689,10.237,-9.8983,-10.461,-6.9605,-10.435,-3.3047,1.7306,-0.58409,-12.16,21.262,0,3.1283,-1.2544,8.6236,10.396,-8.9008,-11.527,11.415,-6.3808,23.372,1.7296,12.881,6.5024,12.028,5.0716,4.0363,-3.8104,-10.25,5.589,-3.9687,-0.809,-7.6178,7.5797,2.4712,-15.408,3.568,-9.1075,1.1233,21.207,-9.7263,7.5031,3.6696,10.415,8.3399,-18.361,-4.8384,2.3122,0.87904,-2.3298,-22.552,13.602,3.5781,-3.281,7.7261,0.1631,3.274,-0.047823,2.1398,10.052,8.4989,6.2842,-7.4867,2.9452,-5.2074,-0.88765,3.1283,0,-5.0724,-6.3466,-4.7468,-3.7565,3.5425,7.9132,8.6322,-0.88643,3.2104,1.055,9.1854,-1.2829,-0.93605,-2.1668,-2.3459,17.3,-0.64284,-1.619,10.563,2.4764,1.3744,-0.99707,8.2404,3.5887,-3.141,-1.1266,2.9702,-1.9308,1.72,0.83043,-0.20672,4.2789,0.63472,-0.37915,17.714,-8.6361,-4.9317,0.2275,-8.4284,-2.6393,4.368,-15.329,0.86724,-11.966,-10.401,8.1654,-6.0533,5.3938,-11.875,15.538,-5.7001,-12.727,5.873,-1.2544,-5.0724,0,-3.3647,1.2002,-5.012,3.3529,-6.7718,-8.5066,-1.557,9.9372,-9.3657,-5.577,-2.4337,3.8996,-20.658,14.857,-5.1205,-10.15,10.001,-14.878,-3.5749,7.6222,12.241,-4.6057,14.364,-5.6651,7.2388,5.3203,3.8087,10.915,5.7452,-11.111,-9.592,11.718,-9.8749,-3.1543,-13.28,-9.3045,12.533,-1.3091,-21.541,5.683,4.73,10.709,-5.2517,-9.369,-12.249,-13.241,-4.3377,-16.256,-7.9625,11.088,-6.1613,-0.41197,8.6236,-6.3466,-3.3647,0,35.225,2.0606,-5.8316,15.071,-4.8368,17.831,-5.484,-0.89159,5.2192,11.723,19.668,8.725,5.5543,-7.7617,6.3135,3.7762,-3.946,0.40717,2.8221,5.4238,-15.174,-13.527,-9.6523,-2.2662,13.904,3.5607,-2.5562,4.8481,3.3401,-3.1486,-17.106,-11.447,1.0757,-14.443,-13.496,9.3827,1.1131,-20.333,3.5752,4.7392,10.642,-6.7083,-14.358,-11.007,-18.13,-3.7151,-20.948,-5.3108,10.355,-10.427,2.8145,10.396,-4.7468,1.2002,35.225,0,1.2736,-3.0817,16.966,-9.6726,17.453,-4.3122,-1.39,5.4398,10.445,19.369,5.9967,6.9161,-6.8317,4.2098,6.1744,-5.6656,-3.5606,2.5551,5.9212,-17.324,-6.6671,-14.02,-2.7524,17.846,1.6278,1.0883,3.7211,1.3458,-3.0232,-14.45,-5.5133,-0.63064,3.2671,0.57706,-0.98967,5.1554,6.9817,-11.151,8.319,-21.572,-0.93429,13.99,7.7794,-9.0042,-6.9631,4.2679,-14.507,18.455,8.4606,-6.1799,-8.9008,-3.7565,-5.012,2.0606,1.2736,0,19.79,6.0929,-2.8119,-11.878,-30.775,-7.3423,10.433,-18.097,-2.0775,10.136,-5.1688,2.3358,-10.179,12.675,13.821,-7.0435,-18.975,-9.6792,11.321,-6.0789,-6.3745,-28.192,-7.9956,5.6667,-23.561,-16.767,-11.217,8.2063,3.9652,-3.6374,10.666,2.8693,0.60241,-12.482,8.0633,9.69,-15.131,3.5963,-25.668,-5.2635,7.6828,14.301,-5.2488,1.5905,3.0553,-7.5972,11.448,2.4815,-4.9739,-11.527,3.5425,3.3529,-5.8316,-3.0817,19.79,0,3.3395,-3.6351,-19.064,-12.092,-11.393,7.8692,-25.413,-3.9809,-0.047267,-0.71486,10.13,-16.086,15.895,9.916,-7.9234,-14.873,-6.4639,15.637,4.1622,-7.4832,-17.244,-7.4077,4.6425,-9.3919,-14.269,-19.206,4.2928,13.367,-20.7,-2.5802,-7.5131,-16.059,-1.2342,13.142,-6.4716,-1.9664,18.877,3.4456,0.95664,-4.1591,-5.3406,-10.437,-4.5877,-4.9439,-17.516,20.121,-8.3211,2.7493,11.415,7.9132,-6.7718,15.071,16.966,6.0929,3.3395,0,-3.3756,9.6857,-10.679,0.34973,20.87,2.3298,10.754,10.24,-1.3667,1.7427,0.18377,6.7065,8.9672,-5.7859,-2.456,-0.76266,-3.4584,-5.5529,-19.229,-12.17,13.782,0.026144,-5.23,-2.4927,-0.37096,7.5504,-12.723,0.95982,-3.4842,-2.0978,8.8267,-6.088,-6.0061,0.021306,8.4508,-4.1065,-0.77626,-0.78081,9.1818,5.897,22.788,11.056,7.1251,-7.2256,1.1521,2.5345,-13.082,-6.3808,8.6322,-8.5066,-4.8368,-9.6726,-2.8119,-3.6351,-3.3756,0,-3.2438,5.1803,-5.3797,2.6885,-0.69098,2.2244,-4.6512,2.9159,6.9389,-0.7568,-2.8857,6.6471,24.317,7.5572,5.5758,11.426,-10.658,6.555,6.0959,-4.0372,11.462,-7.271,9.8782,-1.2775,-4.2164,4.4158,-7.2917,-6.56,-10.602,-12.69,11.492,-1.0825,-17.483,11.866,3.4084,33.004,1.8972,-16.021,-17.21,-5.3489,-3.9105,-11.405,1.0737,-0.5455,-11.725,8.7844,23.372,-0.88643,-1.557,17.831,17.453,-11.878,-19.064,9.6857,-3.2438,0,5.1811,8.006,1.4597,25.685,13.225,3.1617,3.2468,-10.155,11.626,-5.082,-7.5917,0.88491,12.287,8.0648,-25.405,-4.0177,-5.479,7.0302,22.967,-3.9537,8.2362,11.344,12.302,-1.6922,-22.974,7.3777,6.8194,-5.0443,2.938,-2.2261,-9.3818,-6.3151,11.273,-16.647,12.96,-5.017,-11.816,-1.3962,11.423,13.968,-5.4574,15.858,-17.824,-8.5247,1.3838,1.7296,3.2104,9.9372,-5.484,-4.3122,-30.775,-12.092,-10.679,5.1803,5.1811,0,0.13192,-12.44,10.843,2.6311,-19.213,10.931,0.24981,4.5396,-7.2046,-15.993,10.693,20.085,13.773,-6.0965,6.7287,6.9852,36.63,4.5767,0.006675,20.104,19.541,3.8045,-14.575,3.5374,5.3438,-15.325,13.738,-1.1544,4.633,9.1181,4.7697,-4.0726,10.725,8.1517,23.478,-1.4355,-16.266,1.2273,-12.253,8.4316,4.9735,-10.164,5.8581,12.125,12.881,1.055,-9.3657,-0.89159,-1.39,-7.3423,-11.393,0.34973,-5.3797,8.006,0.13192,0,-4.4154,9.6519,-11.115,11.718,-19.45,-3.2781,16.499,-22.381,0.97358,-7.4207,-3.357,-12.517,-7.7891,4.2237,7.4992,0.69983,-0.14082,-29.741,7.5275,-5.7512,28.46,11.535,-15.478,-29.481,-4.2481,-6.5333,-14.722,-3.2429,8.2748,1.7516,0.74425,14.825,-3.9303,3.1183,5.6036,6.3627,-5.9118,-5.1812,2.3081,-18.958,23.377,-7.0842,2.4417,6.5024,9.1854,-5.577,5.2192,5.4398,10.433,7.8692,20.87,2.6885,1.4597,-12.44,-4.4154,0,-7.502,6.7821,4.799,-2.2056,0.65499,-10.597,12.463,18.752,-4.4875,-1.5281,0.4034,6.0552,-4.1457,-20.567,-15.296,8.3805,5.8709,-13.343,-3.151,-8.0343,12.107,-2.7649,2.7191,-4.0238,-5.3843,-2.0738,8.2692,-2.7649,-17.999,8.8439,-1.4609,34.452,0.077685,-17.234,-24.408,1.267,1.6665,-9.9837,4.6791,-7.2639,-5.2031,2.8716,12.028,-1.2829,-2.4337,11.723,10.445,-18.097,-25.413,2.3298,-0.69098,25.685,10.843,9.6519,-7.502,0,8.1808,1.9088,3.5587,-4.6847,22.704,-13,-12.926,6.1318,11.208,6.1153,-22.938,-4.3837,3.8487,14.244,11.067,-5.8652,13.159,12.84,18.916,-7.5687,-18.119,-13.333,4.583,-38.036,-9.7571,5.1619,-7.2092,-26.413,14.136,-3.4893,10.463,-14.283,-11.072,-1.9255,-6.1811,5.8024,-21.963,-6.0462,10.541,-16.698,-3.1918,5.0716,-0.93605,3.8996,19.668,19.369,-2.0775,-3.9809,10.754,2.2244,13.225,2.6311,-11.115,6.7821,8.1808,0,-4.1544,19.588,-4.6097,-1.4398,10.204,-5.8617,7.5369,13.079,20.631,-8.9732,-9.9695,-13.117,3.8993,18.96,14.171,-0.85991,16.06,-5.0689,-10.677,-4.9885,-1.0987,-14.583,9.2916,-0.2445,5.154,12.049,1.9183,-10.191,21.391,-1.6741,11.232,5.5232,-12.34,-6.1578,-14.863,5.7857,-11.621,7.4945,11.858,0.051417,4.0363,-2.1668,-20.658,8.725,5.9967,10.136,-0.047267,10.24,-4.6512,3.1617,-19.213,11.718,4.799,1.9088,-4.1544,0,-17.562,-0.11152,9.7406,-5.8522,9.9622,-7.1714,-15.596,-18.426,-1.648,-9.1302,0.70648,-14.637,-3.2154,-9.0008,-8.7484,-14.05,10.552,13.098,-16.342,-3.1298,16.41,-24.2,-1.6458,0.18893,-14.141,-16.707,12.202,-17.787,5.3149,-29.138,-11.249,4.6935,-0.90908,15.96,-21.338,2.8432,1.7638,-14.296,-6.2957,-3.8104,-2.3459,14.857,5.5543,6.9161,-5.1688,-0.71486,-1.3667,2.9159,3.2468,10.931,-19.45,-2.2056,3.5587,19.588,-17.562,0,-1.176,-5.341,10.793,-13.469,10.692,14.833,28.52,-4.4185,-2.253,-5.6239,11,8.632,17.326,4.2267,18.853,-10.843,-24.686,6.735,5.2645,8.9402,5.9791,9.9107,-30.866,11.455,3.8274,-12.993,2.7088,-7.7483,-3.6418,2.3379,1.976,10.738,14.451,5.198,-7.8011,2.5277,4.6456,-12.816,-10.25,17.3,-5.1205,-7.7617,-6.8317,2.3358,10.13,1.7427,6.9389,-10.155,0.24981,-3.2781,0.65499,-4.6847,-4.6097,-0.11152,-1.176,0,1.3015,-1.6035,6.9974,4.7337,-7.4247,-6.1324,12.989,0.3465,4.1145,-2.7083,-8.2962,-0.10043,-0.70412,-4.3155,-2.4435,-2.0548,5.9599,10.322,-7.0407,5.5698,5.6713,4.3982,3.1626,-7.6323,-1.3088,3.0776,13.863,5.0599,-7.7317,-33.337,4.2611,-0.48215,-1.2628,2.1183,-8.3687,5.8526,-0.86804,5.589,-0.64284,-10.15,6.3135,4.2098,-10.179,-16.086,0.18377,-0.7568,11.626,4.5396,16.499,-10.597,22.704,-1.4398,9.7406,-5.341,1.3015,0,-24.191,-6.3743,3.9599,0.13297,-5.0706,-11.974,-5.1781,11.909,7.3916,0.18412,-12.41,8.7618,2.2594,31.202,-2.7425,-17.683,-15.048,10.375,-13.065,-8.9661,-1.6557,-2.4884,-1.6917,1.2738,-1.6925,-8.9102,-12.383,1.1045,15.453,-11.616,1.4043,-7.9124,-6.4185,16.617,-9.4169,-1.7319,-3.9687,-1.619,10.001,3.7762,6.1744,12.675,15.895,6.7065,-2.8857,-5.082,-7.2046,-22.381,12.463,-13,10.204,-5.8522,10.793,-1.6035,-24.191,0,2.9418,-3.728,-0.39678,7.7554,4.8858,-0.10266,-20.329,-9.0922,5.0343,15.872,-8.9416,-0.63128,-30.91,-1.332,9.452,-8.2155,-8.8593,6.9076,-1.4672,-7.7644,12.487,13.111,-7.3761,17.807,-12.33,10.678,18.87,6.6285,2.3151,-5.9713,17.25,-18.598,12.871,6.1799,-1.9066,-0.809,10.563,-14.878,-3.946,-5.6656,13.821,9.916,8.9672,6.6471,-7.5917,-15.993,0.97358,18.752,-12.926,-5.8617,9.9622,-13.469,6.9974,-6.3743,2.9418,0,-3.5384,-10.522,-11.214,17.097,-4.0103,-4.1965,-18.823,-5.0301,0.55387,-18.139,-11.806,-3.326,19.063,0.12837,4.9997,1.33,-6.6616,11.302,-1.9055,-12.478,-9.0028,11.614,-11.695,4.5926,-8.4654,0.76585,0.67932,17.48,17.19,-2.1119,-2.5903,-1.8562,0.67655,-17.108,-7.6178,2.4764,-3.5749,0.40717,-3.5606,-7.0435,-7.9234,-5.7859,24.317,0.88491,10.693,-7.4207,-4.4875,6.1318,7.5369,-7.1714,10.692,4.7337,3.9599,-3.728,-3.5384,0,11.705,11.236,2.9551,-12.945,8.7527,13.958,-1.8252,13.185,-1.5671,17.879,0.38701,-15.934,2.8286,-4.1568,1.2879,-16.652,-5.6,4.4169,-13.949,-11.872,31.418,-11.606,17.325,-5.0549,-9.9044,0.32347,5.2462,7.7277,-9.0023,7.0179,-5.6737,-16.695,3.2341,7.5797,1.3744,7.6222,2.8221,2.5551,-18.975,-14.873,-2.456,7.5572,12.287,20.085,-3.357,-1.5281,11.208,13.079,-15.596,14.833,-7.4247,0.13297,-0.39678,-10.522,11.705,0,28.179,-8.3505,-0.28396,-2.0172,20.91,14.391,7.1146,8.6666,36.721,0.63311,-10.758,-0.72356,-6.6991,7.6028,-28.515,-5.8948,3.4246,-16.422,-15.313,24.262,-14.763,10.375,-14.219,-10.133,4.326,0.73228,10.642,-15.747,3.9301,0.087705,-19.459,-0.89318,2.4712,-0.99707,12.241,5.4238,5.9212,-9.6792,-6.4639,-0.76266,5.5758,8.0648,13.773,-12.517,0.4034,6.1153,20.631,-18.426,28.52,-6.1324,-5.0706,7.7554,-11.214,11.236,28.179,0,-6.2737,-1.979,-6.5497,14.14,14.007,15.152,4.722,29.564,-7.0275,-15.794,3.3415,1.15,1.8022,7.5099,9.0116,-15.111,3.3618,16.273,-7.4378,1.31,-23.937,1.0601,21.873,18.255,9.774,4.7065,16.016,-8.4177,5.3013,8.7488,-10.086,-15.408,8.2404,-4.6057,-15.174,-17.324,11.321,15.637,-3.4584,11.426,-25.405,-6.0965,-7.7891,6.0552,-22.938,-8.9732,-1.648,-4.4185,12.989,-11.974,4.8858,17.097,2.9551,-8.3505,-6.2737,0,-0.52363,2.647,-8.3451,-15.268,6.7211,-13.617,-7.751,-11.327,4.9119,15.939,2.5105,7.4788,5.4404,-4.6815,-6.2827,5.0701,9.9482,-5.2311,-1.9835,-1.3816,3.6101,-5.089,4.6539,-1.782,-0.90025,2.243,15.905,-11.105,-5.5188,14.96,3.568,3.5887,14.364,-13.527,-6.6671,-6.0789,4.1622,-5.5529,-10.658,-4.0177,6.7287,4.2237,-4.1457,-4.3837,-9.9695,-9.1302,-2.253,0.3465,-5.1781,-0.10266,-4.0103,-12.945,-0.28396,-1.979,-0.52363,0,-1.4307,1.9858,0.67175,-10.934,14.378,-4.4281,-1.8947,3.8529,7.33,32.463,-3.7606,14.583,26.422,-0.34253,-4.4503,4.5624,-2.5836,-7.0707,-0.46182,4.1124,4.8743,-4.7278,16.411,3.9065,8.9627,7.6416,-17.176,17.726,-7.092,-9.1075,-3.141,-5.6651,-9.6523,-14.02,-6.3745,-7.4832,-19.229,6.555,-5.479,6.9852,7.4992,-20.567,3.8487,-13.117,0.70648,-5.6239,4.1145,11.909,-20.329,-4.1965,8.7527,-2.0172,-6.5497,2.647,-1.4307,0,9.6865,-17.319,-5.6348,3.8054,-0.059394,11.142,-4.633,2.0193,9.0688,3.6096,-5.4194,4.9242,2.4536,-13.987,-9.0596,14.29,-18.689,15.096,-5.1361,-10.637,-3.8732,11.022,11.648,-6.396,15.087,-17.905,-5.5995,-0.48289,1.1233,-1.1266,7.2388,-2.2662,-2.7524,-28.192,-17.244,-12.17,6.0959,7.0302,36.63,0.69983,-15.296,14.244,3.8993,-14.637,11,-2.7083,7.3916,-9.0922,-18.823,13.958,20.91,14.14,-8.3451,1.9858,9.6865,0,3.662,1.176,16.193,22.561,6.1387,-17.086,1.1226,-17.568,0.41506,-19.663,-25.07,5.3775,-0.26351,-14.557,12.405,2.5149,17.866,-2.6021,-16.486,-5.1571,-8.7941,-1.1695,-14.629,-0.34303,4.5413,-28.68,10.65,21.207,2.9702,5.3203,13.904,17.846,-7.9956,-7.4077,13.782,-4.0372,22.967,4.5767,-0.14082,8.3805,11.067,18.96,-3.2154,8.632,-8.2962,0.18412,5.0343,-5.0301,-1.8252,14.391,14.007,-15.268,0.67175,-17.319,3.662,0,1.3519,6.6268,11.623,0.81696,-1.3278,-10.335,-6.7461,6.4775,-15.979,1.3221,-0.25847,-13.523,-6.8425,10.322,-9.8188,-4.4622,-16.47,3.9189,13.129,1.4914,9.8329,-6.5453,-7.4312,10.751,-4.7796,-13.284,-9.7263,-1.9308,3.8087,3.5607,1.6278,5.6667,4.6425,0.026144,11.462,-3.9537,0.006675,-29.741,5.8709,-5.8652,14.171,-9.0008,17.326,-0.10043,-12.41,15.872,0.55387,13.185,7.1146,15.152,6.7211,-10.934,-5.6348,1.176,1.3519,0,-11.186,10.001,-17.869,-10.597,9.7656,7.2161,6.8876,-0.50797,-1.8818,-0.92301,-0.13847,-5.005,2.0432,-6.8433,14.379,-1.1349,-21.121,-8.5457,1.5879,5.1432,-7.2574,19.904,-18.604,-8.2606,9.2753,7.5031,1.72,10.915,-2.5562,1.0883,-23.561,-9.3919,-5.23,-7.271,8.2362,20.104,7.5275,-13.343,13.159,-0.85991,-8.7484,4.2267,-0.70412,8.7618,-8.9416,-18.139,-1.5671,8.6666,4.722,-13.617,14.378,3.8054,16.193,6.6268,-11.186,0,7.138,8.525,-7.2114,-2.2993,-1.9428,3.0811,-18.095,-1.7291,3.5525,-15.507,-16.665,26.939,-13.692,16.468,-9.1744,-10.266,-1.1232,6.7011,11.994,-11.378,4.4688,-4.1915,-13.212,-2.2712,3.6696,0.83043,5.7452,4.8481,3.7211,-16.767,-14.269,-2.4927,9.8782,11.344,19.541,-5.7512,-3.151,12.84,16.06,-14.05,18.853,-4.3155,2.2594,-0.63128,-11.806,17.879,36.721,29.564,-7.751,-4.4281,-0.059394,22.561,11.623,10.001,7.138,0,0.554,-16.664,-0.72527,7.9975,-13.605,8.4772,2.4014,6.3561,4.1489,-2.486,-0.090284,5.9067,14.014,13.172,-4.6105,-25.837,4.2047,-5.9483,3.4612,4.0061,-10.679,5.7105,5.203,10.415,-0.20672,-11.111,3.3401,1.3458,-11.217,-19.206,-0.37096,-1.2775,12.302,3.8045,28.46,-8.0343,18.916,-5.0689,10.552,-10.843,-2.4435,31.202,-30.91,-3.326,0.38701,0.63311,-7.0275,-11.327,-1.8947,11.142,6.1387,0.81696,-17.869,8.525,0.554,0,3.2701,-19.507,-7.2258,-14.432,11.032,-7.7238,-0.020194,14.79,15.924,-7.86,23.299,-5.9504,24.136,10.692,0.76433,-4.4902,-20.214,15.861,-5.8321,4.6742,4.5613,11.459,8.3399,4.2789,-9.592,-3.1486,-3.0232,8.2063,4.2928,7.5504,-4.2164,-1.6922,-14.575,11.535,12.107,-7.5687,-10.677,13.098,-24.686,-2.0548,-2.7425,-1.332,19.063,-15.934,-10.758,-15.794,4.9119,3.8529,-4.633,-17.086,-1.3278,-10.597,-7.2114,-16.664,3.2701,0,-5.4962,4.468,13.825,0.88062,7.77,-10.211,-6.2773,9.1709,-1.985,-13.12,-15.757,-8.651,7.1232,26.277,5.6917,10.117,3.3122,4.5285,-2.1237,1.1277,-6.3875,-18.361,0.63472,11.718,-17.106,-14.45,3.9652,13.367,-12.723,4.4158,-22.974,3.5374,-15.478,-2.7649,-18.119,-4.9885,-16.342,6.735,5.9599,-17.683,9.452,0.12837,2.8286,-0.72356,3.3415,15.939,7.33,2.0193,1.1226,-10.335,9.7656,-2.2993,-0.72527,-19.507,-5.4962,0
