0,-13.976,-0.44506,10.601,-9.1555,-8.7566,-6.1628,-10.315,-5.8358,-7.4697,-5.007,3.0886,7.6121,7.3411,-6.109,-7.5657,1.9995,-9.3352,4.0202,0.11756,2.4011,-3.7185,-13.056,-5.1075,0.39893,1.6732,-2.7518,-0.35111,-13.543,-15.772,0.29555,4.793,9.146,0.35585,-8.4035,-0.60442,17.228,-4.9399,-4.8653,-5.9105,15.083,4.6285,-9.1297,2.0382,15.534,-5.328,25.731,-8.5177,2.1125,3.7636,-0.051315,-5.1423,10.988,1.7785,2.1871,-13.976,0,8.4064,-18.406,-2.9264,8.0479,-1.6171,0.53646,10.409,-6.7961,-5.7683,-4.6298,2.7214,-9.9916,5.6223,-2.9505,6.919,3.8975,-3.9519,-13.003,-3.5998,-6.0768,5.1456,-3.2603,10.334,1.3442,12.407,9.8786,4.3603,14.023,16.991,3.2377,-2.4109,-14.639,6.5376,-9.5159,-19.479,10.36,-7.5182,0.63348,-4.5332,-15.107,3.7123,6.7738,-9.4136,3.7904,-18.655,-2.7794,-12.471,10.461,4.9697,2.5094,-9.615,-0.077007,6.4745,-0.44506,8.4064,0,-11.888,-3.3395,24.275,-6.3174,8.1021,-0.48173,-13.035,-14.314,-12.119,9.5233,12.686,-9.2169,-0.64863,15.949,-2.4788,-16.381,0.22005,-16.161,-18.907,10.171,-4.3254,0.9909,-5.6228,8.1355,-1.1881,-5.0609,-3.337,6.0628,23.903,-16.192,-22.949,-6.6558,-7.0734,-11.342,-5.974,-16.38,10.845,1.8049,-9.7539,8.8447,-0.65361,-5.3476,-3.6339,-5.894,-10.625,-17.617,7.8541,24.828,2.9438,-13.569,15.884,13.281,10.601,-18.406,-11.888,0,-1.8866,-12.678,11.7,-7.3367,-17.816,9.3404,1.7991,-0.85775,-1.631,0.60552,-6.4339,-4.168,-2.8349,-9.2389,2.9413,11.677,18.401,8.6889,-7.7644,0.91582,-13.902,-0.84609,-7.8728,-4.3635,-9.7619,-11.5,-11.154,-2.995,7.8927,14.291,-1.3087,3.2774,18.251,2.918,14.194,-6.3551,10.149,1.5779,-11.486,-14.109,21.044,-12.557,16.739,12.898,16.274,-15.035,-5.3717,-9.4587,18.469,-9.6121,-8.9741,-9.1555,-2.9264,-3.3395,-1.8866,0,3.0111,-0.27666,19.346,3.4325,19.801,12.201,0.36976,2.2991,3.3108,4.6636,11.94,-9.3344,0.71828,1.4453,8.5398,-1.4889,8.8021,17.986,4.9513,-8.8423,-10.844,-9.9803,-14.03,13.936,-0.91724,-17.086,-7.5013,-9.0771,10.249,-7.2655,10.478,-6.0755,-10.997,7.3984,15.309,-5.8152,10.237,9.2866,-3.6016,-7.9701,3.3592,-10.518,5.1813,-1.3737,-4.7682,1.483,7.9986,-3.7432,-5.5675,5.7035,-8.7566,8.0479,24.275,-12.678,3.0111,0,-3.782,18.587,-2.2701,-3.9954,-10.05,-15.353,1.7778,12.873,-4.2904,2.1857,13.448,4.8293,-24.201,6.0549,-18.749,-7.7622,19.156,-3.5406,-4.0098,-10.45,8.9478,-1.6783,-1.2401,-1.3458,1.2786,16.965,-25.581,-11.104,-1.1109,-6.3482,-12.584,-7.8037,-10.239,19.181,-2.6776,-6.8355,19.949,-4.3988,-13.884,-3.5036,-10.395,-4.5944,-9.3385,2.6349,21.869,9.4716,-25.398,13.46,6.6602,-6.1628,-1.6171,-6.3174,11.7,-0.27666,-3.782,0,-3.81,-8.015,8.9845,6.0286,-1.6669,-6.3132,-7.0691,-9.8972,5.1527,-4.8393,-7.1756,0.80207,6.4113,15.527,2.0433,-0.41837,12.28,-8.7683,5.0693,-7.8005,-6.2759,1.136,4.6779,-8.0531,-5.7342,-1.4904,4.2668,2.4321,6.5097,-1.5149,12.989,23.624,-6.7548,-4.3547,-7.6025,-10.182,-17.326,9.6998,-4.787,-1.8856,31.384,6.3689,-25.45,-5.5627,-16.129,9.9478,-5.9691,-9.7255,-10.315,0.53646,8.1021,-7.3367,19.346,18.587,-3.81,0,-1.2335,8.4783,0.39404,-9.0959,1.2303,12.903,1.1393,7.5748,2.4946,5.3501,-11.985,12.541,-12.545,2.6453,32.296,-0.74188,-10.317,-17.626,0.061134,-8.906,5.5303,-3.7654,-9.9251,4.8705,-22.154,1.8182,-4.4015,1.5402,-8.5751,-15.989,-1.9,36.456,-4.1448,3.8151,25.031,-5.7948,-15.667,-1.2593,-10.919,-0.11543,-3.9089,-1.7098,12.661,14.903,-17.351,4.3914,6.3118,-5.8358,10.409,-0.48173,-17.816,3.4325,-2.2701,-8.015,-1.2335,0,-5.2028,9.783,15.27,2.0145,-9.2576,8.3836,8.482,-10.268,3.4909,13.002,-21.704,-5.3821,-5.2979,-0.60662,6.3546,22.469,9.7058,-2.7984,0.94254,19.769,16.897,7.1612,-10.111,1.6883,-6.3525,-1.8695,6.1985,-11.644,0.63253,-4.1488,-3.2862,-13.089,5.2619,-0.64339,23.193,-8.6281,28.252,-11.74,-8.7321,-12.422,11.434,-6.8448,1.2635,-2.2642,1.6842,7.0268,-7.4697,-6.7961,-13.035,9.3404,19.801,-3.9954,8.9845,8.4783,-5.2028,0,10.931,-1.5222,-3.405,-2.0337,4.5455,4.8526,-8.726,-0.063813,1.9628,13.582,9.797,20.654,8.3296,3.5685,-16.525,-9.083,-8.912,-8.5647,6.1473,-2.3999,-19.501,-10.534,-1.2553,23.266,0.15036,7.2178,1.9547,-1.6762,18.984,6.2108,-1.2123,5.9768,2.4751,-11.464,-0.17358,-3.7304,-3.2599,18.215,10.194,-14.044,-3.788,2.8411,3.4695,-15.279,-4.1123,-5.007,-5.7683,-14.314,1.7991,12.201,-10.05,6.0286,0.39404,9.783,10.931,0,19.549,-5.6265,-6.9163,1.9118,20.67,-47.47,-0.64985,18.942,-1.5296,5.1071,4.8634,-0.65717,21.517,1.91,8.6797,-22.977,-12.011,23.306,9.5349,-12.228,-29.808,0.89614,10.092,-3.8883,28.783,-1.9496,-0.93537,16.544,-4.3657,-15.948,14.565,-5.6027,2.2586,-0.076277,15.811,-4.446,7.5896,2.2686,-9.1122,-17.598,-5.1499,8.0343,-4.2552,-3.9103,3.0886,-4.6298,-12.119,-0.85775,0.36976,-15.353,-1.6669,-9.0959,15.27,-1.5222,19.549,0,-4.9685,-8.3368,3.6552,10.354,-24.42,1.0841,29.967,-11.915,2.0754,-0.45274,-12.11,12.927,13.949,19.229,-12.647,-2.583,13.603,10.181,-0.7612,-20.787,8.9374,3.6007,-1.7501,15.652,2.5977,0.56558,4.8835,-13.286,-11.271,15.036,-10.004,13.874,1.6976,23.402,2.2612,-2.7932,0.79514,0.57245,-23.808,-5.9816,9.4392,0.3207,-4.048,7.6121,2.7214,9.5233,-1.631,2.2991,1.7778,-6.3132,1.2303,2.0145,-3.405,-5.6265,-4.9685,0,4.5029,-4.6418,-3.6397,4.9519,-17.364,-0.36274,-2.3735,0.45089,-8.1659,5.2266,-5.1474,-0.36243,-7.1091,-1.5328,-5.2289,-3.5391,-8.97,1.2321,7.651,-1.7004,-7.9287,-18.826,-1.7595,-4.8909,-4.0066,-6.8064,5.6152,11.383,-4.3587,-2.3549,1.2386,6.2339,-4.9872,-1.8852,-6.9806,-16.428,9.3421,12.521,-1.9493,2.8219,-2.8104,31.644,7.3411,-9.9916,12.686,0.60552,3.3108,12.873,-7.0691,12.903,-9.2576,-2.0337,-6.9163,-8.3368,4.5029,0,-9.1014,1.7023,7.609,-1.2157,-12.946,14.33,-13.696,-4.7704,8.4543,-3.7202,-9.8054,-11.706,-0.29098,-8.632,-7.3857,-17.65,-7.8916,14.962,-13.804,-1.7395,-10.309,-0.14035,3.0603,-23.949,-7.6601,15.81,5.1767,4.7055,11.079,-6.2715,-2.2312,-6.9231,5.4796,-7.3799,-2.153,-0.44219,15.245,6.6705,-8.0119,13.298,5.3761,-6.109,5.6223,-9.2169,-6.4339,4.6636,-4.2904,-9.8972,1.1393,8.3836,4.5455,1.9118,3.6552,-4.6418,-9.1014,0,-5.999,-2.0269,16.06,4.4131,-6.4812,-0.68841,15.085,-0.83621,-9.2017,5.8985,-3.2607,7.9557,13.042,5.3522,5.1278,6.2542,-7.6907,9.5871,7.7649,12.075,-6.3052,1.7834,0.87829,-3.3965,1.0277,-0.64884,5.7641,7.2389,12.055,-11.896,5.7011,-3.385,-3.5707,5.0336,9.8429,-5.9166,16.091,-5.661,-9.2802,-2.195,-7.5657,-2.9505,-0.64863,-4.168,11.94,2.1857,5.1527,7.5748,8.482,4.8526,20.67,10.354,-3.6397,1.7023,-5.999,0,-17.427,-1.2335,6.3826,1.3427,-4.2591,-4.445,6.6776,28.232,0.74255,6.2783,-18.738,-19.595,21.594,8.7237,-12.487,-10.167,-11.852,0.64996,-8.5021,27.555,-9.609,-6.0256,8.9744,2.371,-23.024,9.4377,0.33833,-0.63816,-4.3296,14.717,-9.2949,3.9128,-5.1104,-9.0371,-5.2763,-4.377,-0.078348,6.6055,0.4425,1.9995,6.919,15.949,-2.8349,-9.3344,13.448,-4.8393,2.4946,-10.268,-8.726,-47.47,-24.42,4.9519,7.609,-2.0269,-17.427,0,1.4919,-24.186,3.2924,-6.0662,-4.3334,3.8002,-19.824,-3.6504,-10.795,23.328,10.432,-19.857,-8.7336,10.391,31.877,-3.7083,-9.91,4.1633,-27.605,-0.20862,0.42445,-15.081,6.9829,13.503,-15.705,8.1069,-4.0644,-1.9318,-16.41,1.8291,-5.8715,-2.6556,7.5106,20.763,6.398,-10.605,4.4791,4.0609,-9.3352,3.8975,-2.4788,-9.2389,0.71828,4.8293,-7.1756,5.3501,3.4909,-0.063813,-0.64985,1.0841,-17.364,-1.2157,16.06,-1.2335,1.4919,0,-3.9727,-1.2551,-10.408,8.2136,0.66898,-5.0448,4.3275,-0.97272,11.123,11.835,3.6524,6.8045,5.2914,-1.7832,0.078563,3.6136,18.804,-6.1327,1.0263,-2.3008,-5.4132,3.1347,-7.4575,5.1503,14.839,7.0069,-21.526,6.2588,-2.5893,-3.992,7.4208,4.0526,-3.4908,17.743,-15.685,4.2053,-10.229,4.0202,-3.9519,-16.381,2.9413,1.4453,-24.201,0.80207,-11.985,13.002,1.9628,18.942,29.967,-0.36274,-12.946,4.4131,6.3826,-24.186,-3.9727,0,-11.786,9.3762,2.232,-12.196,10.363,10.5,15.007,-14.056,-2.6573,11.417,7.8573,-1.3576,-24.4,13.734,5.8031,-3.1647,13.869,3.1457,4.1836,8.1723,-14.96,-5.6904,10.798,-15.489,10.763,6.5955,14.779,2.1992,0.73551,0.94713,0.16075,-23.135,-8.6635,16.459,-7.3684,-1.5352,0.11756,-13.003,0.22005,11.677,8.5398,6.0549,6.4113,12.541,-21.704,13.582,-1.5296,-11.915,-2.3735,14.33,-6.4812,1.3427,3.2924,-1.2551,-11.786,0,0.69027,7.9307,9.9342,-1.0257,-38.11,-15.278,-3.3658,-9.8257,-6.23,-14.814,-19.467,5.2667,-9.6959,10.864,-2.7304,1.4943,5.8887,-9.1651,7.1965,12.594,4.8478,2.2363,7.3978,-24.571,1.381,-14.672,4.2484,9.7996,9.5366,-15.19,7.4,3.6263,-1.9642,-0.55643,-3.9449,2.4011,-3.5998,-16.161,18.401,-1.4889,-18.749,15.527,-12.545,-5.3821,9.797,5.1071,2.0754,0.45089,-13.696,-0.68841,-4.2591,-6.0662,-10.408,9.3762,0.69027,0,8.5975,-8.0738,2.7961,-5.0352,3.6718,-6.6054,-0.28984,-2.2529,-0.10571,-3.8253,-9.8485,13.396,9.8665,1.7622,2.6169,6.4972,15.215,17.873,-12.278,5.6683,-4.0064,-18.649,-7.2289,18.376,-6.1906,4.6379,17.336,8.8631,-9.7078,-9.8964,-13.369,23.451,-22.506,-5.6116,-3.7185,-6.0768,-18.907,8.6889,8.8021,-7.7622,2.0433,2.6453,-5.2979,20.654,4.8634,-0.45274,-8.1659,-4.7704,15.085,-4.445,-4.3334,8.2136,2.232,7.9307,8.5975,0,0.28257,-5.1783,-9.2731,-7.863,0.23398,3.5114,0.73479,-2.8675,-7.1712,-9.396,7.8502,29.768,9.6915,-1.3285,10.008,0.33163,9.3596,1.9413,3.0581,7.0585,3.7227,-3.8979,-2.2052,-4.0406,2.9573,9.666,20.067,-5.6154,-7.1024,8.8036,1.6973,-16.878,-9.8013,-13.056,5.1456,10.171,-7.7644,17.986,19.156,-0.41837,32.296,-0.60662,8.3296,-0.65717,-12.11,5.2266,8.4543,-0.83621,6.6776,3.8002,0.66898,-12.196,9.9342,-8.0738,0.28257,0,-0.091669,-10.135,-17.061,0.22034,-9.3019,5.6375,-1.9341,-7.8631,5.5948,-23.151,-1.4052,-5.7825,0.60243,-14.519,-9.1308,-0.63919,29.196,-3.245,-2.0312,17.311,-7.5963,-11.754,-2.9618,-16.643,2.4537,-8.0187,-1.7176,15.567,9.5382,-14.078,1.4672,10.167,-5.1075,-3.2603,-4.3254,0.91582,4.9513,-3.5406,12.28,-0.74188,6.3546,3.5685,21.517,12.927,-5.1474,-3.7202,-9.2017,28.232,-19.824,-5.0448,10.363,-1.0257,2.7961,-5.1783,-0.091669,0,1.9687,13.64,-21.464,-15.676,16.138,11.179,-9.9166,-13.202,-5.4456,0.5653,-6.0414,28.218,-6.5872,1.6897,14.66,-5.8266,-19.82,5.1294,-8.1943,-2.1767,2.7132,12.515,-5.5421,8.4796,-2.3533,-13.2,-10.607,-13.695,7.1544,3.5255,-3.5932,0.39893,10.334,0.9909,-13.902,-8.8423,-4.0098,-8.7683,-10.317,22.469,-16.525,1.91,13.949,-0.36243,-9.8054,5.8985,0.74255,-3.6504,4.3275,10.5,-38.11,-5.0352,-9.2731,-10.135,1.9687,0,16.778,3.3291,9.1593,6.8157,14.725,18.165,-4.4959,7.2895,-11.315,2.9888,-0.3911,-4.9439,5.2785,-9.2804,-11.177,-7.3643,0.75524,-4.7119,29.556,-3.9695,18.633,-3.0235,-13.203,-8.7934,15.215,-7.6329,-1.7755,-0.60722,5.3086,2.2569,1.6732,1.3442,-5.6228,-0.84609,-10.844,-10.45,5.0693,-17.626,9.7058,-9.083,8.6797,19.229,-7.1091,-11.706,-3.2607,6.2783,-10.795,-0.97272,15.007,-15.278,3.6718,-7.863,-17.061,13.64,16.778,0,-5.842,1.9329,6.35,15.406,6.1087,-10.395,7.6771,-4.8478,2.7781,8.117,-0.31318,10.629,3.8622,-25.462,-11.037,1.0265,-16.221,8.7681,5.354,14.497,1.8887,-0.14795,-0.66653,-1.3062,-17.848,-15.281,9.5638,4.1281,-7.4785,-2.7518,12.407,8.1355,-7.8728,-9.9803,8.9478,-7.8005,0.061134,-2.7984,-8.912,-22.977,-12.647,-1.5328,-0.29098,7.9557,-18.738,23.328,11.123,-14.056,-3.3658,-6.6054,0.23398,0.22034,-21.464,3.3291,-5.842,0,24.496,-10.995,-0.41506,19.055,13.813,1.7221,-7.4174,14.398,-37.665,-0.44988,4.1329,-16.245,2.897,7.079,-11.683,9.6181,3.5681,-8.3003,-6.8238,-0.64866,-7.3139,0.12798,12.21,9.0747,11.28,-13.762,2.2458,-0.56217,-0.35111,9.8786,-1.1881,-4.3635,-14.03,-1.6783,-6.2759,-8.906,0.94254,-8.5647,-12.011,-2.583,-5.2289,-8.632,13.042,-19.595,10.432,11.835,-2.6573,-9.8257,-0.28984,3.5114,-9.3019,-15.676,9.1593,1.9329,24.496,0,-7.9041,3.8812,23.802,3.6075,12.451,-3.092,20.959,-22.059,4.2341,10.039,-10.19,-6.6319,5.3895,-7.2497,1.5131,8.9752,-4.0406,-1.7493,3.0509,-5.8217,4.5995,11.884,-1.6733,6.3651,-4.6914,-2.3352,-5.732,-13.543,4.3603,-5.0609,-9.7619,13.936,-1.2401,1.136,5.5303,19.769,6.1473,23.306,13.603,-3.5391,-7.3857,5.3522,21.594,-19.857,3.6524,11.417,-6.23,-2.2529,0.73479,5.6375,16.138,6.8157,6.35,-10.995,-7.9041,0,17.119,-4.8478,-17.804,-4.3248,1.9307,-2.3414,16.293,-12.578,-1.2693,6.8872,0.71881,-24.415,8.8921,1.3577,7.0307,-9.4772,23.276,-16.102,2.4039,-5.6162,-1.6797,-9.157,0.42537,-1.5274,-0.61413,1.6401,-15.772,14.023,-3.337,-11.5,-0.91724,-1.3458,4.6779,-3.7654,16.897,-2.3999,9.5349,10.181,-8.97,-17.65,5.1278,8.7237,-8.7336,6.8045,7.8573,-14.814,-0.10571,-2.8675,-1.9341,11.179,14.725,15.406,-0.41506,3.8812,17.119,0,7.1746,-11.736,0.71079,-4.9731,8.4132,4.533,-12.773,11.714,3.5662,-8.4851,-22.042,-2.3205,-2.7968,8.7288,-7.5567,18.202,-14.118,2.8263,-4.0345,0.45428,-11.094,-3.7324,-1.8376,0.85253,-4.487,0.29555,16.991,6.0628,-11.154,-17.086,1.2786,-8.0531,-9.9251,7.1612,-19.501,-12.228,-0.7612,1.2321,-7.8916,6.2542,-12.487,10.391,5.2914,-1.3576,-19.467,-3.8253,-7.1712,-7.8631,-9.9166,18.165,6.1087,19.055,23.802,-4.8478,7.1746,0,6.0984,7.5693,-14.779,9.5471,-16.37,-3.1479,9.9287,-16.021,-7.3214,2.5762,-10.752,-0.98673,14.016,-3.3086,2.465,-1.2623,-11.54,-6.086,18.845,1.349,1.6466,-4.8679,2.9191,1.9653,4.793,3.2377,23.903,-2.995,-7.5013,16.965,-5.7342,4.8705,-10.111,-10.534,-29.808,-20.787,7.651,14.962,-7.6907,-10.167,31.877,-1.7832,-24.4,5.2667,-9.8485,-9.396,5.5948,-13.202,-4.4959,-10.395,13.813,3.6075,-17.804,-11.736,6.0984,0,-8.5284,-12.503,-2.2042,-15.539,-1.0841,-4.7503,-16.05,9.4835,11.613,-11.439,8.1616,-4.9502,-0.91876,-14.197,2.5484,-8.2706,-6.0471,6.2229,27.414,4.5261,-10.316,9.9801,7.1896,9.146,-2.4109,-16.192,7.8927,-9.0771,-25.581,-1.4904,-22.154,1.6883,-1.2553,0.89614,8.9374,-1.7004,-13.804,9.5871,-11.852,-3.7083,0.078563,13.734,-9.6959,13.396,7.8502,-23.151,-5.4456,7.2895,7.6771,1.7221,12.451,-4.3248,0.71079,7.5693,-8.5284,0,6.7054,7.35,-3.7833,13.963,10.279,1.7031,-18.33,7.4764,2.0176,-13.226,8.3028,9.3892,0.63921,11.615,-0.50473,9.2701,4.553,-14.36,-3.7034,13.725,-12.446,-6.3812,0.35585,-14.639,-22.949,14.291,10.249,-11.104,4.2668,1.8182,-6.3525,23.266,10.092,3.6007,-7.9287,-1.7395,7.7649,0.64996,-9.91,3.6136,5.8031,10.864,9.8665,29.768,-1.4052,0.5653,-11.315,-4.8478,-7.4174,-3.092,1.9307,-4.9731,-14.779,-12.503,6.7054,0,3.6339,5.7306,13.378,-2.7469,14.59,0.38443,1.6187,12.769,-0.026007,-5.903,2.1077,-2.5467,6.5696,11.087,21.689,-10.832,-10.1,3.7464,6.6254,-13.373,-10.652,-8.4035,6.5376,-6.6558,-1.3087,-7.2655,-1.1109,2.4321,-4.4015,-1.8695,0.15036,-3.8883,-1.7501,-18.826,-10.309,12.075,-8.5021,4.1633,18.804,-3.1647,-2.7304,1.7622,9.6915,-5.7825,-6.0414,2.9888,2.7781,14.398,20.959,-2.3414,8.4132,9.5471,-2.2042,7.35,3.6339,0,-11.313,3.5361,11.403,0.096881,-5.829,-2.3957,-4.6686,3.2684,1.744,-6.8385,-0.47374,0.17552,4.0386,12.713,-0.073131,-6.5855,5.6192,-5.2431,-3.0825,-17.67,-0.60442,-9.5159,-7.0734,3.2774,10.478,-6.3482,6.5097,1.5402,6.1985,7.2178,28.783,15.652,-1.7595,-0.14035,-6.3052,27.555,-27.605,-6.1327,13.869,1.4943,2.6169,-1.3285,0.60243,28.218,-0.3911,8.117,-37.665,-22.059,16.293,4.533,-16.37,-15.539,-3.7833,5.7306,-11.313,0,-2.166,-4.7694,14.129,-2.5013,-13.327,13.437,-6.6041,-0.98119,3.3353,12.05,-2.1348,5.6989,-1.0847,-11.093,-10.505,-8.9229,8.8873,1.0904,-0.75157,17.228,-19.479,-11.342,18.251,-6.0755,-12.584,-1.5149,-8.5751,-11.644,1.9547,-1.9496,2.5977,-4.8909,3.0603,1.7834,-9.609,-0.20862,1.0263,3.1457,5.8887,6.4972,10.008,-14.519,-6.5872,-4.9439,-0.31318,-0.44988,4.2341,-12.578,-12.773,-3.1479,-1.0841,13.963,13.378,3.5361,-2.166,0,-2.1637,2.0692,-6.4925,11.822,7.954,-5.0723,-1.9037,9.8714,-7.1872,34.607,0.067572,20.174,-3.0267,-6.7204,0.08663,9.2745,-3.9639,-10.972,-4.9399,10.36,-5.974,2.918,-10.997,-7.8037,12.989,-15.989,0.63253,-1.6762,-0.93537,0.56558,-4.0066,-23.949,0.87829,-6.0256,0.42445,-2.3008,4.1836,-9.1651,15.215,0.33163,-9.1308,1.6897,5.2785,10.629,4.1329,10.039,-1.2693,11.714,9.9287,-4.7503,10.279,-2.7469,11.403,-4.7694,-2.1637,0,6.517,-17.113,-0.68036,-15.189,-13.343,-0.73647,7.0802,-1.2391,-2.3361,9.9744,2.6026,-2.5677,-7.8554,-11.86,8.1622,-9.0816,-7.0309,-4.8653,-7.5182,-16.38,14.194,7.3984,-10.239,23.624,-1.9,-4.1488,18.984,16.544,4.8835,-6.8064,-7.6601,-3.3965,8.9744,-15.081,-5.4132,8.1723,7.1965,17.873,9.3596,-0.63919,14.66,-9.2804,3.8622,-16.245,-10.19,6.8872,3.5662,-16.021,-16.05,1.7031,14.59,0.096881,14.129,2.0692,6.517,0,-5.5366,-5.7715,2.7927,-9.4335,-11.918,8.1768,-0.22441,-0.63399,29.753,10.061,-26.025,-12.126,-10.802,13.511,-11.229,-9.7481,-5.9105,0.63348,10.845,-6.3551,15.309,19.181,-6.7548,36.456,-3.2862,6.2108,-4.3657,-13.286,5.6152,15.81,1.0277,2.371,6.9829,3.1347,-14.96,12.594,-12.278,1.9413,29.196,-5.8266,-11.177,-25.462,2.897,-6.6319,0.71881,-8.4851,-7.3214,9.4835,-18.33,0.38443,-5.829,-2.5013,-6.4925,-17.113,-5.5366,0,1.6118,1.7526,24.938,-5.6366,-12.446,-5.2573,-7.8717,-2.8056,-5.044,1.6189,19.03,16.564,-16.924,3.4474,9.9392,15.083,-4.5332,1.8049,10.149,-5.8152,-2.6776,-4.3547,-4.1448,-13.089,-1.2123,-15.948,-11.271,11.383,5.1767,-0.64884,-23.024,13.503,-7.4575,-5.6904,4.8478,5.6683,3.0581,-3.245,-19.82,-7.3643,-11.037,7.079,5.3895,-24.415,-22.042,2.5762,11.613,7.4764,1.6187,-2.3957,-13.327,11.822,-0.68036,-5.7715,1.6118,0,-5.3021,-2.0065,-4.3662,10.651,-21.423,12.979,-2.9799,3.1499,4.9939,9.0253,1.5463,4.448,-6.9594,4.8618,4.6285,-15.107,-9.7539,1.5779,10.237,-6.8355,-7.6025,3.8151,5.2619,5.9768,14.565,15.036,-4.3587,4.7055,5.7641,9.4377,-15.705,5.1503,10.798,2.2363,-4.0064,7.0585,-2.0312,5.1294,0.75524,1.0265,-11.683,-7.2497,8.8921,-2.3205,-10.752,-11.439,2.0176,12.769,-4.6686,13.437,7.954,-15.189,2.7927,1.7526,-5.3021,0,2.5631,6.44,-3.5536,10.784,5.3646,-4.2556,5.5273,-1.0223,-9.5779,5.8106,1.8285,1.3563,-2.6278,-9.1297,3.7123,8.8447,-11.486,9.2866,19.949,-10.182,25.031,-0.64339,2.4751,-5.6027,-10.004,-2.3549,11.079,7.2389,0.33833,8.1069,14.839,-15.489,7.3978,-18.649,3.7227,17.311,-8.1943,-4.7119,-16.221,9.6181,1.5131,1.3577,-2.7968,-0.98673,8.1616,-13.226,-0.026007,3.2684,-6.6041,-5.0723,-13.343,-9.4335,24.938,-2.0065,2.5631,0,-0.1905,-25.092,-1.1201,-7.4917,-5.7745,-1.4415,4.7273,12.252,28.762,-32.293,6.4822,3.0001,2.0382,6.7738,-0.65361,-14.109,-3.6016,-4.3988,-17.326,-5.7948,23.193,-11.464,2.2586,13.874,1.2386,-6.2715,12.055,-0.63816,-4.0644,7.0069,10.763,-24.571,-7.2289,-3.8979,-7.5963,-2.1767,29.556,8.7681,3.5681,8.9752,7.0307,8.7288,14.016,-4.9502,8.3028,-5.903,1.744,-0.98119,-1.9037,-0.73647,-11.918,-5.6366,-4.3662,6.44,-0.1905,0,-7.012,17.944,-1.5979,-18.484,-6.9829,21.22,-6.39,4.8255,-2.62,3.166,4.3865,15.534,-9.4136,-5.3476,21.044,-7.9701,-13.884,9.6998,-15.667,-8.6281,-0.17358,-0.076277,1.6976,6.2339,-2.2312,-11.896,-4.3296,-1.9318,-21.526,6.5955,1.381,18.376,-2.2052,-11.754,2.7132,-3.9695,5.354,-8.3003,-4.0406,-9.4772,-7.5567,-3.3086,-0.91876,9.3892,2.1077,-6.8385,3.3353,9.8714,7.0802,8.1768,-12.446,10.651,-3.5536,-25.092,-7.012,0,-8.4472,13.422,6.3911,3.5372,-6.8923,-3.9342,-21.213,28.588,-6.6763,-1.092,-5.328,3.7904,-3.6339,-12.557,3.3592,-3.5036,-4.787,-1.2593,28.252,-3.7304,15.811,23.402,-4.9872,-6.9231,5.7011,14.717,-16.41,6.2588,14.779,-14.672,-6.1906,-4.0406,-2.9618,12.515,18.633,14.497,-6.8238,-1.7493,23.276,18.202,2.465,-14.197,0.63921,-2.5467,-0.47374,12.05,-7.1872,-1.2391,-0.22441,-5.2573,-21.423,10.784,-1.1201,17.944,-8.4472,0,-7.5202,-6.0059,-6.0045,4.5145,-12.485,-0.22425,-1.1966,5.3395,-0.019737,25.731,-18.655,-5.894,16.739,-10.518,-10.395,-1.8856,-10.919,-11.74,-3.2599,-4.446,2.2612,-1.8852,5.4796,-3.385,-9.2949,1.8291,-2.5893,2.1992,4.2484,4.6379,2.9573,-16.643,-5.5421,-3.0235,1.8887,-0.64866,3.0509,-16.102,-14.118,-1.2623,2.5484,11.615,6.5696,0.17552,-2.1348,34.607,-2.3361,-0.63399,-7.8717,12.979,5.3646,-7.4917,-1.5979,13.422,-7.5202,0,-2.7211,12.833,-1.7411,-4.1431,-3.4156,10.184,0.30716,-7.8178,-8.5177,-2.7794,-10.625,12.898,5.1813,-4.5944,31.384,-0.11543,-8.7321,18.215,7.5896,-2.7932,-6.9806,-7.3799,-3.5707,3.9128,-5.8715,-3.992,0.73551,9.7996,17.336,9.666,2.4537,8.4796,-13.203,-0.14795,-7.3139,-5.8217,2.4039,2.8263,-11.54,-8.2706,-0.50473,11.087,4.0386,5.6989,0.067572,9.9744,29.753,-2.8056,-2.9799,-4.2556,-5.7745,-18.484,6.3911,-6.0059,-2.7211,0,10.256,-25.705,-5.8038,-8.422,8.1636,-11.809,-10.076,2.1125,-12.471,-17.617,16.274,-1.3737,-9.3385,6.3689,-3.9089,-12.422,10.194,2.2686,0.79514,-16.428,-2.153,5.0336,-5.1104,-2.6556,7.4208,0.94713,9.5366,8.8631,20.067,-8.0187,-2.3533,-8.7934,-0.66653,0.12798,4.5995,-5.6162,-4.0345,-6.086,-6.0471,9.2701,21.689,12.713,-1.0847,20.174,2.6026,10.061,-5.044,3.1499,5.5273,-1.4415,-6.9829,3.5372,-6.0045,12.833,10.256,0,-11.201,-10.304,1.6406,5.2392,-7.2095,-24.915,3.7636,10.461,7.8541,-15.035,-4.7682,2.6349,-25.45,-1.7098,11.434,-14.044,-9.1122,0.57245,9.3421,-0.44219,9.8429,-9.0371,7.5106,4.0526,0.16075,-15.19,-9.7078,-5.6154,-1.7176,-13.2,15.215,-1.3062,12.21,11.884,-1.6797,0.45428,18.845,6.2229,4.553,-10.832,-0.073131,-11.093,-3.0267,-2.5677,-26.025,1.6189,4.9939,-1.0223,4.7273,21.22,-6.8923,4.5145,-1.7411,-25.705,-11.201,0,5.4963,9.3723,-7.5782,2.8957,12.27,-0.051315,4.9697,24.828,-5.3717,1.483,21.869,-5.5627,12.661,-6.8448,-3.788,-17.598,-23.808,12.521,15.245,-5.9166,-5.2763,20.763,-3.4908,-23.135,7.4,-9.8964,-7.1024,15.567,-10.607,-7.6329,-17.848,9.0747,-1.6733,-9.157,-11.094,1.349,27.414,-14.36,-10.1,-6.5855,-10.505,-6.7204,-7.8554,-12.126,19.03,9.0253,-9.5779,12.252,-6.39,-3.9342,-12.485,-4.1431,-5.8038,-10.304,5.4963,0,7.1371,-12.555,6.0463,14.182,-5.1423,2.5094,2.9438,-9.4587,7.9986,9.4716,-16.129,14.903,1.2635,2.8411,-5.1499,-5.9816,-1.9493,6.6705,16.091,-4.377,6.398,17.743,-8.6635,3.6263,-13.369,8.8036,9.5382,-13.695,-1.7755,-15.281,11.28,6.3651,0.42537,-3.7324,1.6466,4.5261,-3.7034,3.7464,5.6192,-8.9229,0.08663,-11.86,-10.802,16.564,1.5463,5.8106,28.762,4.8255,-21.213,-0.22425,-3.4156,-8.422,1.6406,9.3723,7.1371,0,-20.441,1.33,2.2537,10.988,-9.615,-13.569,18.469,-3.7432,-25.398,9.9478,-17.351,-2.2642,3.4695,8.0343,9.4392,2.8219,-8.0119,-5.661,-0.078348,-10.605,-15.685,16.459,-1.9642,23.451,1.6973,-14.078,7.1544,-0.60722,9.5638,-13.762,-4.6914,-1.5274,-1.8376,-4.8679,-10.316,13.725,6.6254,-5.2431,8.8873,9.2745,8.1622,13.511,-16.924,4.448,1.8285,-32.293,-2.62,28.588,-1.1966,10.184,8.1636,5.2392,-7.5782,-12.555,-20.441,0,-10.675,-3.283,1.7785,-0.077007,15.884,-9.6121,-5.5675,13.46,-5.9691,4.3914,1.6842,-15.279,-4.2552,0.3207,-2.8104,13.298,-9.2802,6.6055,4.4791,4.2053,-7.3684,-0.55643,-22.506,-16.878,1.4672,3.5255,5.3086,4.1281,2.2458,-2.3352,-0.61413,0.85253,2.9191,9.9801,-12.446,-13.373,-3.0825,1.0904,-3.9639,-9.0816,-11.229,3.4474,-6.9594,1.3563,6.4822,3.166,-6.6763,5.3395,0.30716,-11.809,-7.2095,2.8957,6.0463,1.33,-10.675,0,0.87908,2.1871,6.4745,13.281,-8.9741,5.7035,6.6602,-9.7255,6.3118,7.0268,-4.1123,-3.9103,-4.048,31.644,5.3761,-2.195,0.4425,4.0609,-10.229,-1.5352,-3.9449,-5.6116,-9.8013,10.167,-3.5932,2.2569,-7.4785,-0.56217,-5.732,1.6401,-4.487,1.9653,7.1896,-6.3812,-10.652,-17.67,-0.75157,-10.972,-7.0309,-9.7481,9.9392,4.8618,-2.6278,3.0001,4.3865,-1.092,-0.019737,-7.8178,-10.076,-24.915,12.27,14.182,2.2537,-3.283,0.87908,0
