0,4.8655,-2.6167,-13.608,-10.919,9.3984,28.392,-2.5817,-11.272,-13.104,1.2432,-6.3098,11.777,8.3294,6.6059,-29.283,-2.6128,14.774,-4.74,5.7711,4.8043,-4.523,-1.5346,0.73916,-7.8605,5.4116,4.2745,3.8017,34.709,-13.734,-6.999,5.3614,-43.301,-8.3496,15.361,-12.482,10.048,-22.002,21.844,-15.966,-7.7939,-31.139,29.475,0.24536,-34.287,3.0452,-2.0178,-11.37,27.401,13.33,-10.571,-2.7091,-5.7315,-1.0077,3.6942,4.8655,0,-39.066,-16.347,-10.965,-3.6044,5.7419,-15.277,3.6107,1.4078,-5.5912,-6.777,-2.249,-5.7466,6.3562,-10.3,-38.189,-6.7764,8.108,28.506,-0.37177,3.025,-7.3975,-1.1774,1.3764,6.3193,-0.37821,14.426,-0.0081785,-6.8165,-6.9685,-8.4762,-9.2261,3.5894,9.4929,2.0775,-1.3433,-10.327,-7.2543,2.4973,8.9114,-4.798,5.5426,36.259,-3.6146,10.506,8.8183,4.6095,13.084,17.975,5.1463,20.179,21.208,27.903,-9.7428,-2.6167,-39.066,0,11.912,13.413,0.31447,-1.49,20.715,-7.1899,-5.0349,5.7423,1.4316,6.7086,8.0972,-8.4218,7.8676,27.29,8.9807,-13.041,-31.749,4.511,-6.7324,2.9957,-3.7105,-5.3838,-9.4512,4.5537,-13.48,3.184,9.4476,10.627,8.5798,6.7136,-0.50201,-8.1039,-6.7303,3.8044,6.0761,8.8158,-1.9301,-15.21,3.018,-1.3469,-27.818,2.8241,-11.121,-14.443,-7.4561,-10.175,-18.492,-4.247,-16.411,-26.509,-24.136,5.3239,-13.608,-16.347,11.912,0,14.129,3.3801,-15.244,10.582,-1.4461,16.258,14.067,9.7487,-1.9256,6.2938,-12.827,11.195,13.116,-9.1756,-3.9525,-8.0773,0.66763,-3.708,17.683,6.1583,-0.63383,-9.4552,0.6982,-24.485,-10.335,8.5374,7.833,-6.0355,15.569,1.2919,-28.258,13.721,3.1711,12.331,-5.0026,8.6774,3.5993,18.901,-16.927,-14.828,13.057,2.7748,-3.4102,-3.3303,-27.505,-7.6567,6.8198,-5.7122,-2.2153,-16.929,7.9351,-10.919,-10.965,13.413,14.129,0,-12.435,-3.6044,28.956,-9.7365,4.9174,12.729,-7.6546,9.5377,10.825,-33.701,8.292,4.8728,-6.8856,-17.904,-10.069,15.441,-16.791,-0.52113,-12.497,-12.791,-35.703,15.988,-17.626,-4.5652,34.139,38.41,-8.3835,11.851,18.63,-23.49,0.28319,8.6526,2.5602,-6.2818,18.193,-8.8715,16.997,-4.7767,-6.2433,17.647,1.1387,-20.926,-8.7628,-17.914,-11.223,15.436,3.1143,-4.2014,-8.3969,-8.2841,9.3984,-3.6044,0.31447,3.3801,-12.435,0,0.31629,-7.2096,0.22807,2.4364,3.6422,15.937,-3.5911,2.6686,9.475,-7.2857,8.0937,5.6133,5.7863,2.6577,-8.9919,6.0428,20.065,27.005,5.2032,12.408,-9.702,-3.2745,5.9517,-21.592,-16.556,5.2359,-7.9006,-27.958,4.0249,5.4306,1.6561,0.063077,12.425,-16.078,6.5072,-8.8061,0.53009,-9.8359,-14.555,3.0268,9.7444,-2.6327,4.8397,8.3686,-13.309,-13.565,-3.2684,-10.052,33.445,28.392,5.7419,-1.49,-15.244,-3.6044,0.31629,0,2.8696,-16.875,-15.511,2.3902,-17.07,20.513,11.093,0.33548,-24.766,-5.8502,11.899,-11.284,4.4392,12.955,-11.242,-8.1583,-8.4251,-15.471,-1.7672,12.504,3.0032,32.854,-4.2625,1.0356,1.9951,-28.104,0.68741,11.265,-18.508,13.713,-32.407,14.881,-7.4222,-14.344,-19.852,58.92,3.2162,-17.388,3.1986,-9.2587,-14.774,21.705,9.7422,-3.8438,2.6496,-5.5167,1.3161,-4.7626,-2.5817,-15.277,20.715,10.582,28.956,-7.2096,2.8696,0,-17.344,-1.4201,14.167,-9.2154,17.188,17.513,-24.8,2.8482,8.9826,1.0973,-30.395,-13.553,19.219,-22.126,-0.39839,-12.49,-18.602,-28.593,19.478,-18.991,3.7197,20.047,28.607,-2.8669,4.5706,11.429,-14.487,-6.032,13.66,-1.8213,2.6922,8.0835,-17.775,6.984,1.9648,-11.602,7.1526,-0.92993,-34.053,-16.087,-9.9955,-10.101,7.2845,-2.0514,-12.234,-14.415,-4.5184,-11.272,3.6107,-7.1899,-1.4461,-9.7365,0.22807,-16.875,-17.344,0,3.5229,-19.275,14.588,-41.836,-38.833,14.868,13.56,-0.66938,-3.354,31.193,0.5007,-28.914,33.832,-0.83556,8.3213,39.759,15.909,-27.579,13.412,-16.743,-5.2419,-12.622,5.7932,10.454,-6.3727,4.8064,8.0746,-39.288,18.183,-9.4479,-2.0327,15.477,3.7647,-14.738,5.0741,4.82,-8.4372,22.334,49.198,-3.3017,-4.845,-4.8942,-1.8599,7.3258,9.5836,2.9908,-13.104,1.4078,-5.0349,16.258,4.9174,2.4364,-15.511,-1.4201,3.5229,0,10.542,8.2983,-7.1602,1.0285,-7.5722,5.0654,-2.6479,-28.916,4.5164,7.5607,-1.8001,0.24698,15.482,9.4893,2.7237,-3.763,-1.7797,-10.199,-16.671,2.7425,1.3743,-18.958,10.146,3.3646,-17.806,39.035,1.1624,7.0586,-16.286,14.204,18.748,19.129,-17.951,1.3496,12.943,14.728,5.9264,1.7161,-14.094,4.3003,14.531,6.6159,15.109,-1.0346,2.8917,1.2432,-5.5912,5.7423,14.067,12.729,3.6422,2.3902,14.167,-19.275,10.542,0,-3.2815,13.49,28.451,-20.472,-6.0138,2.4752,-7.3626,-15.698,1.685,15.674,-20.372,12.913,0.70961,-17.478,-16.331,15.212,-30.039,3.2797,5.8505,11.124,-14.595,-1.3879,5.3555,-17.475,6.004,25.685,-6.4422,0.85359,8.4036,-2.2835,6.5404,0.61187,-7.2917,2.7847,16.335,-11.352,-22.686,-6.5646,5.2832,11.192,2.2694,-0.4534,-13.328,2.3335,-6.3098,-6.777,1.4316,9.7487,-7.6546,15.937,-17.07,-9.2154,14.588,8.2983,-3.2815,0,-20.203,-9.0612,9.9026,8.8064,11.201,-0.93606,15.905,-2.868,-23.888,17.955,16.912,27.453,20.46,13.344,-24.368,-1.0123,-9.435,-9.9635,-14.083,6.0958,7.6543,-18.308,-1.3006,13.526,-11.801,18.218,-0.13208,-7.0898,14.541,2.9908,-15.849,-8.9886,0.059165,-3.9826,17.149,10.818,-6.7265,-2.7571,-9.1228,-13.684,0.081224,-6.3057,23.254,11.777,-2.249,6.7086,-1.9256,9.5377,-3.5911,20.513,17.188,-41.836,-7.1602,13.49,-20.203,0,26.474,-13.452,-13.045,-0.85191,5.1501,-32.993,-1.258,32.296,-32.192,-3.852,-13.026,-41.842,-15.875,31.073,-9.0997,18.246,6.5611,13.846,-4.0356,-10.97,8.3872,-2.2955,-12.512,27.994,-20.053,9.3405,1.8823,-20.158,-5.1431,18.29,-2.8375,-4.8863,5.6305,-25.844,-31.521,5.0665,3.36,4.4249,3.0584,-8.0219,-6.3965,-6.5164,8.3294,-5.7466,8.0972,6.2938,10.825,2.6686,11.093,17.513,-38.833,1.0285,28.451,-9.0612,26.474,0,-16.92,-11.284,2.8115,0.56886,-25.922,-0.45215,22.994,-29.553,6.1128,-3.9783,-29.044,-16.149,22.041,-20.006,12.372,4.8325,11.838,-7.8375,-7.5656,4.7636,-8.8189,-3.0366,43.437,-13.335,7.8975,3.1237,-10.643,-0.73765,9.266,-7.8106,-3.0327,10.879,-18.37,-50.246,-0.16223,5.0375,5.9442,0.48886,-6.2099,-13.475,0.49054,6.6059,6.3562,-8.4218,-12.827,-33.701,9.475,0.33548,-24.8,14.868,-7.5722,-20.472,9.9026,-13.452,-16.92,0,-2.1022,-0.87352,9.677,20.654,3.6047,-21.765,24.339,-1.7665,10.583,18.755,45.399,-22.212,21.03,2.0022,-22.908,-31.994,14.822,-6.3319,-19.419,24.139,-2.1376,-15.537,2.6058,5.9681,-20.027,6.8857,-14.475,1.9446,3.6791,-13.398,-8.0836,20.539,14.119,12.919,3.6584,-20.473,-6.832,0.72051,7.4948,8.2934,-29.283,-10.3,7.8676,11.195,8.292,-7.2857,-24.766,2.8482,13.56,5.0654,-6.0138,8.8064,-13.045,-11.284,-2.1022,0,9.0226,-4.9033,5.2607,-13.775,-8.4866,8.0038,-0.25067,-0.61175,11.209,-1.9474,-7.9007,-1.3785,-21.481,11.072,4.5761,3.3734,38.655,3.1925,-9.2173,5.8382,-15.095,32.303,-11.139,6.9922,3.2542,17.194,-23,-5.0388,19.788,-12.235,1.8185,13.842,-21.973,-24.013,2.1713,-4.5533,-1.5521,-1.848,-0.39992,-2.6128,-38.189,27.29,13.116,4.8728,8.0937,-5.8502,8.9826,-0.66938,-2.6479,2.4752,11.201,-0.85191,2.8115,-0.87352,9.0226,0,9.7695,-3.666,-24.607,-4.1949,1.3845,9.0142,5.4,2.5223,-0.67033,-4.2864,-10.129,0.91415,1.3485,1.2289,12.928,6.9179,-9.4273,-4.9735,-1.8559,-1.4425,11.393,10.161,-7.5725,-6.3608,1.2471,-5.2412,-40.334,-0.19921,-12.513,-3.9284,-2.0583,-9.2658,-15.162,-10.585,-30.76,-21.865,-25.911,15.34,14.774,-6.7764,8.9807,-9.1756,-6.8856,5.6133,11.899,1.0973,-3.354,-28.916,-7.3626,-0.93606,5.1501,0.56886,9.677,-4.9033,9.7695,0,-3.2183,-10.233,-1.7611,1.7818,-5.3915,-1.6174,-0.44194,6.7515,-1.9752,5.5589,18.149,-7.237,-5.1396,27.02,-10.123,-11.34,15.501,-22.396,-0.78483,-3.9774,28.031,-24.292,-15.129,-21.262,13.901,-8.7122,-17.721,-15.256,-3.4322,-2.9003,11.736,-4.2822,-25.017,-16.152,-22.337,-5.8198,5.9732,-4.74,8.108,-13.041,-3.9525,-17.904,5.7863,-11.284,-30.395,31.193,4.5164,-15.698,15.905,-32.993,-25.922,20.654,5.2607,-3.666,-3.2183,0,6.7875,-31.229,35.706,2.3379,14.227,33.681,24.401,-30.936,14.67,-11.01,-13.054,-22.117,4.0618,3.4174,-10.951,8.1964,9.9018,-22.84,10.574,-6.3627,-5.3275,21.688,-0.69529,-9.9309,7.0775,-0.88658,-2.9272,42.628,26.549,1.9388,2.7188,-6.5232,-0.92236,10.592,10.655,6.17,5.7711,28.506,-31.749,-8.0773,-10.069,2.6577,4.4392,-13.553,0.5007,7.5607,1.685,-2.868,-1.258,-0.45215,3.6047,-13.775,-24.607,-10.233,6.7875,0,0.43389,0.77359,1.4041,4.7256,-0.37502,5.1738,0.22184,5.8956,0.28347,-9.377,-7.8075,-13.666,-10.318,0.88162,4.4151,7.9661,3.4336,-10.994,-6.0575,2.8473,13.101,-3.1325,3.6617,19.44,-4.4472,20.717,9.5343,0.16437,10.135,30.831,6.5896,16.858,23.788,14.189,-3.4054,4.8043,-0.37177,4.511,0.66763,15.441,-8.9919,12.955,19.219,-28.914,-1.8001,15.674,-23.888,32.296,22.994,-21.765,-8.4866,-4.1949,-1.7611,-31.229,0.43389,0,-46.404,-4.5699,-16.647,-46.246,-25.148,80.649,-10.726,9.1857,12.785,21.523,-10.543,-5.291,16.877,-7.4988,-7.2113,25.549,-15.812,1.4826,9.7852,-14.46,1.4823,11.027,0.58385,1.9446,8.7706,-27.329,-23.652,0.33523,2.5333,12.583,8.9695,-2.6199,-3.3846,-12.012,-4.523,3.025,-6.7324,-3.708,-16.791,6.0428,-11.242,-22.126,33.832,0.24698,-20.372,17.955,-32.192,-29.553,24.339,8.0038,1.3845,1.7818,35.706,0.77359,-46.404,0,1.1051,12.801,48.167,26.51,-44.499,15.014,-9.1026,-12.172,-21.267,10.46,4.5668,-13.947,9.8072,5.4828,-30.5,13.847,-2.6025,-9.0885,13.803,-2.2744,-9.347,2.5479,-1.8826,-9.3304,27.895,28.893,1.379,-2.1699,-11.754,-6.2533,3.9869,6.9386,8.1499,-1.5346,-7.3975,2.9957,17.683,-0.52113,20.065,-8.1583,-0.39839,-0.83556,15.482,12.913,16.912,-3.852,6.1128,-1.7665,-0.25067,9.0142,-5.3915,2.3379,1.4041,-4.5699,1.1051,0,22.502,2.4992,1.7523,-4.9787,-14.608,-3.1305,-6.4208,-4.9964,-4.2867,2.1215,-10.425,-9.7085,16.894,4.3027,5.2562,1.7136,-1.5349,10.212,4.653,-9.0364,-11.811,-0.60087,8.4215,5.5485,-4.0454,-7.372,4.5351,-0.70466,-7.9191,0.80359,-14.348,21.599,0.73916,-1.1774,-3.7105,6.1583,-12.497,27.005,-8.4251,-12.49,8.3213,9.4893,0.70961,27.453,-13.026,-3.9783,10.583,-0.61175,5.4,-1.6174,14.227,4.7256,-16.647,12.801,22.502,0,13.117,15.096,-17.395,-1.323,-3.6098,-18.084,-19.258,1.9566,-0.54589,-21.875,1.0198,14.647,-4.784,6.9668,2.4502,-8.9351,17.237,-1.5777,-8.1672,-5.5296,-5.8198,3.5349,19.01,4.9867,-0.40564,6.6552,-8.2707,-9.1546,3.4478,-5.0019,26.604,-7.8605,1.3764,-5.3838,-0.63383,-12.791,5.2032,-15.471,-18.602,39.759,2.7237,-17.478,20.46,-41.842,-29.044,18.755,11.209,2.5223,-0.44194,33.681,-0.37502,-46.246,48.167,2.4992,13.117,0,20.925,-43.198,11.758,-12.636,-9.2785,-17.37,8.7107,7.9339,-12.058,6.1497,7.9107,-32.346,18.05,-4.8109,-6.3387,15.325,1.013,-13.319,1.4657,1.1463,-9.0432,26.05,31.262,-2.0056,-3.9235,-9.2388,-6.1965,4.4508,5.6619,8.215,5.4116,6.3193,-9.4512,-9.4552,-35.703,12.408,-1.7672,-28.593,15.909,-3.763,-16.331,13.344,-15.875,-16.149,45.399,-1.9474,-0.67033,6.7515,24.401,5.1738,-25.148,26.51,1.7523,15.096,20.925,0,-25.94,16.929,0.27169,-26.458,-43.662,11.758,-5.4177,-22.061,18.784,1.514,-14.928,3.7276,4.6375,-18.151,10.534,-11.912,-0.35431,3.1126,-12.284,-5.4049,26.237,14.193,10.748,5.2042,-18.12,-6.789,2.5977,6.4012,10.969,4.2745,-0.37821,4.5537,0.6982,15.988,-9.702,12.504,19.478,-27.579,-1.7797,15.212,-24.368,31.073,22.041,-22.212,-7.9007,-4.2864,-1.9752,-30.936,0.22184,80.649,-44.499,-4.9787,-17.395,-43.198,-25.94,0,-10.537,8.6662,13.509,22.417,-10.599,-4.7759,17.73,-7.6948,-7.2266,24.352,-15.247,1.0285,10.29,-14.512,1.8825,10.633,0.77962,2.4726,8.4501,-27.759,-22.577,0.001546,2.0934,12.994,9.2396,-2.514,-3.112,-12.648,3.8017,14.426,-13.48,-24.485,-17.626,-3.2745,3.0032,-18.991,13.412,-10.199,-30.039,-1.0123,-9.0997,-20.006,21.03,-1.3785,-10.129,5.5589,14.67,5.8956,-10.726,15.014,-14.608,-1.323,11.758,16.929,-10.537,0,0.31425,-9.1543,-12.976,8.5759,-5.0506,-3.9433,24.244,-6.2264,-15.369,-0.9304,-0.77103,-7.8752,3.4301,-10.555,4.4641,14.911,-6.5485,-7.4745,12.02,15.837,13.97,2.5643,-8.2835,3.4049,5.1378,21.59,-5.0552,34.709,-0.0081785,3.184,-10.335,-4.5652,5.9517,32.854,3.7197,-16.743,-16.671,3.2797,-9.435,18.246,12.372,2.0022,-21.481,0.91415,18.149,-11.01,0.28347,9.1857,-9.1026,-3.1305,-3.6098,-12.636,0.27169,8.6662,0.31425,0,-7.0453,-1.2226,6.5007,-26.485,-4.9872,10.977,-18.177,13.127,-20.979,26.265,-13.352,-15.416,-23.764,33.882,-3.4378,-23.427,0.40907,-8.4336,-16.112,18.683,7.2083,-9.3757,-4.4387,-11.423,-4.7626,1.9618,-13.734,-6.8165,9.4476,8.5374,34.139,-21.592,-4.2625,20.047,-5.2419,2.7425,5.8505,-9.9635,6.5611,4.8325,-22.908,11.072,1.3485,-7.237,-13.054,-9.377,12.785,-12.172,-6.4208,-18.084,-9.2785,-26.458,13.509,-9.1543,-7.0453,0,34.867,-7.1712,13.969,25.312,-16.629,-1.4038,3.7035,3.6193,-10.009,20.775,-8.3963,17.266,-5.0926,-1.308,21.78,-1.6201,-17.423,-3.511,-15.835,-13.549,16.239,6.1939,-1.9585,-2.2015,-14.556,-6.999,-6.9685,10.627,7.833,38.41,-16.556,1.0356,28.607,-12.622,1.3743,11.124,-14.083,13.846,11.838,-31.994,4.5761,1.2289,-5.1396,-22.117,-7.8075,21.523,-21.267,-4.9964,-19.258,-17.37,-43.662,22.417,-12.976,-1.2226,34.867,0,-8.5503,7.3273,24.325,-16.2,-3.6406,10.64,-1.8939,-5.1611,17.605,-12.431,12.015,-0.065818,-2.7157,13.909,1.5975,-27.107,-10.564,-11.224,-8.7849,16.049,6.1309,-3.8865,-4.9563,-13.349,5.3614,-8.4762,8.5798,-6.0355,-8.3835,5.2359,1.9951,-2.8669,5.7932,-18.958,-14.595,6.0958,-4.0356,-7.8375,14.822,3.3734,12.928,27.02,4.0618,-13.666,-10.543,10.46,-4.2867,1.9566,8.7107,11.758,-10.599,8.5759,6.5007,-7.1712,-8.5503,0,-1.9243,-14.409,13.972,-13.023,-10.354,5.2537,15.066,-22.371,-7.5577,-12.61,3.8405,-9.0465,-10.204,-26.975,2.607,5.9828,5.6644,-9.8833,-30.931,-20.971,-17.725,-4.1284,8.2936,-43.301,-9.2261,6.7136,15.569,11.851,-7.9006,-28.104,4.5706,10.454,10.146,-1.3879,7.6543,-10.97,-7.5656,-6.3319,38.655,6.9179,-10.123,3.4174,-10.318,-5.291,4.5668,2.1215,-0.54589,7.9339,-5.4177,-4.7759,-5.0506,-26.485,13.969,7.3273,-1.9243,0,6.2203,-15.166,9.8137,-10.284,26.548,-15.414,12.245,4.9982,26.334,-28.146,-4.1667,28.206,-6.3149,0.60074,10.394,-31.205,-18.365,7.1721,-1.2924,1.4034,-2.3221,-1.4582,-8.3496,3.5894,-0.50201,1.2919,18.63,-27.958,0.68741,11.429,-6.3727,3.3646,5.3555,-18.308,8.3872,4.7636,-19.419,3.1925,-9.4273,-11.34,-10.951,0.88162,16.877,-13.947,-10.425,-21.875,-12.058,-22.061,17.73,-3.9433,-4.9872,25.312,24.325,-14.409,6.2203,0,-10.69,-1.0716,6.0774,-3.6617,-13.628,26.622,-5.2025,12.403,-0.4031,8.5161,16.123,5.1713,-13.602,-4.0633,-6.8981,-3.2282,25.509,18.63,5.7792,6.0039,-27.983,15.361,9.4929,-8.1039,-28.258,-23.49,4.0249,11.265,-14.487,4.8064,-17.806,-17.475,-1.3006,-2.2955,-8.8189,24.139,-9.2173,-4.9735,15.501,8.1964,4.4151,-7.4988,9.8072,-9.7085,1.0198,6.1497,18.784,-7.6948,24.244,10.977,-16.629,-16.2,13.972,-15.166,-10.69,0,-12.153,-6.8132,-6.8802,10.512,-19.619,-1.8318,-27.044,13.324,6.8176,-20.089,-7.0023,8.1137,5.6767,27.084,5.827,-17.378,-2.674,-1.9035,9.7445,0.99156,-12.482,2.0775,-6.7303,13.721,0.28319,5.4306,-18.508,-6.032,8.0746,39.035,6.004,13.526,-12.512,-3.0366,-2.1376,5.8382,-1.8559,-22.396,9.9018,7.9661,-7.2113,5.4828,16.894,14.647,7.9107,1.514,-7.2266,-6.2264,-18.177,-1.4038,-3.6406,-13.023,9.8137,-1.0716,-12.153,0,-2.9565,9.7274,-14.652,9.0525,26.798,15.031,-20.522,1.412,9.9591,11.378,11.604,5.7197,-11.75,4.5341,8.9417,3.9531,15.53,0.06933,6.1293,10.048,-1.3433,3.8044,3.1711,8.6526,1.6561,13.713,13.66,-39.288,1.1624,25.685,-11.801,27.994,43.437,-15.537,-15.095,-1.4425,-0.78483,-22.84,3.4336,25.549,-30.5,4.3027,-4.784,-32.346,-14.928,24.352,-15.369,13.127,3.7035,10.64,-10.354,-10.284,6.0774,-6.8132,-2.9565,0,-18.134,6.4428,3.9126,-9.0664,-1.8593,11.501,-3.4288,-3.9249,14.444,-16.242,-43.794,2.4752,8.721,7.5441,4.1048,-2.8434,-8.6164,-1.8224,-22.002,-10.327,6.0761,12.331,2.5602,0.063077,-32.407,-1.8213,18.183,7.0586,-6.4422,18.218,-20.053,-13.335,2.6058,32.303,11.393,-3.9774,10.574,-10.994,-15.812,13.847,5.2562,6.9668,18.05,3.7276,-15.247,-0.9304,-20.979,3.6193,-1.8939,5.2537,26.548,-3.6617,-6.8802,9.7274,-18.134,0,-8.1902,2.1195,8.096,13.111,-28.258,-7.1193,12.8,-11.015,7.7528,16.435,-18.268,-16.61,-2.0544,-8.6466,-0.95279,-3.4932,6.4957,21.844,-7.2543,8.8158,-5.0026,-6.2818,12.425,14.881,2.6922,-9.4479,-16.286,0.85359,-0.13208,9.3405,7.8975,5.9681,-11.139,10.161,28.031,-6.3627,-6.0575,1.4826,-2.6025,1.7136,2.4502,-4.8109,4.6375,1.0285,-0.77103,26.265,-10.009,-5.1611,15.066,-15.414,-13.628,10.512,-14.652,6.4428,-8.1902,0,-23.461,-12.801,-21.871,16.066,-11.902,-23.929,-5.7826,-4.4552,-10.199,12.087,1.5261,-19.62,-15.991,-19.803,-11.206,10.747,-15.966,2.4973,-1.9301,8.6774,18.193,-16.078,-7.4222,8.0835,-2.0327,14.204,8.4036,-7.0898,1.8823,3.1237,-20.027,6.9922,-7.5725,-24.292,-5.3275,2.8473,9.7852,-9.0885,-1.5349,-8.9351,-6.3387,-18.151,10.29,-7.8752,-13.352,20.775,17.605,-22.371,12.245,26.622,-19.619,9.0525,3.9126,2.1195,-23.461,0,3.1003,24.727,-9.0654,6.6381,26.031,9.2308,-6.6001,-1.1449,-14.45,-2.2008,41.522,17.178,11.14,3.947,-14.593,-7.7939,8.9114,-15.21,3.5993,-8.8715,6.5072,-14.344,-17.775,15.477,18.748,-2.2835,14.541,-20.158,-10.643,6.8857,3.2542,-6.3608,-15.129,21.688,13.101,-14.46,13.803,10.212,17.237,15.325,10.534,-14.512,3.4301,-15.416,-8.3963,-12.431,-7.5577,4.9982,-5.2025,-1.8318,26.798,-9.0664,8.096,-12.801,3.1003,0,6.645,-14.638,7.2919,4.0756,8.2557,24.832,12.734,-3.3577,7.9689,3.2735,4.7001,20.614,7.3075,5.7397,-31.139,-4.798,3.018,18.901,16.997,-8.8061,-19.852,6.984,3.7647,19.129,6.5404,2.9908,-5.1431,-0.73765,-14.475,17.194,1.2471,-21.262,-0.69529,-3.1325,1.4823,-2.2744,4.653,-1.5777,1.013,-11.912,1.8825,-10.555,-23.764,17.266,12.015,-12.61,26.334,12.403,-27.044,15.031,-1.8593,13.111,-21.871,24.727,6.645,0,-22.404,-0.84117,39.344,3.4745,-2.1715,3.5472,-31.94,-8.4125,18.481,5.7576,6.9687,-1.699,-4.5108,29.475,5.5426,-1.3469,-16.927,-4.7767,0.53009,58.92,1.9648,-14.738,-17.951,0.61187,-15.849,18.29,9.266,1.9446,-23,-5.2412,13.901,-9.9309,3.6617,11.027,-9.347,-9.0364,-8.1672,-13.319,-0.35431,10.633,4.4641,33.882,-5.0926,-0.065818,3.8405,-28.146,-0.4031,13.324,-20.522,11.501,-28.258,16.066,-9.0654,-14.638,-22.404,0,3.0599,-18.863,1.4805,-8.2789,-12.805,23.586,8.785,-5.5624,1.5656,-6.3401,1.6723,-4.2924,0.24536,36.259,-27.818,-14.828,-6.2433,-9.8359,3.2162,-11.602,5.0741,1.3496,-7.2917,-8.9886,-2.8375,-7.8106,3.6791,-5.0388,-40.334,-8.7122,7.0775,19.44,0.58385,2.5479,-11.811,-5.5296,1.4657,3.1126,0.77962,14.911,-3.4378,-1.308,-2.7157,-9.0465,-4.1667,8.5161,6.8176,1.412,-3.4288,-7.1193,-11.902,6.6381,7.2919,-0.84117,3.0599,0,1.4175,7.4519,6.316,6.8693,8.4267,10.662,8.3365,25.469,21.37,39.199,-16,-34.287,-3.6146,2.8241,13.057,17.647,-14.555,-17.388,7.1526,4.82,12.943,2.7847,0.059165,-4.8863,-3.0327,-13.398,19.788,-0.19921,-17.721,-0.88658,-4.4472,1.9446,-1.8826,-0.60087,-5.8198,1.1463,-12.284,2.4726,-6.5485,-23.427,21.78,13.909,-10.204,28.206,16.123,-20.089,9.9591,-3.9249,12.8,-23.929,26.031,4.0756,39.344,-18.863,1.4175,0,0.39628,-3.3876,5.4736,-26.158,-11.254,18.135,7.2131,6.2788,1.2705,-8.8382,3.0452,10.506,-11.121,2.7748,1.1387,3.0268,3.1986,-0.92993,-8.4372,14.728,16.335,-3.9826,5.6305,10.879,-8.0836,-12.235,-12.513,-15.256,-2.9272,20.717,8.7706,-9.3304,8.4215,3.5349,-9.0432,-5.4049,8.4501,-7.4745,0.40907,-1.6201,1.5975,-26.975,-6.3149,5.1713,-7.0023,11.378,14.444,-11.015,-5.7826,9.2308,8.2557,3.4745,1.4805,7.4519,0.39628,0,0.28929,-9.6586,1.409,21.375,14.411,14.406,15.241,2.2718,-1.8628,-2.0178,8.8183,-14.443,-3.4102,-20.926,9.7444,-9.2587,-34.053,22.334,5.9264,-11.352,17.149,-25.844,-18.37,20.539,1.8185,-3.9284,-3.4322,42.628,9.5343,-27.329,27.895,5.5485,19.01,26.05,26.237,-27.759,12.02,-8.4336,-17.423,-27.107,2.607,0.60074,-13.602,8.1137,11.604,-16.242,7.7528,-4.4552,-6.6001,24.832,-2.1715,-8.2789,6.316,-3.3876,0.28929,0,18.756,3.4629,6.4375,-6.818,-1.1446,11.336,8.7708,8.9051,-11.37,4.6095,-7.4561,-3.3303,-8.7628,-2.6327,-14.774,-16.087,49.198,1.7161,-22.686,10.818,-31.521,-50.246,14.119,13.842,-2.0583,-2.9003,26.549,0.16437,-23.652,28.893,-4.0454,4.9867,31.262,14.193,-22.577,15.837,-16.112,-3.511,-10.564,5.9828,10.394,-4.0633,5.6767,5.7197,-43.794,16.435,-10.199,-1.1449,12.734,3.5472,-12.805,6.8693,5.4736,-9.6586,18.756,0,-2.6132,-5.7854,-4.111,-0.33103,7.2305,11.958,0.0724,27.401,13.084,-10.175,-27.505,-17.914,4.8397,21.705,-9.9955,-3.3017,-14.094,-6.5646,-6.7265,5.0665,-0.16223,12.919,-21.973,-9.2658,11.736,1.9388,10.135,0.33523,1.379,-7.372,-0.40564,-2.0056,10.748,0.001546,13.97,18.683,-15.835,-11.224,5.6644,-31.205,-6.8981,27.084,-11.75,2.4752,-18.268,12.087,-14.45,-3.3577,-31.94,23.586,8.4267,-26.158,1.409,3.4629,-2.6132,0,14.319,-10.066,1.854,0.08168,8.3414,-0.7391,13.33,17.975,-18.492,-7.6567,-11.223,8.3686,9.7422,-10.101,-4.845,4.3003,5.2832,-2.7571,3.36,5.0375,3.6584,-24.013,-15.162,-4.2822,2.7188,30.831,2.5333,-2.1699,4.5351,6.6552,-3.9235,5.2042,2.0934,2.5643,7.2083,-13.549,-8.7849,-9.8833,-18.365,-3.2282,5.827,4.5341,8.721,-16.61,1.5261,-2.2008,7.9689,-8.4125,8.785,10.662,-11.254,21.375,6.4375,-5.7854,14.319,0,2.2319,9.6137,12.543,6.6974,1.2302,-10.571,5.1463,-4.247,6.8198,15.436,-13.309,-3.8438,7.2845,-4.8942,14.531,11.192,-9.1228,4.4249,5.9442,-20.473,2.1713,-10.585,-25.017,-6.5232,6.5896,12.583,-11.754,-0.70466,-8.2707,-9.2388,-18.12,12.994,-8.2835,-9.3757,16.239,16.049,-30.931,7.1721,25.509,-17.378,8.9417,7.5441,-2.0544,-19.62,41.522,3.2735,18.481,-5.5624,8.3365,18.135,14.411,-6.818,-4.111,-10.066,2.2319,0,21.294,13.127,4.4727,-14.524,-2.7091,20.179,-16.411,-5.7122,3.1143,-13.565,2.6496,-2.0514,-1.8599,6.6159,2.2694,-13.684,3.0584,0.48886,-6.832,-4.5533,-30.76,-16.152,-0.92236,16.858,8.9695,-6.2533,-7.9191,-9.1546,-6.1965,-6.789,9.2396,3.4049,-4.4387,6.1939,6.1309,-20.971,-1.2924,18.63,-2.674,3.9531,4.1048,-8.6466,-15.991,17.178,4.7001,5.7576,1.5656,25.469,7.2131,14.406,-1.1446,-0.33103,1.854,9.6137,21.294,0,21.063,17.781,-21.03,-5.7315,21.208,-26.509,-2.2153,-4.2014,-3.2684,-5.5167,-12.234,7.3258,15.109,-0.4534,0.081224,-8.0219,-6.2099,0.72051,-1.5521,-21.865,-22.337,10.592,23.788,-2.6199,3.9869,0.80359,3.4478,4.4508,2.5977,-2.514,5.1378,-11.423,-1.9585,-3.8865,-17.725,1.4034,5.7792,-1.9035,15.53,-2.8434,-0.95279,-19.803,11.14,20.614,6.9687,-6.3401,21.37,6.2788,15.241,11.336,7.2305,0.08168,12.543,13.127,21.063,0,17.326,-6.5871,-1.0077,27.903,-24.136,-16.929,-8.3969,-10.052,1.3161,-14.415,9.5836,-1.0346,-13.328,-6.3057,-6.3965,-13.475,7.4948,-1.848,-25.911,-5.8198,10.655,14.189,-3.3846,6.9386,-14.348,-5.0019,5.6619,6.4012,-3.112,21.59,-4.7626,-2.2015,-4.9563,-4.1284,-2.3221,6.0039,9.7445,0.06933,-8.6164,-3.4932,-11.206,3.947,7.3075,-1.699,1.6723,39.199,1.2705,2.2718,8.7708,11.958,8.3414,6.6974,4.4727,17.781,17.326,0,-14.329,3.6942,-9.7428,5.3239,7.9351,-8.2841,33.445,-4.7626,-4.5184,2.9908,2.8917,2.3335,23.254,-6.5164,0.49054,8.2934,-0.39992,15.34,5.9732,6.17,-3.4054,-12.012,8.1499,21.599,26.604,8.215,10.969,-12.648,-5.0552,1.9618,-14.556,-13.349,8.2936,-1.4582,-27.983,0.99156,6.1293,-1.8224,6.4957,10.747,-14.593,5.7397,-4.5108,-4.2924,-16,-8.8382,-1.8628,8.9051,0.0724,-0.7391,1.2302,-14.524,-21.03,-6.5871,-14.329,0
