0,-3.2226,-7.2708,-5.0449,-2.2451,1.8773,7.2921,-11.219,6.0976,-3.4587,-6.0996,-1.9215,6,4.2437,-2.5897,7.4893,-7.6586,-7.1447,-6.6297,-0.76381,-6.2242,-3.2226,0,1.7485,7.2324,-2.858,-5.3636,0.44907,6.4903,-3.9706,5.4131,5.7558,4.3103,-3.4537,-1.9534,-3.4221,-3.3986,6.5733,1.4933,1.1636,1.5068,0.27963,-7.2708,1.7485,0,3.4684,0.045343,-1.0873,-0.72481,4.5146,1.5147,6.7449,4.7537,7.034,-9.1825,-5.8144,0.89543,-5.4863,2.2153,2.1241,-2.1838,-2.7688,1.2168,-5.0449,7.2324,3.4684,0,-7.0092,-11.232,-1.7899,10.32,-6.4711,3.1964,4.3536,4.4475,-1.2414,0.59801,1.9019,-0.63619,6.1188,7.4837,3.6876,1.802,2.5365,-2.2451,-2.858,0.045343,-7.0092,0,12.993,-1.4458,-2.3006,2.8439,-2.0893,1.0229,-2.9509,-3.7923,-7.2828,-2.2867,-4.194,-1.2761,-4.18,0.54385,-1.763,-0.28404,1.8773,-5.3636,-1.0873,-11.232,12.993,0,1.7592,-7.1302,7.0828,-2.3905,-0.9168,-3.6674,-1.9965,-5.1464,-3.0693,-2.1857,-4.3005,-7.9782,-3.4818,-3.602,-3.3526,7.2921,0.44907,-0.72481,-1.7899,-1.4458,1.7592,0,-5.2679,5.1736,-0.002901,-1.7904,1.0549,-0.68791,-2.2641,-6.0142,2.4677,-4.5879,-7.3503,-7.4877,1.1545,-6.5867,-11.219,6.4903,4.5146,10.32,-2.3006,-7.1302,-5.2679,0,-8.1873,2.4894,7.1037,2.7686,-4.0347,-1.0256,2.4616,-5.474,9.3514,9.5351,7.3605,1.6864,5.6401,6.0976,-3.9706,1.5147,-6.4711,2.8439,7.0828,5.1736,-8.1873,0,0.48482,-0.99623,1.4501,-1.7624,-2.3154,-3.8678,0.76861,-7.0775,-9.4293,-13.22,-7.1788,-5.7498,-3.4587,5.4131,6.7449,3.1964,-2.0893,-2.3905,-0.002901,2.4894,0.48482,0,4.0416,8.8227,-3.4869,-2.3621,-0.32995,-3.2504,3.2529,0.72272,-3.1103,-1.767,-1.9525,-6.0996,5.7558,4.7537,4.3536,1.0229,-0.9168,-1.7904,7.1037,-0.99623,4.0416,0,3.2733,-5.3046,-3.1808,-1.7505,-5.8877,8.2397,3.3581,1.1932,-2.458,0.42617,-1.9215,4.3103,7.034,4.4475,-2.9509,-3.6674,1.0549,2.7686,1.4501,8.8227,3.2733,0,-3.135,-2.5455,0.91394,-2.3545,2.3042,0.4829,-3.5248,-2.6368,-3.2246,6,-3.4537,-9.1825,-1.2414,-3.7923,-1.9965,-0.68791,-4.0347,-1.7624,-3.4869,-5.3046,-3.135,0,9.7972,2.7417,9.3067,-2.222,0.74656,1.5078,2.1671,-0.90047,4.2437,-1.9534,-5.8144,0.59801,-7.2828,-5.1464,-2.2641,-1.0256,-2.3154,-2.3621,-3.1808,-2.5455,9.7972,0,3.8124,6.6023,-0.3109,3.2955,1.3668,1.4437,1.2892,-2.5897,-3.4221,0.89543,1.9019,-2.2867,-3.0693,-6.0142,2.4616,-3.8678,-0.32995,-1.7505,0.91394,2.7417,3.8124,0,0.97419,-0.00047419,5.5114,4.3577,-0.63656,1.4638,7.4893,-3.3986,-5.4863,-0.63619,-4.194,-2.1857,2.4677,-5.474,0.76861,-3.2504,-5.8877,-2.3545,9.3067,6.6023,0.97419,0,-5.4641,-2.1642,-1.0847,1.5482,-0.29995,-7.6586,6.5733,2.2153,6.1188,-1.2761,-4.3005,-4.5879,9.3514,-7.0775,3.2529,8.2397,2.3042,-2.222,-0.3109,-0.00047419,-5.4641,0,7.9387,4.8918,1.7632,3.4139,-7.1447,1.4933,2.1241,7.4837,-4.18,-7.9782,-7.3503,9.5351,-9.4293,0.72272,3.3581,0.4829,0.74656,3.2955,5.5114,-2.1642,7.9387,0,7.6742,2.6766,5.6506,-6.6297,1.1636,-2.1838,3.6876,0.54385,-3.4818,-7.4877,7.3605,-13.22,-3.1103,1.1932,-3.5248,1.5078,1.3668,4.3577,-1.0847,4.8918,7.6742,0,4.3629,7.0086,-0.76381,1.5068,-2.7688,1.802,-1.763,-3.602,1.1545,1.6864,-7.1788,-1.767,-2.458,-2.6368,2.1671,1.4437,-0.63656,1.5482,1.7632,2.6766,4.3629,0,2.8114,-6.2242,0.27963,1.2168,2.5365,-0.28404,-3.3526,-6.5867,5.6401,-5.7498,-1.9525,0.42617,-3.2246,-0.90047,1.2892,1.4638,-0.29995,3.4139,5.6506,7.0086,2.8114,0
