0,0.87525,4.919,15.602,-0.77965,-4.7997,14.148,-7.0393,-5.1794,6.9482,-5.2325,-5.261,13.897,22.843,13.224,-11.153,1.4279,-24.067,14.054,20.651,3.1082,6.6557,5.9926,-10.44,-8.116,-3.8518,-2.0688,-16.07,-2.5464,2.8197,-2.8492,16.302,7.7002,2.5101,10.265,2.4833,-4.2436,-23.793,2.6855,-12.066,17.136,-7.1708,-7.0204,-18.081,10.723,10.254,19.305,-15.013,4.6478,-8.2567,-3.3509,0.92762,1.1481,6.0616,2.8456,0.87525,0,1.098,-1.9346,-20.186,16.915,-8.2723,-0.66723,-14.29,3.5538,1.0214,-4.1572,-0.75117,9.7296,-14.856,-1.2304,-23.885,2.7095,-5.825,-10.635,-12.688,15.629,-12.749,-6.8701,4.911,-0.39941,15.868,-1.9671,-16.843,-15.021,-10.355,-4.0106,-2.9496,-16.164,10.882,-8.725,8.6538,-2.7935,9.2705,1.7108,-5.7113,-10.534,11.491,4.2066,-5.7107,6.6588,-0.56658,1.9915,5.4158,9.3634,1.1559,-3.9547,4.3433,6.4293,14.45,4.919,1.098,0,12.867,-10.79,0.10368,-8.2458,3.1331,-10.991,-6.7584,-6.2749,-5.2612,3.4759,0.87183,-6.1323,15.439,-9.006,-3.6304,-3.2993,5.2363,-18.943,-6.9125,3.4395,-10.144,9.2562,-1.9731,-12.484,5.9844,5.6836,-9.7758,5.7696,2.1737,2.7772,-14.477,2.8486,-19.362,3.0947,-0.099286,-10.912,-4.6434,1.762,10.34,7.8243,-0.87662,-7.4293,8.0085,-3.4221,-4.9211,-6.5877,10.704,-2.0997,-13.224,-21.397,22.398,-0.47256,15.602,-1.9346,12.867,0,-0.94092,-0.096838,7.9703,-6.1091,0.9087,-5.2493,3.8413,6.6637,6.5229,6.3448,7.6308,-1.3125,3.3056,-23.137,16.75,9.9336,-3.1593,-1.9101,3.6561,-12.558,-6.5754,-8.8812,-11.77,-7.9864,-1.7111,-1.1001,-1.49,16.221,11.181,-5.83,5.4702,-1.7914,-11.556,-4.1554,-7.055,-16.016,6.6236,6.5265,-9.6452,-19.087,3.397,19.922,6.3824,-8.7431,-5.611,-0.32452,9.2057,-12.779,-14.961,8.8738,0.82657,-0.77965,-20.186,-10.79,-0.94092,0,-13.962,11.038,-1.1731,26.899,-2.7584,3.4518,7.5615,5.6276,-8.4055,15.738,-7.4015,30.117,-1.8873,8.0152,7.6716,18.253,-2.67,4.3427,16.206,-5.5857,4.315,-3.3365,-0.77771,8.0464,10.871,4.0868,0.61904,-4.042,23.037,-15.667,17.551,-6.0492,3.4436,-0.53611,4.3702,-0.51549,3.2259,-17.455,-4.9662,8.2684,-6.5631,0.72281,2.7682,4.8439,-16.631,2.405,11.813,2.6862,-8.9456,-14.18,-4.7997,16.915,0.10368,-0.096838,-13.962,0,-8.1668,-10.387,-5.3581,-6.9118,3.7579,5.0881,-6.1469,0.7666,-11.332,-0.87158,-12.243,4.4855,-1.387,-17.342,-9.0103,7.8484,-20.782,-6.4407,-0.48979,0.27111,3.7814,2.1403,-9.2361,-5.4479,-1.943,2.1772,4.0893,-15.035,12.537,-9.7991,-0.38993,2.7847,8.828,-3.1746,-6.2002,-5.6495,7.4824,6.6601,-14.118,13.241,-7.3054,10.373,-4.5977,19.434,11.313,-13.495,-0.35705,2.0194,5.7656,14.148,-8.2723,-8.2458,7.9703,11.038,-8.1668,0,-6.2822,8.6523,9.1036,5.1666,5.8322,2.7043,9.88,32.163,-17.926,17.659,-21.075,26.335,12.044,22.149,0.42572,10.177,-4.0609,-26.424,-9.3434,-1.7408,-24.658,-4.0149,16.348,-6.3571,16.095,11.444,13.905,3.5847,22.024,-17.651,-11.003,0.12913,-13.047,15.438,-3.6922,-26.157,-23.739,24.205,2.3584,22.854,-12.55,-0.15315,-20.707,2.7373,4.3392,5.7062,-11.115,2.133,-7.0393,-0.66723,3.1331,-6.1091,-1.1731,-10.387,-6.2822,0,-2.2617,6.9902,3.2793,-4.0769,-5.6262,-4.2627,-8.2371,14.559,-2.9054,5.2302,-12.143,-2.375,-5.1228,-8.5025,10.544,2.9008,10.94,-4.9396,4.7499,3.7519,-1.2766,-9.1477,-6.9053,-18.47,-9.3996,-2.7049,-12.229,0.49301,7.692,8.1913,-14.272,9.18,-6.4079,10.472,4.4812,2.2399,4.5,-16.874,-1.0257,-6.2208,1.0696,-3.8071,-7.7559,4.4986,-3.184,0.4137,6.1068,-5.1794,-14.29,-10.991,0.9087,26.899,-5.3581,8.6523,-2.2617,0,-7.107,12.364,19.421,-0.15996,-12.357,10.27,-5.491,25.808,-1.4621,9.7719,-0.089791,13.428,-3.683,0.13444,12.374,-7.4355,0.14023,-3.376,-0.53881,2.6953,7.9851,0.58616,0.75636,-1.4417,11.675,-13.934,15.783,-10.99,10.266,-2.3364,2.1533,-5.4072,6.8446,-19.726,-5.0722,4.9433,-2.202,-2.6521,5.9958,-0.24049,-9.6377,12.269,3.6235,-1.161,-10.839,-9.6852,6.9482,3.5538,-6.7584,-5.2493,-2.7584,-6.9118,9.1036,6.9902,-7.107,0,-0.79021,-8.7715,-3.2705,16.117,4.4812,-6.2418,-1.1374,-5.3006,0.51005,3.858,7.7046,2.3154,11.769,-5.8566,-6.1759,-8.713,11.206,-15.569,-9.3994,4.179,-13.312,-0.043244,2.7429,5.5624,5.6338,9.7453,0.48991,-12.76,0.74814,-3.1416,11.007,-8.8924,-1.2237,-6.0902,18.521,-9.1664,21.151,-17.399,3.9111,-12.634,-11.911,9.7028,14.342,-8.4695,15.322,-5.2325,1.0214,-6.2749,3.8413,3.4518,3.7579,5.1666,3.2793,12.364,-0.79021,0,26.045,-10.327,-3.8254,0.17959,-1.2224,6.5493,-4.6403,8.0847,-10.233,2.8536,-2.561,-0.41635,-1.5705,-8.0567,-14.631,3.5459,-7.0867,-14.819,-1.5426,-16.448,-0.697,3.3106,-3.6301,-3.8162,10.184,-12.724,11.784,-6.8763,-3.496,-7.7275,7.9672,-12.383,-8.5423,6.1521,2.2089,1.1405,-0.6522,-5.5574,-3.4839,20.447,-6.1712,-3.908,-9.4295,8.6776,-5.261,-4.1572,-5.2612,6.6637,7.5615,5.0881,5.8322,-4.0769,19.421,-8.7715,26.045,0,-7.1369,-8.2572,3.791,-2.5282,11.5,-4.5848,12.185,-7.5739,4.7149,-3.9521,-3.2482,0.48995,-10.211,-8.5164,-3.6451,-3.4173,-6.0682,3.006,-5.5021,4.2708,5.8406,-1.0598,-3.8052,8.3026,-18.1,12.552,-4.9168,-5.3876,-6.4483,9.0947,-15.486,-7.3287,1.5815,6.5573,-2.6413,4.3239,-8.3662,-0.87375,33.367,-8.8738,-6.8287,-8.3459,0.053233,13.897,-0.75117,3.4759,6.5229,5.6276,-6.1469,2.7043,-5.6262,-0.15996,-3.2705,-10.327,-7.1369,0,5.2873,6.066,-7.4718,1.0316,-5.1284,3.548,16.606,-0.56702,11.794,-3.0849,5.8029,4.4124,12.71,-0.054438,0.16461,6.2385,-3.4854,6.123,2.771,-7.9983,4.909,-2.4701,-1.5482,7.0232,-9.0226,8.124,4.4955,1.6203,-6.4189,-1.8116,-3.6611,0.43992,5.2941,1.6301,0.87035,17.823,-5.2976,-4.6631,8.3143,0.96855,13.209,-10.553,22.843,9.7296,0.87183,6.3448,-8.4055,0.7666,9.88,-4.2627,-12.357,16.117,-3.8254,-8.2572,5.2873,0,5.6436,-11.262,-5.6011,-14.561,7.3936,8.2361,1.5591,10.262,3.6657,-14.763,-7.8603,-6.6415,6.3986,-19.988,-10.908,0.80817,-9.7592,10.384,7.7035,-1.0593,18.048,1.8761,-1.1793,-26.94,6.037,-10.776,15.135,-14.083,-1.1545,-11.251,10.436,6.6434,22.724,-15.73,4.5834,-5.3664,-5.5646,1.2863,7.8155,2.042,13.228,13.224,-14.856,-6.1323,7.6308,15.738,-11.332,32.163,-8.2371,10.27,4.4812,0.17959,3.791,6.066,5.6436,0,-15.151,22.542,-16.408,22.114,17.489,23.272,-1.5788,10.225,-0.47343,-19.345,-3.5708,-6.7248,-13.929,3.4858,20.703,1.1539,16.708,9.5273,19.355,0.97051,17.173,-14.85,-10.593,0.32676,-10.433,16.389,-2.3532,-22.792,-17.042,16.546,1.5882,15.309,-8.7785,0.04117,-18.479,0.55634,5.682,3.9737,-8.3931,-5.0268,-11.153,-1.2304,15.439,-1.3125,-7.4015,-0.87158,-17.926,14.559,-5.491,-6.2418,-1.2224,-2.5282,-7.4718,-11.262,-15.151,0,-7.6844,9.066,-15.184,-5.4978,-16.244,-15.206,3.6348,-1.051,15.966,-1.3085,-7.0988,15.75,6.4391,-10.136,4.6676,-10.932,-3.6819,-11.865,-6.5613,-14.058,6.4128,13.054,-16.535,4.6483,-7.485,18.354,12.074,8.9583,-9.9399,-4.9572,-12.288,1.0978,-9.0571,11.664,-2.791,-8.3289,-16.037,8.0719,-0.33266,1.4279,-23.885,-9.006,3.3056,30.117,-12.243,17.659,-2.9054,25.808,-1.1374,6.5493,11.5,1.0316,-5.6011,22.542,-7.6844,0,-7.324,14.605,8.054,22.537,-6.9707,8.492,6.9109,-13.128,-2.711,-7.4659,-5.6267,5.5253,17.045,1.9148,6.7353,4.104,19.678,-8.9217,20.701,-15.244,1.7908,-4.2755,-3.5594,4.5877,5.3832,-26.501,-10.476,11.859,-3.3366,5.0117,-2.0014,-2.0942,-16.433,5.3192,5.4389,0.36388,-12.685,-8.9531,-24.067,2.7095,-3.6304,-23.137,-1.8873,4.4855,-21.075,5.2302,-1.4621,-5.3006,-4.6403,-4.5848,-5.1284,-14.561,-16.408,9.066,-7.324,0,-25.459,-13.74,-5.7244,-0.08911,-9.4787,13.504,15.65,13.717,5.2869,22.399,6.018,-5.2255,7.4737,-19.975,-14.344,-1.5147,-7.7707,-7.4628,15.291,11.57,4.3625,20.178,-14.73,-0.39599,16.308,40.031,-15.431,-11.276,-20.64,18.165,2.7271,9.8786,-4.6256,4.3744,3.615,-0.34791,-5.6416,14.054,-5.825,-3.2993,16.75,8.0152,-1.387,26.335,-12.143,9.7719,0.51005,8.0847,12.185,3.548,7.3936,22.114,-15.184,14.605,-25.459,0,8.8022,12.209,1.132,3.8125,-6.7378,-25.042,-9.3988,-5.7879,-18.635,-4.66,11.102,-4.5944,23.357,14.704,5.9391,5.6362,12.397,-24.104,-7.0416,-0.13425,-17.711,10.595,-0.80669,-26.694,-25.617,12.142,12.092,13.472,-7.4898,-3.3865,-9.8376,11.37,-3.6386,-1.0839,-5.4782,0.63839,20.651,-10.635,5.2363,9.9336,7.6716,-17.342,12.044,-2.375,-0.089791,3.858,-10.233,-7.5739,16.606,8.2361,17.489,-5.4978,8.054,-13.74,8.8022,0,6.4467,-0.82506,12.33,-1.2325,-3.4928,1.4962,-8.0986,-6.3647,9.1736,6.5803,5.5537,9.9047,2.6338,10.65,-0.20528,3.8625,-1.8751,-14.751,-1.7543,-5.1137,15.674,-1.0902,-7.4738,-11.842,10.181,1.1794,11.777,-11.843,4.9156,-12.339,-9.0123,6.676,-0.7249,5.1359,-6.9242,3.1082,-12.688,-18.943,-3.1593,18.253,-9.0103,22.149,-5.1228,13.428,7.7046,2.8536,4.7149,-0.56702,1.5591,23.272,-16.244,22.537,-5.7244,12.209,6.4467,0,-0.85796,7.1834,5.0138,-18.477,-2.0478,0.2497,-11.083,1.0907,25.545,-1.169,7.3471,5.2394,28.546,-1.7664,28.123,-11.498,-5.6245,3.4659,-3.9502,9.5772,-5.1222,-17.749,-7.8433,15.802,-6.1014,11.152,-3.6276,1.2037,-19.632,-0.16805,11.236,12.367,-21.749,-3.2667,6.6557,15.629,-6.9125,-1.9101,-2.67,7.8484,0.42572,-8.5025,-3.683,2.3154,-2.561,-3.9521,11.794,10.262,-1.5788,-15.206,-6.9707,-0.08911,1.132,-0.82506,-0.85796,0,-15.359,2.7958,0.7354,8.6751,16.716,-4.3692,-8.8599,-5.9168,-4.777,-0.17042,-7.0725,-0.5034,5.7259,-0.0043658,7.7318,-8.3118,25.661,4.9739,-3.1431,-22.629,2.154,0.91247,-1.186,6.3587,2.0505,5.3451,19.736,-0.82018,0.25544,6.8459,12.569,4.017,2.1119,5.9926,-12.749,3.4395,3.6561,4.3427,-20.782,10.177,10.544,0.13444,11.769,-0.41635,-3.2482,-3.0849,3.6657,10.225,3.6348,8.492,-9.4787,3.8125,12.33,7.1834,-15.359,0,-5.3601,-5.1762,-11.972,-6.9083,-7.6988,3.3976,7.8619,-2.6059,3.2264,6.7308,7.1492,-2.5828,7.9145,-6.3513,-4.6843,-16.624,-7.0964,13.512,8.162,-6.9278,-10.893,17.126,-8.8366,13.5,-23.174,-5.9362,-12.806,-8.6588,2.9419,-2.5682,-4.7705,3.39,-10.44,-6.8701,-10.144,-12.558,16.206,-6.4407,-4.0609,2.9008,12.374,-5.8566,-1.5705,0.48995,5.8029,-14.763,-0.47343,-1.051,6.9109,13.504,-6.7378,-1.2325,5.0138,2.7958,-5.3601,0,8.0355,17.513,4.3716,11.54,9.0659,-0.18005,7.0497,-13.339,-20.889,11.469,-21.804,4.8666,8.5414,9.0582,5.3159,24.192,-12.493,-0.15349,-0.54334,9.7989,-3.1386,-11.806,-11.12,14.854,12.317,-4.9181,-2.0986,16.013,5.4254,-2.7592,-15.895,-8.116,4.911,9.2562,-6.5754,-5.5857,-0.48979,-26.424,10.94,-7.4355,-6.1759,-8.0567,-10.211,4.4124,-7.8603,-19.345,15.966,-13.128,15.65,-25.042,-3.4928,-18.477,0.7354,-5.1762,8.0355,0,12.187,2.7101,21.448,6.7211,-19.283,6.2673,-20.22,-20.212,-8.141,-9.2298,-15.976,26.839,7.8824,-1.28,19.42,-13.876,3.9925,19.303,16.061,-13.611,-5.7602,-15.987,7.9633,6.9442,9.2951,-7.942,2.2589,-5.0847,15.472,-4.766,-3.8518,-0.39941,-1.9731,-8.8812,4.315,0.27111,-9.3434,-4.9396,0.14023,-8.713,-14.631,-8.5164,12.71,-6.6415,-3.5708,-1.3085,-2.711,13.717,-9.3988,1.4962,-2.0478,8.6751,-11.972,17.513,12.187,0,1.8164,15.463,13.136,-2.4318,16.474,-6.8091,-15.7,5.0936,-6.0511,-6.477,15.857,0.37275,13.76,16.788,-6.7575,-7.2624,8.6827,15.594,-12.498,-2.6934,-12.763,17.519,13.353,3.9716,-6.465,9.8997,5.0908,6.9356,-18.601,-2.0688,15.868,-12.484,-11.77,-3.3365,3.7814,-1.7408,4.7499,-3.376,11.206,3.5459,-3.6451,-0.054438,6.3986,-6.7248,-7.0988,-7.4659,5.2869,-5.7879,-8.0986,0.2497,16.716,-6.9083,4.3716,2.7101,1.8164,0,-4.4568,-15.479,-7.5116,-14.644,-10.873,-10.742,-0.479,0.13906,4.7156,9.5962,-1.5795,11.241,10.018,-7.1835,-13.461,3.8342,3.4898,3.6634,-5.8669,2.7325,1.7905,15.304,-4.1332,-2.9106,10.839,16.887,-3.8256,10.627,-16.07,-1.9671,5.9844,-7.9864,-0.77771,2.1403,-24.658,3.7519,-0.53881,-15.569,-7.0867,-3.4173,0.16461,-19.988,-13.929,15.75,-5.6267,22.399,-18.635,-6.3647,-11.083,-4.3692,-7.6988,11.54,21.448,15.463,-4.4568,0,14.512,-7.4348,16.193,-13.315,-12.396,-4.233,-10.218,-14.414,12.975,13.613,-1.0337,15.257,-13.844,6.882,14.33,23.442,-22.919,-4.7292,-32.855,17.484,-0.10847,13.693,-2.5037,-1.0105,-6.8195,8.1448,-13.277,-2.5464,-16.843,5.6836,-1.7111,8.0464,-9.2361,-4.0149,-1.2766,2.6953,-9.3994,-14.819,-6.0682,6.2385,-10.908,3.4858,6.4391,5.5253,6.018,-4.66,9.1736,1.0907,-8.8599,3.3976,9.0659,6.7211,13.136,-15.479,14.512,0,5.8115,32.934,-0.3754,-3.3886,8.0927,-8.0207,-5.0566,3.9322,1.4172,-2.5297,4.79,2.2209,5.5796,2.9928,7.3136,-6.9063,-4.8091,-8.4156,5.3099,-1.1967,1.7083,-7.8595,3.4911,-4.9291,4.5978,-25.848,2.8197,-15.021,-9.7758,-1.1001,10.871,-5.4479,16.348,-9.1477,7.9851,4.179,-1.5426,3.006,-3.4854,0.80817,20.703,-10.136,17.045,-5.2255,11.102,6.5803,25.545,-5.9168,7.8619,-0.18005,-19.283,-2.4318,-7.5116,-7.4348,5.8115,0,5.0521,13.179,12.748,18.933,3.4247,13.024,-14.281,-6.9431,1.5365,-9.7349,15.684,-3.1566,-11.484,-5.1403,8.5038,-2.6515,8.6337,-3.546,-6.5352,-8.819,-0.78695,3.6815,7.1355,-16.992,-4.8624,-2.8492,-10.355,5.7696,-1.49,4.0868,-1.943,-6.3571,-6.9053,0.58616,-13.312,-16.448,-5.5021,6.123,-9.7592,1.1539,4.6676,1.9148,7.4737,-4.5944,5.5537,-1.169,-4.777,-2.6059,7.0497,6.2673,16.474,-14.644,16.193,32.934,5.0521,0,1.7467,-1.8194,4.6041,-3.0099,-9.1112,4.1806,0.61133,2.1199,3.4627,1.4201,1.9887,5.7174,10.332,-12.998,0.085137,-11.329,9.7906,-1.8654,7.1528,-4.9164,0.15313,-4.2488,6.1321,-25.373,16.302,-4.0106,2.1737,16.221,0.61904,2.1772,16.095,-18.47,0.75636,-0.043244,-0.697,4.2708,2.771,10.384,16.708,-10.932,6.7353,-19.975,23.357,9.9047,7.3471,-0.17042,3.2264,-13.339,-20.22,-6.8091,-10.873,-13.315,-0.3754,13.179,1.7467,0,24.418,2.7851,15.146,3.1494,-18.032,-13.179,1.5748,-27.819,19.308,-3.4267,-10.914,-14.759,5.2935,15.991,11.982,-7.6735,-7.7448,-2.0465,5.6469,-7.8549,-1.7014,-1.5849,0.074129,7.7002,-2.9496,2.7772,11.181,-4.042,4.0893,11.444,-9.3996,-1.4417,2.7429,3.3106,5.8406,-7.9983,7.7035,9.5273,-3.6819,4.104,-14.344,14.704,2.6338,5.2394,-7.0725,6.7308,-20.889,-20.212,-15.7,-10.742,-12.396,-3.3886,12.748,-1.8194,24.418,0,-1.3034,16.657,2.3061,-22.052,-7.4488,-4.5183,-41.984,17.411,1.1092,-7.4154,-11.436,5.1202,10.185,10.985,-10.354,-19.052,1.0572,5.9688,-13.437,-3.4747,-5.8877,6.5291,2.5101,-16.164,-14.477,-5.83,23.037,-15.035,13.905,-2.7049,11.675,5.5624,-3.6301,-1.0598,4.909,-1.0593,19.355,-11.865,19.678,-1.5147,5.9391,10.65,28.546,-0.5034,7.1492,11.469,-8.141,5.0936,-0.479,-4.233,8.0927,18.933,4.6041,2.7851,-1.3034,0,-6.6778,18.409,-3.5951,-5.5122,4.2958,2.3418,7.4987,-4.9326,-11.342,-3.1721,11.432,-10.313,6.7094,-1.181,6.1456,-19.579,-6.1062,19.196,12.08,-12.602,-9.8848,10.265,10.882,2.8486,5.4702,-15.667,12.537,3.5847,-12.229,-13.934,5.6338,-3.8162,-3.8052,-2.4701,18.048,0.97051,-6.5613,-8.9217,-7.7707,5.6362,-0.20528,-1.7664,5.7259,-2.5828,-21.804,-9.2298,-6.0511,0.13906,-10.218,-8.0207,3.4247,-3.0099,15.146,16.657,-6.6778,0,-5.0503,-4.7235,-15.521,6.9087,-17.122,13.13,-11.481,3.3983,-3.6272,-0.58723,13.115,9.2802,-6.0893,-5.7057,6.577,0.33986,-9.2078,3.6501,0.95592,10.776,2.4833,-8.725,-19.362,-1.7914,17.551,-9.7991,22.024,0.49301,15.783,9.7453,10.184,8.3026,-1.5482,1.8761,17.173,-14.058,20.701,-7.4628,12.397,3.8625,28.123,-0.0043658,7.9145,4.8666,-15.976,-6.477,4.7156,-14.414,-5.0566,13.024,-9.1112,3.1494,2.3061,18.409,-5.0503,0,-11.268,-1.9055,0.14044,-2.1518,4.4324,-2.1409,-22.559,-11.802,23.003,-6.8466,12.439,-5.8208,3.0766,-26.88,2.7376,10.993,10.035,-20.874,1.6276,-4.2436,8.6538,3.0947,-11.556,-6.0492,-0.38993,-17.651,7.692,-10.99,0.48991,-12.724,-18.1,7.0232,-1.1793,-14.85,6.4128,-15.244,15.291,-24.104,-1.8751,-11.498,7.7318,-6.3513,8.5414,26.839,15.857,9.5962,12.975,3.9322,-14.281,4.1806,-18.032,-22.052,-3.5951,-4.7235,-11.268,0,0.40069,6.4117,21.042,-8.8099,-5.4421,21.06,16.545,-9.2073,-7.5897,-8.7957,6.5759,14.415,5.2375,-14.189,8.9625,4.2413,11.348,-2.5472,-23.793,-2.7935,-0.099286,-4.1554,3.4436,2.7847,-11.003,8.1913,10.266,-12.76,11.784,12.552,-9.0226,-26.94,-10.593,13.054,1.7908,11.57,-7.0416,-14.751,-5.6245,-8.3118,-4.6843,9.0582,7.8824,0.37275,-1.5795,13.613,1.4172,-6.9431,0.61133,-13.179,-7.4488,-5.5122,-15.521,-1.9055,0.40069,0,-8.7135,9.3636,-22.889,16.572,1.0018,7.7973,-8.4952,-4.37,-19.139,11.994,-5.2229,6.3637,10.381,-5.0198,-9.9573,-1.53,-3.7346,2.6855,9.2705,-10.912,-7.055,-0.53611,8.828,0.12913,-14.272,-2.3364,0.74814,-6.8763,-4.9168,8.124,6.037,0.32676,-16.535,-4.2755,4.3625,-0.13425,-1.7543,3.4659,25.661,-16.624,5.3159,-1.28,13.76,11.241,-1.0337,-2.5297,1.5365,2.1199,1.5748,-4.5183,4.2958,6.9087,0.14044,6.4117,-8.7135,0,4.6916,-0.51815,-30.06,3.5223,6.1223,-4.2856,3.7172,-0.42708,9.9509,13.531,1.102,-1.535,8.0139,17.872,-0.60796,-2.7762,-12.066,1.7108,-4.6434,-16.016,4.3702,-3.1746,-13.047,9.18,2.1533,-3.1416,-3.496,-5.3876,4.4955,-10.776,-10.433,4.6483,-3.5594,20.178,-17.711,-5.1137,-3.9502,4.9739,-7.0964,24.192,19.42,16.788,10.018,15.257,4.79,-9.7349,3.4627,-27.819,-41.984,2.3418,-17.122,-2.1518,21.042,9.3636,4.6916,0,-18.102,-0.89704,8.6636,15.857,-6.7016,-13.07,-13.544,13.062,14.954,0.24241,-6.1782,13.402,4.5965,2.9649,-7.4368,17.136,-5.7113,1.762,6.6236,-0.51549,-6.2002,15.438,-6.4079,-5.4072,11.007,-7.7275,-6.4483,1.6203,15.135,16.389,-7.485,4.5877,-14.73,10.595,15.674,9.5772,-3.1431,13.512,-12.493,-13.876,-6.7575,-7.1835,-13.844,2.2209,15.684,1.4201,19.308,17.411,7.4987,13.13,4.4324,-8.8099,-22.889,-0.51815,-18.102,0,-5.446,-5.4136,-11.128,11.201,2.5745,20.518,-17.308,-4.9525,-7.0578,-7.5492,0.35554,3.8562,-3.4279,2.7097,-7.1708,-10.534,10.34,6.5265,3.2259,-5.6495,-3.6922,10.472,6.8446,-8.8924,7.9672,9.0947,-6.4189,-14.083,-2.3532,18.354,5.3832,-0.39599,-0.80669,-1.0902,-5.1222,-22.629,8.162,-0.15349,3.9925,-7.2624,-13.461,6.882,5.5796,-3.1566,1.9887,-3.4267,1.1092,-4.9326,-11.481,-2.1409,-5.4421,16.572,-30.06,-0.89704,-5.446,0,-3.2537,-2.2735,-1.4709,-1.8551,-6.8573,-1.622,-12.494,2.309,6.0735,-9.4125,-24.283,2.2133,-2.967,-7.0204,11.491,7.8243,-9.6452,-17.455,7.4824,-26.157,4.4812,-19.726,-1.2237,-12.383,-15.486,-1.8116,-1.1545,-22.792,12.074,-26.501,16.308,-26.694,-7.4738,-17.749,2.154,-6.9278,-0.54334,19.303,8.6827,3.8342,14.33,2.9928,-11.484,5.7174,-10.914,-7.4154,-11.342,3.3983,-22.559,21.06,1.0018,3.5223,8.6636,-5.4136,-3.2537,0,21.592,-16.783,-2.9765,-10.653,6.1025,1.4173,17.44,-10.331,-1.7375,0.21849,10.401,1.5042,-18.081,4.2066,-0.87662,-19.087,-4.9662,6.6601,-23.739,2.2399,-5.0722,-6.0902,-8.5423,-7.3287,-3.6611,-11.251,-17.042,8.9583,-10.476,40.031,-25.617,-11.842,-7.8433,0.91247,-10.893,9.7989,16.061,15.594,3.4898,23.442,7.3136,-5.1403,10.332,-14.759,-11.436,-3.1721,-3.6272,-11.802,16.545,7.7973,6.1223,15.857,-11.128,-2.2735,21.592,0,-20.036,-7.6159,-20.231,17.804,1.9547,13.832,-5.8884,2.3589,3.1112,2.4101,-6.0061,10.723,-5.7107,-7.4293,3.397,8.2684,-14.118,24.205,4.5,4.9433,18.521,6.1521,1.5815,0.43992,10.436,16.546,-9.9399,11.859,-15.431,12.142,10.181,15.802,-1.186,17.126,-3.1386,-13.611,-12.498,3.6634,-22.919,-6.9063,8.5038,-12.998,5.2935,5.1202,11.432,-0.58723,23.003,-9.2073,-8.4952,-4.2856,-6.7016,11.201,-1.4709,-16.783,-20.036,0,-5.2161,26.441,-19.838,2.5097,-29.854,-2.7184,8.5151,6.6317,-10.628,7.6218,10.254,6.6588,8.0085,19.922,-6.5631,13.241,2.3584,-16.874,-2.202,-9.1664,2.2089,6.5573,5.2941,6.6434,1.5882,-4.9572,-3.3366,-11.276,12.092,1.1794,-6.1014,6.3587,-8.8366,-11.806,-5.7602,-2.6934,-5.8669,-4.7292,-4.8091,-2.6515,0.085137,15.991,10.185,-10.313,13.115,-6.8466,-7.5897,-4.37,3.7172,-13.07,2.5745,-1.8551,-2.9765,-7.6159,-5.2161,0,0.90854,0.84111,-3.9761,8.265,13.416,-16.272,-8.0891,9.0797,1.1395,19.305,-0.56658,-3.4221,6.3824,0.72281,-7.3054,22.854,-1.0257,-2.6521,21.151,1.1405,-2.6413,1.6301,22.724,15.309,-12.288,5.0117,-20.64,13.472,11.777,11.152,2.0505,13.5,-11.12,-15.987,-12.763,2.7325,-32.855,-8.4156,8.6337,-11.329,11.982,10.985,6.7094,9.2802,12.439,-8.7957,-19.139,-0.42708,-13.544,20.518,-6.8573,-10.653,-20.231,26.441,0.90854,0,-25.316,1.0063,-16.066,-4.3255,4.0977,7.4607,-6.2453,11.014,-15.013,1.9915,-4.9211,-8.7431,2.7682,10.373,-12.55,-6.2208,5.9958,-17.399,-0.6522,4.3239,0.87035,-15.73,-8.7785,1.0978,-2.0014,18.165,-7.4898,-11.843,-3.6276,5.3451,-23.174,14.854,7.9633,17.519,1.7905,17.484,5.3099,-3.546,9.7906,-7.6735,-10.354,-1.181,-6.0893,-5.8208,6.5759,11.994,9.9509,13.062,-17.308,-1.622,6.1025,17.804,-19.838,0.84111,-25.316,0,3.5501,10.788,6.4361,0.22871,0.77778,1.2976,-12.205,4.6478,5.4158,-6.5877,-5.611,4.8439,-4.5977,-0.15315,1.0696,-0.24049,3.9111,-5.5574,-8.3662,17.823,4.5834,0.04117,-9.0571,-2.0942,2.7271,-3.3865,4.9156,1.2037,19.736,-5.9362,12.317,6.9442,13.353,15.304,-0.10847,-1.1967,-6.5352,-1.8654,-7.7448,-19.052,6.1456,-5.7057,3.0766,14.415,-5.2229,13.531,14.954,-4.9525,-12.494,1.4173,1.9547,2.5097,-3.9761,1.0063,3.5501,0,-8.1376,-7.2674,20,11.727,4.6037,-3.4551,-8.2567,9.3634,10.704,-0.32452,-16.631,19.434,-20.707,-3.8071,-9.6377,-12.634,-3.4839,-0.87375,-5.2976,-5.3664,-18.479,11.664,-16.433,9.8786,-9.8376,-12.339,-19.632,-0.82018,-12.806,-4.9181,9.2951,3.9716,-4.1332,13.693,1.7083,-8.819,7.1528,-2.0465,1.0572,-19.579,6.577,-26.88,5.2375,6.3637,1.102,0.24241,-7.0578,2.309,17.44,13.832,-29.854,8.265,-16.066,10.788,-8.1376,0,4.0218,-16.382,-8.6637,9.8404,-0.21598,-3.3509,1.1559,-2.0997,9.2057,2.405,11.313,2.7373,-7.7559,12.269,-11.911,20.447,33.367,-4.6631,-5.5646,0.55634,-2.791,5.3192,-4.6256,11.37,-9.0123,-0.16805,0.25544,-8.6588,-2.0986,-7.942,-6.465,-2.9106,-2.5037,-7.8595,-0.78695,-4.9164,5.6469,5.9688,-6.1062,0.33986,2.7376,-14.189,10.381,-1.535,-6.1782,-7.5492,6.0735,-10.331,-5.8884,-2.7184,13.416,-4.3255,6.4361,-7.2674,4.0218,0,-13.299,-8.0831,-3.0185,0.89866,0.92762,-3.9547,-13.224,-12.779,11.813,-13.495,4.3392,4.4986,3.6235,9.7028,-6.1712,-8.8738,8.3143,1.2863,5.682,-8.3289,5.4389,4.3744,-3.6386,6.676,11.236,6.8459,2.9419,16.013,2.2589,9.8997,10.839,-1.0105,3.4911,3.6815,0.15313,-7.8549,-13.437,19.196,-9.2078,10.993,8.9625,-5.0198,8.0139,13.402,0.35554,-9.4125,-1.7375,2.3589,8.5151,-16.272,4.0977,0.22871,20,-16.382,-13.299,0,17.876,-5.428,-5.0056,1.1481,4.3433,-21.397,-14.961,2.6862,-0.35705,5.7062,-3.184,-1.161,14.342,-3.908,-6.8287,0.96855,7.8155,3.9737,-16.037,0.36388,3.615,-1.0839,-0.7249,12.367,12.569,-2.5682,5.4254,-5.0847,5.0908,16.887,-6.8195,-4.9291,7.1355,-4.2488,-1.7014,-3.4747,12.08,3.6501,10.035,4.2413,-9.9573,17.872,4.5965,3.8562,-24.283,0.21849,3.1112,6.6317,-8.0891,7.4607,0.77778,11.727,-8.6637,-8.0831,17.876,0,-11.423,3.1057,6.0616,6.4293,22.398,8.8738,-8.9456,2.0194,-11.115,0.4137,-10.839,-8.4695,-9.4295,-8.3459,13.209,2.042,-8.3931,8.0719,-12.685,-0.34791,-5.4782,5.1359,-21.749,4.017,-4.7705,-2.7592,15.472,6.9356,-3.8256,8.1448,4.5978,-16.992,6.1321,-1.5849,-5.8877,-12.602,0.95592,-20.874,11.348,-1.53,-0.60796,2.9649,-3.4279,2.2133,10.401,2.4101,-10.628,9.0797,-6.2453,1.2976,4.6037,9.8404,-3.0185,-5.428,-11.423,0,-3.628,2.8456,14.45,-0.47256,0.82657,-14.18,5.7656,2.133,6.1068,-9.6852,15.322,8.6776,0.053233,-10.553,13.228,-5.0268,-0.33266,-8.9531,-5.6416,0.63839,-6.9242,-3.2667,2.1119,3.39,-15.895,-4.766,-18.601,10.627,-13.277,-25.848,-4.8624,-25.373,0.074129,6.5291,-9.8848,10.776,1.6276,-2.5472,-3.7346,-2.7762,-7.4368,2.7097,-2.967,1.5042,-6.0061,7.6218,1.1395,11.014,-12.205,-3.4551,-0.21598,0.89866,-5.0056,3.1057,-3.628,0
