0,-1.9238,-7.8619,-3.0887,1.8242,2.4395,3.5505,-4.3183,4.7293,-2.1932,0.52918,-0.84985,-0.095019,2.6371,-1.3381,-1.4771,-3.2195,-3.0909,-1.1556,-4.5605,1.8042,-1.9238,0,5.275,9.26,-8.3409,-10.342,-5.5026,7.2081,-5.3984,9.6307,8.3212,10.766,4.8744,-3.8622,-0.33132,-3.7784,7.5049,-3.0927,-1.5705,-0.36744,-10.571,-7.8619,5.275,0,5.9195,-2.4006,-4.9716,-7.5707,5.4244,-12.496,8.7088,5.0273,5.5129,-0.58459,-1.5331,-1.3146,-1.9117,7.4669,-0.087079,-0.7364,3.9383,-7.1278,-3.0887,9.26,5.9195,0,-10.142,-11.608,-7.6564,11.958,-3.3891,5.7041,5.4733,5.8229,3.2872,1.1001,1.1447,-3.5001,5.3051,-0.79057,-0.21599,-1.3945,-7.5221,1.8242,-8.3409,-2.4006,-10.142,0,9.451,3.3015,-7.097,-0.40476,-4.3614,-2.9004,-5.1587,-7.5416,0.92544,-5.2126,1.8924,-3.2579,-1.9408,0.081474,4.5619,7.7096,2.4395,-10.342,-4.9716,-11.608,9.451,0,6.8522,-8.2158,3.647,-6.2589,-5.9013,-7.6166,-4.0091,0.7397,-1.079,2.4785,-7.3388,0.62981,3.1647,0.68256,6.9316,3.5505,-5.5026,-7.5707,-7.6564,3.3015,6.8522,0,-7.6458,5.4898,-6.2459,-5.3508,-6.6078,-0.31298,-0.92124,2.669,0.59091,-10.069,2.3175,3.5842,0.96589,2.7065,-4.3183,7.2081,5.4244,11.958,-7.097,-8.2158,-7.6458,0,-2.5065,5.7598,3.7833,5.8617,4.4994,0.42421,-1.3527,-1.3011,3.4817,-3.3409,1.9308,0.267,-5.7556,4.7293,-5.3984,-12.496,-3.3891,-0.40476,3.647,5.4898,-2.5065,0,-9.3411,-6.9256,-5.6466,2.7181,1.9014,3.1603,3.7849,-7.5484,0.918,0.97623,-5.8996,6.6795,-2.1932,9.6307,8.7088,5.7041,-4.3614,-6.2589,-6.2459,5.7598,-9.3411,0,11.029,11.2,2.6321,-2.4139,-2.8855,-4.5241,8.8224,-2.9186,-1.094,1.8777,-10.412,0.52918,8.3212,5.0273,5.4733,-2.9004,-5.9013,-5.3508,3.7833,-6.9256,11.029,0,9.8666,2.2175,-1.6021,-4.0913,-4.6605,8.9387,-3.0047,-2.7497,0.75754,-6.024,-0.84985,10.766,5.5129,5.8229,-5.1587,-7.6166,-6.6078,5.8617,-5.6466,11.2,9.8666,0,4.0377,-2.6228,-2.9701,-2.7476,9.1882,-3.1266,-2.3534,-0.99257,-7.2962,-0.095019,4.8744,-0.58459,3.2872,-7.5416,-4.0091,-0.31298,4.4994,2.7181,2.6321,2.2175,4.0377,0,-3.2916,-0.059411,2.8255,0.81756,-1.7387,-1.5797,-2.4156,-3.1943,2.6371,-3.8622,-1.5331,1.1001,0.92544,0.7397,-0.92124,0.42421,1.9014,-2.4139,-1.6021,-2.6228,-3.2916,0,0.058277,-1.5879,-2.3827,-0.59623,1.7637,-1.6674,2.0434,-1.3381,-0.33132,-1.3146,1.1447,-5.2126,-1.079,2.669,-1.3527,3.1603,-2.8855,-4.0913,-2.9701,-0.059411,0.058277,0,-0.24879,-2.558,8.7641,2.2062,-2.5362,-1.307,-1.4771,-3.7784,-1.9117,-3.5001,1.8924,2.4785,0.59091,-1.3011,3.7849,-4.5241,-4.6605,-2.7476,2.8255,-1.5879,-0.24879,0,-1.9762,0.050418,-2.5418,0.34677,6.0667,-3.2195,7.5049,7.4669,5.3051,-3.2579,-7.3388,-10.069,3.4817,-7.5484,8.8224,8.9387,9.1882,0.81756,-2.3827,-2.558,-1.9762,0,-0.58326,-6.8913,-0.70295,-3.8469,-3.0909,-3.0927,-0.087079,-0.79057,-1.9408,0.62981,2.3175,-3.3409,0.918,-2.9186,-3.0047,-3.1266,-1.7387,-0.59623,8.7641,0.050418,-0.58326,0,0.87903,-0.89003,0.65127,-1.1556,-1.5705,-0.7364,-0.21599,0.081474,3.1647,3.5842,1.9308,0.97623,-1.094,-2.7497,-2.3534,-1.5797,1.7637,2.2062,-2.5418,-6.8913,0.87903,0,2.3173,-1.7531,-4.5605,-0.36744,3.9383,-1.3945,4.5619,0.68256,0.96589,0.267,-5.8996,1.8777,0.75754,-0.99257,-2.4156,-1.6674,-2.5362,0.34677,-0.70295,-0.89003,2.3173,0,-0.98593,1.8042,-10.571,-7.1278,-7.5221,7.7096,6.9316,2.7065,-5.7556,6.6795,-10.412,-6.024,-7.2962,-3.1943,2.0434,-1.307,6.0667,-3.8469,0.65127,-1.7531,-0.98593,0
