0,-2.609,-6.6264,-13.323,0.091388,6.8001,-2.5821,-11.651,9.3226,-0.75763,-2.8911,-4.1877,11.923,10.123,-2.8905,-4.5064,-6.2987,-5.4749,-1.6258,4.8666,0.91333,-2.609,0,-4.9089,4.0299,1.7757,-1.3892,-5.7555,6.1568,-6.8673,2.1255,1.7724,-0.68595,-0.18216,-2.3461,1.895,-1.9361,2.1855,6.0057,9.9581,2.3454,-8.5152,-6.6264,-4.9089,0,6.2675,-3.993,-7.5336,7.921,2.9465,-2.6575,1.7424,3.4708,5.4146,-8.0558,-4.1865,-0.51779,3.5499,5.1938,0.73916,-5.2863,-5.5922,3.2267,-13.323,4.0299,6.2675,0,-2.2633,-6.5193,0.94661,14.106,-8.94,2.5978,6.2099,4.7511,-8.9998,-7.9165,-0.047201,0.943,8.9515,6.9284,0.96965,-3.9225,-3.2347,0.091388,1.7757,-3.993,-2.2633,0,5.8017,0.42348,-1.3715,-1.3802,-0.85652,-4.5071,-2.7015,-1.7495,-1.4113,-1.0554,4.4942,-2.9964,-4.5473,3.8498,3.6031,-0.44109,6.8001,-1.3892,-7.5336,-6.5193,5.8017,0,-4.4648,-4.8845,6.9992,-3.7236,-4.508,-5.5551,5.5875,4.0475,-5.6725,-1.2765,-4.3865,-6.5833,0.054015,4.0177,1.1049,-2.5821,-5.7555,7.921,0.94661,0.42348,-4.4648,0,-1.4021,-1.1536,1.7764,-1.2112,3.75,-4.7347,-2.3372,0.09484,4.0194,0.36908,-4.1744,-5.2244,-0.85125,2.8201,-11.651,6.1568,2.9465,14.106,-1.3715,-4.8845,-1.4021,0,-7.7451,-0.52312,3.5922,0.61756,-7.1775,-6.5253,2.2912,0.14125,5.6352,9.8384,4.3641,-3.091,-4.2401,9.3226,-6.8673,-2.6575,-8.94,-1.3802,6.9992,-1.1536,-7.7451,0,-6.4538,-6.0356,-4.3631,8.5425,7.2731,-2.6145,-2.1054,-6.8463,-5.8955,-4.7306,0.56064,6.6991,-0.75763,2.1255,1.7424,2.5978,-0.85652,-3.7236,1.7764,-0.52312,-6.4538,0,9.1186,8.093,-1.4428,-2.8444,-2.8233,-1.9367,7.3685,0.49487,-0.72279,1.9485,-4.9283,-2.8911,1.7724,3.4708,6.2099,-4.5071,-4.508,-1.2112,3.5922,-6.0356,9.1186,0,5.295,-3.4509,-3.5079,-2.1938,-2.4833,9.0673,5.1007,0.16602,-1.9832,-5.021,-4.1877,-0.68595,5.4146,4.7511,-2.7015,-5.5551,3.75,0.61756,-4.3631,8.093,5.295,0,-3.6219,-5.2349,-1.6791,0.26584,7.2635,0.14815,-4.231,-1.9656,-0.28775,11.923,-0.18216,-8.0558,-8.9998,-1.7495,5.5875,-4.7347,-7.1775,8.5425,-1.4428,-3.4509,-3.6219,0,9.0432,-1.4098,-5.7851,-4.7928,-3.0209,-1.0199,3.2653,1.32,10.123,-2.3461,-4.1865,-7.9165,-1.4113,4.0475,-2.3372,-6.5253,7.2731,-2.8444,-3.5079,-5.2349,9.0432,0,-1.2101,-2.8138,-5.4274,-3.1485,-1.5286,1.1884,2.1745,-2.8905,1.895,-0.51779,-0.047201,-1.0554,-5.6725,0.09484,2.2912,-2.6145,-2.8233,-2.1938,-1.6791,-1.4098,-1.2101,0,2.4425,-3.2998,5.1769,4.2306,-2.4132,0.156,-4.5064,-1.9361,3.5499,0.943,4.4942,-1.2765,4.0194,0.14125,-2.1054,-1.9367,-2.4833,0.26584,-5.7851,-2.8138,2.4425,0,-1.8986,-1.7466,0.18383,-2.6799,4.5323,-6.2987,2.1855,5.1938,8.9515,-2.9964,-4.3865,0.36908,5.6352,-6.8463,7.3685,9.0673,7.2635,-4.7928,-5.4274,-3.2998,-1.8986,0,3.7701,-2.0142,-2.5082,-3.2436,-5.4749,6.0057,0.73916,6.9284,-4.5473,-6.5833,-4.1744,9.8384,-5.8955,0.49487,5.1007,0.14815,-3.0209,-3.1485,5.1769,-1.7466,3.7701,0,5.161,-2.0611,-4.5349,-1.6258,9.9581,-5.2863,0.96965,3.8498,0.054015,-5.2244,4.3641,-4.7306,-0.72279,0.16602,-4.231,-1.0199,-1.5286,4.2306,0.18383,-2.0142,5.161,0,2.7814,-6.3171,4.8666,2.3454,-5.5922,-3.9225,3.6031,4.0177,-0.85125,-3.091,0.56064,1.9485,-1.9832,-1.9656,3.2653,1.1884,-2.4132,-2.6799,-2.5082,-2.0611,2.7814,0,-5.1971,0.91333,-8.5152,3.2267,-3.2347,-0.44109,1.1049,2.8201,-4.2401,6.6991,-4.9283,-5.021,-0.28775,1.32,2.1745,0.156,4.5323,-3.2436,-4.5349,-6.3171,-5.1971,0
