0,0.17567,10.734,12.611,-20.436,-11.386,-9.6741,2.4532,-5.831,-6.0102,-4.1276,7.5713,-19.47,16.575,-6.9161,4.5089,-11.419,0.88807,0.9236,1.8603,-18.654,2.3989,-11.393,5.3549,-5.0648,16.383,-6.5603,-14.897,0.4435,4.8701,0.31015,2.18,7.5503,6.7004,-7.3499,-2.7383,13.442,18.051,10.198,-3.808,-17.81,-6.1155,27.918,2.1469,15.493,26.464,16.801,-6.0278,-3.9596,-7.8318,3.4843,-11.135,3.0221,-1.1848,2.4331,0.17567,0,-15.865,-22.621,1.8219,22.28,7.4939,-6.4186,6.7689,-22.84,-9.3985,29.533,13.887,5.122,31.574,-14.158,-5.6358,-20.757,30.723,-40.31,-7.8363,33.653,4.2676,-6.9257,3.9769,-2.4035,8.5431,7.2031,18.984,10.813,-5.3751,-8.7358,-10.461,-15.998,-5.7584,-0.087197,-15.279,5.2634,-10.995,-23.965,-5.8058,-26.365,1.9981,-15.664,10.886,-1.2883,8.5644,-22.971,-11.91,4.9501,-19.756,8.9742,2.6358,16.201,-0.95463,10.734,-15.865,0,24.683,-18.68,-22.627,-7.3291,6.9604,-18.688,15.838,5.8163,-6.943,-18.975,1.5718,-18.167,9.0556,-9.4832,21.659,-9.5729,21.559,-0.4199,-10.812,-16.162,-0.21734,-18.181,22.606,-1.1051,-3.581,-13.846,-1.9608,-5.3185,6.7303,35.056,43.737,10.255,7.4904,35.728,-3.1896,20.457,7.1997,-2.0256,7.4982,4.7643,5.3897,3.0385,4.8995,7.2269,6.6091,8.8417,-8.3887,23.311,-3.374,-8.5837,-9.1897,-9.5296,12.611,-22.621,24.683,0,-11.162,-46.553,-13.841,5.4328,-8.738,11.146,3.85,-11.301,-30.647,4.4896,-33.881,16.334,-2.4038,15.443,-18.694,24.392,-2.8413,-16.173,-11.747,9.5459,-6.2028,11.319,-9.8793,-14.72,-12.564,-4.2031,4.7765,7.0405,14.569,19.841,0.72186,-1.845,26.049,3.7309,18.821,13.838,-4.3003,11.211,8.1666,14.761,-1.2258,11.478,1.9306,10.055,5.8112,-7.4221,17.403,-15.044,0.021836,-11.83,1.7111,-20.436,1.8219,-18.68,-11.162,0,8.5921,0.24246,-11.035,22.207,-2.8082,-5.3154,-4.3458,16.388,-3.8564,7.0199,2.0866,12.999,-10.658,-3.6682,-6.398,5.3085,0.77907,9.6872,6.4469,21.669,-26.943,2.0513,3.3529,7.9368,0.55735,12.509,-9.0383,-19.828,-14.791,-5.8189,-11.022,-22.614,-3.4333,-8.2629,6.8753,5.1156,1.7169,-16.076,5.6137,-20.527,-11.715,-15.283,1.2877,-6.3261,15.8,-13.215,-0.34131,10.735,6.4504,9.5124,-11.386,22.28,-22.627,-46.553,8.5921,0,18.249,-1.7804,5.8161,-10.643,-0.81235,10.792,24.046,-6.4912,28.378,-21.737,3.4637,-12.666,21.37,-22.032,4.2577,14.287,14.473,-12.267,4.1308,-10.799,7.4718,14.109,9.3588,1.4361,-6.9227,-3.404,-13.357,-19.349,0.18738,4.145,-20.878,-3.6331,-23.226,-16.953,6.111,-9.6928,-5.8735,-18.802,3.5861,-9.5772,-2.4425,-8.2172,-2.9573,3.5642,-13.874,16.375,-2.4561,8.3152,-2.1836,-9.6741,7.4939,-7.3291,-13.841,0.24246,18.249,0,13.194,-7.2692,0.57677,14.905,1.2334,8.781,-20.415,8.5755,-34.297,7.0455,2.3132,14.021,-4.9884,15.5,1.4242,18.453,-25.386,-6.5595,-5.8066,0.92046,13.111,-5.5996,-11.26,-16.29,10.871,-2.5993,-6.5716,9.7173,17.32,-4.4688,-9.5372,-22.382,-14.663,18.729,1.6503,-2.6961,-25.498,6.7168,-7.1028,-6.4019,3.3781,12.325,-9.5695,1.7771,20.277,-16.834,-5.6045,-7.5001,2.4532,-6.4186,6.9604,5.4328,-11.035,-1.7804,13.194,0,-20.244,8.1266,33.215,-7.9048,-10.241,-14.672,-9.4911,-10.366,7.3397,17.023,0.73632,10.094,12.102,-12.296,9.008,-10.867,-13.327,2.2522,-12.421,-1.7738,-24.574,-25.137,-10.552,48.698,7.2199,5.1349,8.4956,15.221,12.779,-3.2058,-6.4288,-4.4346,13.606,12.76,8.1972,-8.3173,8.714,5.6934,-5.7318,14.982,28.596,-39.421,18.891,3.324,-18.225,-28.065,-3.6547,-5.831,6.7689,-18.688,-8.738,22.207,5.8161,-7.2692,-20.244,0,-13.12,-17.397,3.829,10.73,8.1773,8.5848,5.6969,5.0957,-23.455,-1.2679,-12.426,-7.1113,7.7792,3.2267,14.326,38.788,-15.643,1.2124,-3.4339,19.559,9.1159,19.721,-16.947,-23.95,-17.681,-18.249,-24.747,-21.997,7.5502,-3.6813,3.9159,-6.9322,-6.9023,-5.4131,8.203,-11.062,-2.174,-4.3089,-7.5601,-20.086,20.279,-25.377,-7.1774,27.084,14.07,16.209,-6.0102,-22.84,15.838,11.146,-2.8082,-10.643,0.57677,8.1266,-13.12,0,13.831,-21.245,-5.4051,-12.682,-14.286,5.3998,2.144,28.665,-13.767,26.235,15.959,-20.53,-3.5795,-3.8844,-12.098,4.6657,0.55266,4.56,-21.3,-10.191,-4.8086,8.6205,16.255,19.599,20.299,10.556,13.006,-18.632,7.7804,13.154,12.87,20.731,-8.7802,4.7255,-8.4026,-7.8783,-6.7891,18.951,18.215,-4.8072,23.249,3.1844,-12.972,-13.071,-10.318,-4.1276,-9.3985,5.8163,3.85,-5.3154,-0.81235,14.905,33.215,-17.397,13.831,0,-13.504,-5.7789,-24.568,-9.2351,-9.0903,10.724,20.228,-2.075,12.497,21.924,-16.418,10.763,-11.715,-11.925,-1.0325,-9.111,2.1343,-30.204,-32.121,-9.8464,33.083,6.663,5.4579,13.034,16.541,9.716,-9.6884,-7.041,-0.53889,23.319,18.905,0.93819,-6.6387,2.2369,-0.6973,-11.17,21.634,47.74,-22.056,19.974,5.9133,-20.57,-28.602,-5.1993,7.5713,29.533,-6.943,-11.301,-4.3458,10.792,1.2334,-7.9048,3.829,-21.245,-13.504,0,6.644,12.529,19.227,-7.7965,-14.235,-16.751,23.286,-23.676,-15.981,38.24,-3.6679,-4.2048,0.60617,5.2953,9.4485,3.7595,19.446,17.383,-5.5117,-10.623,-3.91,-7.6933,-6.1236,-0.75277,-7.3927,8.684,-2.4648,-20.449,-13.789,-43.74,6.2463,-11.282,15.245,2.9745,19.174,-36.198,-15.119,4.5247,-14.944,5.103,3.5231,18.164,-2.6593,-19.47,13.887,-18.975,-30.647,16.388,24.046,8.781,-10.241,10.73,-5.4051,-5.7789,6.644,0,-4.7974,25.513,-8.5004,1.5948,-12.746,10.292,-16.4,4.6021,12.414,7.1809,-6.8067,6.9565,-11.28,15.456,19.115,12.451,6.3193,-2.544,-11.705,-11.616,-13.459,2.0195,0.61513,-26.814,-8.7745,-11.19,-5.7963,4.969,-8.2365,-17.614,-8.1171,-5.5338,-20.787,-3.3633,-8.1161,-6.59,14.339,-15.919,14.87,1.0328,14.384,-3.512,16.575,5.122,1.5718,4.4896,-3.8564,-6.4912,-20.415,-14.672,8.1773,-12.682,-24.568,12.529,-4.7974,0,1.364,11.265,-13.806,-11.336,0.19097,-6.1253,-46.992,10.784,-15.586,14.014,6.141,7.9167,1.9297,-10.343,15.453,21.017,8.9201,-14.399,-0.91721,-0.014619,-15.091,-14.76,0.086987,18.553,12.133,0.14984,-64.116,-15.171,9.15,8.054,3.9927,11.137,17.186,-16.77,-23.219,8.4723,-9.4713,-12.561,17.098,13.476,6.3099,-6.9161,31.574,-18.167,-33.881,7.0199,28.378,8.5755,-9.4911,8.5848,-14.286,-9.2351,19.227,25.513,1.364,0,-12.677,-4.2618,-18.988,22.59,-32.075,-2.9423,27.128,4.66,-8.2793,4.6938,-5.1151,14.738,14.206,18.923,11.128,-5.5197,-12.107,-10.718,-15.236,-1.6461,0.92841,-21.542,-1.2928,-11.042,-15.97,-1.7534,-19.969,-5.9344,-14.05,4.0761,-9.2906,4.8147,-18.669,-10.923,10.036,-20.722,13.812,1.5883,19.411,-3.6489,4.5089,-14.158,9.0556,16.334,2.0866,-21.737,-34.297,-10.366,5.6969,5.3998,-9.0903,-7.7965,-8.5004,11.265,-12.677,0,-3.0976,2.1185,-23.223,10.383,-7.4301,-7.1116,-15.358,23.31,5.5966,3.6295,-1.5181,-10.791,0.88361,6.1522,16.582,-7.815,4.0221,9.1785,-5.2369,-14.108,5.6323,3.8145,22.396,25.041,-10.016,4.3645,-1.6282,37.184,-12.715,3.1541,1.0897,2.4328,-6.646,8.9885,1.9764,-18.057,12.638,1.7221,6.2466,-11.419,-5.6358,-9.4832,-2.4038,12.999,3.4637,7.0455,7.3397,5.0957,2.144,10.724,-14.235,1.5948,-13.806,-4.2618,-3.0976,0,1.3486,-6.2783,3.0594,13.905,-11.91,23.965,2.8038,9.8304,-24.617,-14.73,-4.3008,-7.2838,-19.698,8.0717,9.9287,-12.552,-9.982,-3.6685,-3.5953,-5.5971,-1.2898,-14.514,5.3319,15.241,15.179,-3.0296,2.6957,-9.7416,-0.93431,-37.253,16.529,8.3206,-4.1694,0.84924,-3.4299,1.4983,-11.84,12.726,0.88807,-20.757,21.659,15.443,-10.658,-12.666,2.3132,17.023,-23.455,28.665,20.228,-16.751,-12.746,-11.336,-18.988,2.1185,1.3486,0,-10.011,29.705,12.52,-21.647,-2.7917,-5.7004,-18.443,8.6813,-4.6733,0.27279,-34.999,-14.335,-7.8559,17.269,20.931,22.14,17.41,13.936,23.247,-10.803,6.6888,7.2937,10.931,19.84,0.069557,1.4888,-0.42522,-0.21805,-3.7708,19.56,25.877,-14.382,51.741,1.5342,-17.239,-21.502,-9.5543,0.9236,30.723,-9.5729,-18.694,-3.6682,21.37,14.021,0.73632,-1.2679,-13.767,-2.075,23.286,10.292,0.19097,22.59,-23.223,-6.2783,-10.011,0,-21.124,-3.25,21.48,5.17,-15.5,-3.4647,1.2787,7.8651,10.195,9.1348,5.4217,-13.955,-1.9577,-4.2183,-9.7813,0.55491,7.8559,-8.153,1.4624,-12.069,-42.465,-1.2758,-18.103,3.5016,-28.721,17.508,-1.3585,9.0339,-15.483,-3.7994,-1.7201,-9.3526,14.857,-5.2846,8.641,-6.5843,1.8603,-40.31,21.559,24.392,-6.398,-22.032,-4.9884,10.094,-12.426,26.235,12.497,-23.676,-16.4,-6.1253,-32.075,10.383,3.0594,29.705,-21.124,0,8.3063,-30.668,-5.1735,2.8633,-9.1889,6.2076,-7.7066,-5.5646,-24.629,-11.756,0.70059,11.911,15.719,21.258,9.1756,4.4286,21.596,-6.3134,11.302,16.581,6.4128,24.17,-0.037601,10.48,-6.0067,2.0436,-5.6138,21.951,15.772,-8.7868,28.842,-6.0219,-6.9897,-19.063,-2.7302,-18.654,-7.8363,-0.4199,-2.8413,5.3085,4.2577,15.5,12.102,-7.1113,15.959,21.924,-15.981,4.6021,-46.992,-2.9423,-7.4301,13.905,12.52,-3.25,8.3063,0,-13.077,12.887,-11.066,-5.2995,-8.0311,-1.3095,10.043,-15.941,-19.622,-6.7448,12.341,1.6211,1.5546,15.778,12.669,0.26754,-21.297,-9.0861,3.2586,52.297,17.972,-11.855,-4.7259,-7.3364,-12.945,-18.995,19.117,22.065,-6.2012,10.168,10.816,-15.02,-13.12,-6.0844,2.3989,33.653,-10.812,-16.173,0.77907,14.287,1.4242,-12.296,7.7792,-20.53,-16.418,38.24,12.414,10.784,27.128,-7.1116,-11.91,-21.647,21.48,-30.668,-13.077,0,-2.4806,-3.6561,3.6466,1.6498,13.256,6.8282,26.175,20.081,-3.7928,-15.52,-6.8521,-10.393,-5.8274,-2.2242,-12.867,5.6393,-3.6686,-16.623,-11.558,-45.095,0.97,-10.031,9.0355,-1.6408,14.383,-39.761,-18.265,9.5842,-20.846,6.7675,5.1866,25.61,-2.409,-11.393,4.2676,-16.162,-11.747,9.6872,14.473,18.453,9.008,3.2267,-3.5795,10.763,-3.6679,7.1809,-15.586,4.66,-15.358,23.965,-2.7917,5.17,-5.1735,12.887,-2.4806,0,-5.6969,6.3479,-21.715,-8.7242,1.7731,-3.2767,-15.468,-0.10616,9.7,-15.079,-16.892,-2.085,1.8875,-10.03,-1.5508,-35.461,-5.863,15.977,5.6301,-1.4319,-8.3673,-1.0314,-2.2709,-18.513,7.3719,7.3165,-6.0267,-3.072,4.6323,-2.7276,-7.1698,6.9888,5.3549,-6.9257,-0.21734,9.5459,6.4469,-12.267,-25.386,-10.867,14.326,-3.8844,-11.715,-4.2048,-6.8067,14.014,-8.2793,23.31,2.8038,-5.7004,-15.5,2.8633,-11.066,-3.6561,-5.6969,0,16.67,-3.8867,-7.9903,-19.74,5.5677,4.8393,36.505,-7.5257,-6.2094,-1.531,-18.579,-32.33,-0.77349,13.444,9.0586,15.554,-12.26,1.5269,3.0943,29.431,-10.423,8.7617,-1.946,0.32966,-11.469,8.4984,-5.0586,-31.57,27.077,2.6321,20.349,-5.0648,3.9769,-18.181,-6.2028,21.669,4.1308,-6.5595,-13.327,38.788,-12.098,-11.925,0.60617,6.9565,6.141,4.6938,5.5966,9.8304,-18.443,-3.4647,-9.1889,-5.2995,3.6466,6.3479,16.67,0,-19.584,-4.1561,-7.3304,13.365,4.0564,24.801,-10.372,-27.618,-18.78,-21.776,-27.479,-17.929,9.5355,-5.3922,5.1739,-4.8524,-2.9332,-2.8121,9.6309,-11.298,0.82889,-7.9899,-3.2678,-14.443,13.391,-18.928,-10.525,27.014,7.9569,23.983,16.383,-2.4035,22.606,11.319,-26.943,-10.799,-5.8066,2.2522,-15.643,4.6657,-1.0325,5.2953,-11.28,7.9167,-5.1151,3.6295,-24.617,8.6813,1.2787,6.2076,-8.0311,1.6498,-21.715,-3.8867,-19.584,0,5.5067,0.093933,-3.3023,6.8216,-10.456,0.54428,26.162,20.953,7.6233,8.3369,18.648,0.37064,17.478,-2.5146,-9.1155,-4.4916,7.7042,-1.5521,11.94,5.5035,22.406,-5.0192,1.167,-5.2085,9.9361,0.97155,-7.416,0.21947,-13.764,-6.5603,8.5431,-1.1051,-9.8793,2.0513,7.4718,0.92046,-12.421,1.2124,0.55266,-9.111,9.4485,15.456,1.9297,14.738,-1.5181,-14.73,-4.6733,7.8651,-7.7066,-1.3095,13.256,-8.7242,-7.9903,-4.1561,5.5067,0,22.206,10.105,16.225,-8.7822,-15.961,3.887,2.2289,9.3254,5.4607,-6.6145,-11.159,3.9548,-3.8513,-2.3346,-11.823,-13.964,-5.8258,-1.0423,-17.765,9.6412,-12.99,-7.1524,14.073,-6.4833,15.403,-3.1003,18.136,-16.573,-14.897,7.2031,-3.581,-14.72,3.3529,14.109,13.111,-1.7738,-3.4339,4.56,2.1343,3.7595,19.115,-10.343,14.206,-10.791,-4.3008,0.27279,10.195,-5.5646,10.043,6.8282,1.7731,-19.74,-7.3304,0.093933,22.206,0,1.8287,2.9117,-16.087,-4.1337,2.639,-0.026036,17.536,14.665,-6.9857,-21.992,-5.0928,-6.7744,9.6597,-3.9211,-17.17,-13.795,-0.65647,-26.565,0.75765,-3.8192,2.9213,5.0912,-1.7826,35.862,-12.371,6.6191,-20.157,0.4435,18.984,-13.846,-12.564,7.9368,9.3588,-5.5996,-24.574,19.559,-21.3,-30.204,19.446,12.451,15.453,18.923,0.88361,-7.2838,-34.999,9.1348,-24.629,-15.941,26.175,-3.2767,5.5677,13.365,-3.3023,10.105,1.8287,0,24.193,6.0691,-26.782,-12.539,-13.118,-12.857,-12.397,-17.997,8.4545,-1.0835,-5.8338,-15.138,-25.693,-1.7518,-0.30797,0.28224,-1.5727,8.6611,-27.338,-36.346,19.463,-35.209,-0.53834,16.106,35.039,4.8276,4.8701,10.813,-1.9608,-4.2031,0.55735,1.4361,-11.26,-25.137,9.1159,-10.191,-32.121,17.383,6.3193,21.017,11.128,6.1522,-19.698,-14.335,5.4217,-11.756,-19.622,20.081,-15.468,4.8393,4.0564,6.8216,16.225,2.9117,24.193,0,2.2765,-30.218,-0.78468,-1.034,-5.5729,-7.5928,-6.3691,5.0807,9.2102,-2.5585,-21.292,-23.567,-1.7573,2.0465,1.4177,-1.7677,18.452,-27.741,-26.726,18.363,-14.425,-0.30735,10.516,32.43,-2.3042,0.31015,-5.3751,-5.3185,4.7765,12.509,-6.9227,-16.29,-10.552,19.721,-4.8086,-9.8464,-5.5117,-2.544,8.9201,-5.5197,16.582,8.0717,-7.8559,-13.955,0.70059,-6.7448,-3.7928,-0.10616,36.505,24.801,-10.456,-8.7822,-16.087,6.0691,2.2765,0,-6.9867,-11.915,-6.334,-19.869,-36.223,-5.413,11.174,3.3105,14.7,-7.3248,2.7792,0.21119,23.666,-13.965,5.5846,-7.041,1.8367,-10.484,9.5966,-7.6443,-23.6,28.574,2.3713,26.526,2.18,-8.7358,6.7303,7.0405,-9.0383,-3.404,10.871,48.698,-16.947,8.6205,33.083,-10.623,-11.705,-14.399,-12.107,-7.815,9.9287,17.269,-1.9577,11.911,12.341,-15.52,9.7,-7.5257,-10.372,0.54428,-15.961,-4.1337,-26.782,-30.218,-6.9867,0,5.8992,4.7319,6.5512,11.632,12.768,-2.2025,-6.0437,-1.8076,13.702,15.883,8.2074,-5.2268,6.1636,6.6739,-8.0908,18.426,28.222,-35.238,19.193,0.64048,-14.582,-35.538,-0.95341,7.5503,-10.461,35.056,14.569,-19.828,-13.357,-2.5993,7.2199,-23.95,16.255,6.663,-3.91,-11.616,-0.91721,-10.718,4.0221,-12.552,20.931,-4.2183,15.719,1.6211,-6.8521,-15.079,-6.2094,-27.618,26.162,3.887,2.639,-12.539,-0.78468,-11.915,5.8992,0,39.251,16.815,13.771,25.504,-7.5776,15.99,2.8458,0.1478,4.7508,1.9475,-0.106,5.1722,0.5058,9.1742,4.1316,9.8991,-7.9095,21.309,3.1106,-14.24,-6.6971,-17.725,6.7004,-15.998,43.737,19.841,-14.791,-19.349,-6.5716,5.1349,-17.681,19.599,5.4579,-7.6933,-13.459,-0.014619,-15.236,9.1785,-9.982,22.14,-9.7813,21.258,1.5546,-10.393,-16.892,-1.531,-18.78,20.953,2.2289,-0.026036,-13.118,-1.034,-6.334,4.7319,39.251,0,13.858,8.799,26.243,-7.0408,20.985,8.3452,-0.37881,7.6865,0.56824,5.1495,0.62737,0.63429,6.4009,6.5624,8.8916,-5.5482,22.032,-0.72344,-9.7605,-7.3601,-12.666,-7.3499,-5.7584,10.255,0.72186,-5.8189,0.18738,9.7173,8.4956,-18.249,20.299,13.034,-6.1236,2.0195,-15.091,-1.6461,-5.2369,-3.6685,17.41,0.55491,9.1756,15.778,-5.8274,-2.085,-18.579,-21.776,7.6233,9.3254,17.536,-12.857,-5.5729,-19.869,6.5512,16.815,13.858,0,27.118,7.7734,-28.4,2.0946,-0.14336,14.001,7.1315,-9.7489,-7.8578,0.18724,-13.552,-0.4591,7.0619,16.29,-5.1446,14.7,17.909,-27.683,-6.0388,-28.321,-2.7383,-0.087197,7.4904,-1.845,-11.022,4.145,17.32,15.221,-24.747,10.556,16.541,-0.75277,0.61513,-14.76,0.92841,-14.108,-3.5953,13.936,7.8559,4.4286,12.669,-2.2242,1.8875,-32.33,-27.479,8.3369,5.4607,14.665,-12.397,-7.5928,-36.223,11.632,13.771,8.799,27.118,0,7.9633,-15.496,-3.2347,-8.8879,12.96,3.4427,-1.936,-17.653,9.1541,-6.6456,1.9398,4.3391,17.973,-12.427,13.19,20.822,-50.936,-7.6789,-24.599,13.442,-15.279,35.728,26.049,-22.614,-20.878,-4.4688,12.779,-21.997,13.006,9.716,-7.3927,-26.814,0.086987,-21.542,5.6323,-5.5971,23.247,-8.153,21.596,0.26754,-12.867,-10.03,-0.77349,-17.929,18.648,-6.6145,-6.9857,-17.997,-6.3691,-5.413,12.768,25.504,26.243,7.7734,7.9633,0,-0.21127,13.499,4.6215,-0.62826,9.2701,9.852,3.4806,6.2029,9.626,5.2072,8.998,12.111,-15.358,27.696,-4.8596,-9.553,-14.772,-6.2206,18.051,5.2634,-3.1896,3.7309,-3.4333,-3.6331,-9.5372,-3.2058,7.5502,-18.632,-9.6884,8.684,-8.7745,18.553,-1.2928,3.8145,-1.2898,-10.803,1.4624,-6.3134,-21.297,5.6393,-1.5508,13.444,9.5355,0.37064,-11.159,-21.992,8.4545,5.0807,11.174,-2.2025,-7.5776,-7.0408,-28.4,-15.496,-0.21127,0,0.97008,-3.3607,-18.328,-8.2398,21.248,4.7881,7.5903,25.871,6.4708,-7.8589,-11.905,-1.2992,-7.8333,-17.939,15.893,2.9115,17.539,10.198,-10.995,20.457,18.821,-8.2629,-23.226,-22.382,-6.4288,-3.6813,7.7804,-7.041,-2.4648,-11.19,12.133,-11.042,22.396,-14.514,6.6888,-12.069,11.302,-9.0861,-3.6686,-35.461,9.0586,-5.3922,17.478,3.9548,-5.0928,-1.0835,9.2102,3.3105,-6.0437,15.99,20.985,2.0946,-3.2347,13.499,0.97008,0,12.176,-11.997,0.45512,1.078,14.2,-2.7614,3.2292,10.97,-1.2674,-3.8271,4.2531,6.9056,-8.5487,3.1126,2.1631,-4.1513,-3.808,-23.965,7.1997,13.838,6.8753,-16.953,-14.663,-4.4346,3.9159,13.154,-0.53889,-20.449,-5.7963,0.14984,-15.97,25.041,5.3319,7.2937,-42.465,16.581,3.2586,-16.623,-5.863,15.554,5.1739,-2.5146,-3.8513,-6.7744,-5.8338,-2.5585,14.7,-1.8076,2.8458,8.3452,-0.14336,-8.8879,4.6215,-3.3607,12.176,0,1.044,14.836,-7.5412,29.903,-23.461,-2.2657,-8.9488,12.334,1.3505,6.0281,6.1394,-12.183,6.6315,-4.6743,5.5786,-17.81,-5.8058,-2.0256,-4.3003,5.1156,6.111,18.729,13.606,-6.9322,12.87,23.319,-13.789,4.969,-64.116,-1.7534,-10.016,15.241,10.931,-1.2758,6.4128,52.297,-11.558,15.977,-12.26,-4.8524,-9.1155,-2.3346,9.6597,-15.138,-21.292,-7.3248,13.702,0.1478,-0.37881,14.001,12.96,-0.62826,-18.328,-11.997,1.044,0,16.238,-9.9192,-6.668,-5.4382,-11.427,-19.248,17.798,22.092,-7.5377,9.0018,11.348,-15.214,-13.415,-5.1881,-6.1155,-26.365,7.4982,11.211,1.7169,-9.6928,1.6503,12.76,-6.9023,20.731,18.905,-43.74,-8.2365,-15.171,-19.969,4.3645,15.179,19.84,-18.103,24.17,17.972,-45.095,5.6301,1.5269,-2.9332,-4.4916,-11.823,-3.9211,-25.693,-23.567,2.7792,15.883,4.7508,7.6865,7.1315,3.4427,9.2701,-8.2398,0.45512,14.836,16.238,0,-3.5414,7.6072,-10.391,-1.2371,-18.873,57.636,20.439,-8.9075,18.313,-3.8543,-6.4333,-24.956,1.8561,27.918,1.9981,4.7643,8.1666,-16.076,-5.8735,-2.6961,8.1972,-5.4131,-8.7802,0.93819,6.2463,-17.614,9.15,-5.9344,-1.6282,-3.0296,0.069557,3.5016,-0.037601,-11.855,0.97,-1.4319,3.0943,-2.8121,7.7042,-13.964,-17.17,-1.7518,-1.7573,0.21119,8.2074,1.9475,0.56824,-9.7489,-1.936,9.852,21.248,1.078,-7.5412,-9.9192,-3.5414,0,-1.6274,18.489,38.145,8.4503,-2.5883,-0.34305,-14.205,2.9319,-10.215,1.7492,-5.6992,6.5376,2.1469,-15.664,5.3897,14.761,5.6137,-18.802,-25.498,-8.3173,8.203,4.7255,-6.6387,-11.282,-8.1171,8.054,-14.05,37.184,2.6957,1.4888,-28.721,10.48,-4.7259,-10.031,-8.3673,29.431,9.6309,-1.5521,-5.8258,-13.795,-0.30797,2.0465,23.666,-5.2268,-0.106,5.1495,-7.8578,-17.653,3.4806,4.7881,14.2,29.903,-6.668,7.6072,-1.6274,0,-16.284,3.842,-4.1123,5.7949,-5.139,7.7185,1.3407,-22.338,14.872,-0.90538,11.445,15.493,10.886,3.0385,-1.2258,-20.527,3.5861,6.7168,8.714,-11.062,-8.4026,2.2369,15.245,-5.5338,3.9927,4.0761,-12.715,-9.7416,-0.42522,17.508,-6.0067,-7.3364,9.0355,-1.0314,-10.423,-11.298,11.94,-1.0423,-0.65647,0.28224,1.4177,-13.965,6.1636,5.1722,0.62737,0.18724,9.1541,6.2029,7.5903,-2.7614,-23.461,-5.4382,-10.391,18.489,-16.284,0,11.244,15.044,-8.7164,1.2102,-13.134,1.6228,4.5104,-7.6329,-0.66778,-5.7016,26.464,-1.2883,4.8995,11.478,-11.715,-9.5772,-7.1028,5.6934,-2.174,-7.8783,-0.6973,2.9745,-20.787,11.137,-9.2906,3.1541,-0.93431,-0.21805,-1.3585,2.0436,-12.945,-1.6408,-2.2709,8.7617,0.82889,5.5035,-17.765,-26.565,-1.5727,-1.7677,5.5846,6.6739,0.5058,0.63429,-13.552,-6.6456,9.626,25.871,3.2292,-2.2657,-11.427,-1.2371,38.145,3.842,11.244,0,5.8064,-0.68833,-1.8119,-10.898,2.548,-17.288,5.9195,-6.0492,11.229,16.801,8.5644,7.2269,1.9306,-15.283,-2.4425,-6.4019,-5.7318,-4.3089,-6.7891,-11.17,19.174,-3.3633,17.186,4.8147,1.0897,-37.253,-3.7708,9.0339,-5.6138,-18.995,14.383,-18.513,-1.946,-7.9899,22.406,9.6412,0.75765,8.6611,18.452,-7.041,-8.0908,9.1742,6.4009,-0.4591,1.9398,5.2072,6.4708,10.97,-8.9488,-19.248,-18.873,8.4503,-4.1123,15.044,5.8064,0,-19.634,-9.7433,1.642,-2.5103,1.2329,0.18302,11.124,-8.322,-6.0278,-22.971,6.6091,10.055,1.2877,-8.2172,3.3781,14.982,-7.5601,18.951,21.634,-36.198,-8.1161,-16.77,-18.669,2.4328,16.529,19.56,-15.483,21.951,19.117,-39.761,7.3719,0.32966,-3.2678,-5.0192,-12.99,-3.8192,-27.338,-27.741,1.8367,18.426,4.1316,6.5624,7.0619,4.3391,8.998,-7.8589,-1.2674,12.334,17.798,57.636,-2.5883,5.7949,-8.7164,-0.68833,-19.634,0,22.645,-10.703,18.326,-3.1221,-7.397,-28.078,1.9593,-3.9596,-11.91,8.8417,5.8112,-6.3261,-2.9573,12.325,28.596,-20.086,18.215,47.74,-15.119,-6.59,-23.219,-10.923,-6.646,8.3206,25.877,-3.7994,15.772,22.065,-18.265,7.3165,-11.469,-14.443,1.167,-7.1524,2.9213,-36.346,-26.726,-10.484,28.222,9.8991,8.8916,16.29,17.973,12.111,-11.905,-3.8271,1.3505,22.092,20.439,-0.34305,-5.139,1.2102,-1.8119,-9.7433,22.645,0,-19.88,24.765,6.068,-22.607,-27.667,-7.416,-7.8318,4.9501,-8.3887,-7.4221,15.8,3.5642,-9.5695,-39.421,20.279,-4.8072,-22.056,4.5247,14.339,8.4723,10.036,8.9885,-4.1694,-14.382,-1.7201,-8.7868,-6.2012,9.5842,-6.0267,8.4984,13.391,-5.2085,14.073,5.0912,19.463,18.363,9.5966,-35.238,-7.9095,-5.5482,-5.1446,-12.427,-15.358,-1.2992,4.2531,6.0281,-7.5377,-8.9075,-14.205,7.7185,-13.134,-10.898,1.642,-10.703,-19.88,0,-17.173,-0.56299,14.477,23.466,2.3125,3.4843,-19.756,23.311,17.403,-13.215,-13.874,1.7771,18.891,-25.377,23.249,19.974,-14.944,-15.919,-9.4713,-20.722,1.9764,0.84924,51.741,-9.3526,28.842,10.168,-20.846,-3.072,-5.0586,-18.928,9.9361,-6.4833,-1.7826,-35.209,-14.425,-7.6443,19.193,21.309,22.032,14.7,13.19,27.696,-7.8333,6.9056,6.1394,9.0018,18.313,2.9319,1.3407,1.6228,2.548,-2.5103,18.326,24.765,-17.173,0,0.081273,-16.332,-23.25,-8.2985,-11.135,8.9742,-3.374,-15.044,-0.34131,16.375,20.277,3.324,-7.1774,3.1844,5.9133,5.103,14.87,-12.561,13.812,-18.057,-3.4299,1.5342,14.857,-6.0219,10.816,6.7675,4.6323,-31.57,-10.525,0.97155,15.403,35.862,-0.53834,-0.30735,-23.6,0.64048,3.1106,-0.72344,17.909,20.822,-4.8596,-17.939,-8.5487,-12.183,11.348,-3.8543,-10.215,-22.338,4.5104,-17.288,1.2329,-3.1221,6.068,-0.56299,0.081273,0,-17.591,3.1685,-20.809,3.0221,2.6358,-8.5837,0.021836,10.735,-2.4561,-16.834,-18.225,27.084,-12.972,-20.57,3.5231,1.0328,17.098,1.5883,12.638,1.4983,-17.239,-5.2846,-6.9897,-15.02,5.1866,-2.7276,27.077,27.014,-7.416,-3.1003,-12.371,16.106,10.516,28.574,-14.582,-14.24,-9.7605,-27.683,-50.936,-9.553,15.893,3.1126,6.6315,-15.214,-6.4333,1.7492,14.872,-7.6329,5.9195,0.18302,-7.397,-22.607,14.477,-16.332,-17.591,0,10.818,21.183,-1.1848,16.201,-9.1897,-11.83,6.4504,8.3152,-5.6045,-28.065,14.07,-13.071,-28.602,18.164,14.384,13.476,19.411,1.7221,-11.84,-21.502,8.641,-19.063,-13.12,25.61,-7.1698,2.6321,7.9569,0.21947,18.136,6.6191,35.039,32.43,2.3713,-35.538,-6.6971,-7.3601,-6.0388,-7.6789,-14.772,2.9115,2.1631,-4.6743,-13.415,-24.956,-5.6992,-0.90538,-0.66778,-6.0492,11.124,-28.078,-27.667,23.466,-23.25,3.1685,10.818,0,-1.0442,2.4331,-0.95463,-9.5296,1.7111,9.5124,-2.1836,-7.5001,-3.6547,16.209,-10.318,-5.1993,-2.6593,-3.512,6.3099,-3.6489,6.2466,12.726,-9.5543,-6.5843,-2.7302,-6.0844,-2.409,6.9888,20.349,23.983,-13.764,-16.573,-20.157,4.8276,-2.3042,26.526,-0.95341,-17.725,-12.666,-28.321,-24.599,-6.2206,17.539,-4.1513,5.5786,-5.1881,1.8561,6.5376,11.445,-5.7016,11.229,-8.322,1.9593,-7.416,2.3125,-8.2985,-20.809,21.183,-1.0442,0
