0,-3.5469,-2.0965,-7.4656,-0.2104,4.005,0.13939,-5.5904,7.4572,0.045373,-1.2641,-2.4296,5.2283,4.0113,0.6671,0.82467,-0.85669,-1.8853,-0.94278,-2.2947,1.7522,-3.5469,0,-1.6426,4.4713,2.0733,-0.36815,-2.0219,3.9168,-6.9023,3.0626,3.8496,3.4588,-1.7289,-5.295,-2.0251,-4.5544,4.4606,-4.0955,1.8213,-1.1897,-6.324,-2.0965,-1.6426,0,0.035292,-4.6239,-0.69363,1.6763,0.62792,1.9413,3.2444,1.1268,2.9094,-0.11634,0.83474,-1.8476,-0.064802,-0.4671,1.8155,-4.3348,-2.9445,1.0158,-7.4656,4.4713,0.035292,0,-1.4478,-5.4818,-1.1816,9.0476,-6.6011,-1.0858,0.19444,2.349,-6.1888,-1.2204,-1.3089,0.18019,1.8396,1.3235,-0.28042,2.5307,-2.1765,-0.2104,2.0733,-4.6239,-1.4478,0,3.7844,-0.88016,-3.2214,-4.6672,-1.075,-0.23851,0.18371,0.79272,-6.7962,-0.39963,-1.4153,-0.65068,-3.8919,-0.065016,1.9503,-1.1216,4.005,-0.36815,-0.69363,-5.4818,3.7844,0,-5.3324,-5.2608,3.1562,1.6163,1.3169,-1.7255,6.8342,0.048209,-3.7734,-0.7797,1.2174,-3.4842,-1.6264,-4.6074,1.8071,0.13939,-2.0219,1.6763,-1.1816,-0.88016,-5.3324,0,0.11033,0.1665,0.61422,-0.095334,1.1683,-0.56715,-0.8618,4.3303,-1.0701,-0.86618,0.25384,2.1685,4.9005,-0.49436,-5.5904,3.9168,0.62792,9.0476,-3.2214,-5.2608,0.11033,0,-3.3474,-2.3111,-2.6915,0.31582,-6.8817,0.68014,2.1801,1.4363,0.25912,3.6086,3.913,0.6847,-0.9032,7.4572,-6.9023,1.9413,-6.6011,-4.6672,3.1562,0.1665,-3.3474,0,-1.7778,-3.492,-3.334,4.1298,4.5594,-0.29905,3.9916,-3.8471,0.64065,-2.1677,-4.651,6.7488,0.045373,3.0626,3.2444,-1.0858,-1.075,1.6163,0.61422,-2.3111,-1.7778,0,10.409,7.5003,3.9093,-1.4581,-2.8763,-8.3223,6.0554,-3.1353,-0.81184,-1.0728,-5.4368,-1.2641,3.8496,1.1268,0.19444,-0.23851,1.3169,-0.095334,-2.6915,-3.492,10.409,0,4.0441,2.3952,-1.798,-3.2857,-7.0458,7.9567,-2.5947,-0.51908,1.8874,-6.0141,-2.4296,3.4588,2.9094,2.349,0.18371,-1.7255,1.1683,0.31582,-3.334,7.5003,4.0441,0,0.074948,-5.3302,-2.5151,-4.1199,1.4238,-5.0231,-3.3484,-1.1398,-6.9345,5.2283,-1.7289,-0.11634,-6.1888,0.79272,6.8342,-0.56715,-6.8817,4.1298,3.9093,2.3952,0.074948,0,1.3399,-5.0371,-3.9197,1.7934,-4.9599,-1.5537,-2.7114,1.301,4.0113,-5.295,0.83474,-1.2204,-6.7962,0.048209,-0.8618,0.68014,4.5594,-1.4581,-1.798,-5.3302,1.3399,0,-0.40678,1.9718,1.9796,5.6743,0.032597,-1.6584,3.5169,0.6671,-2.0251,-1.8476,-1.3089,-0.39963,-3.7734,4.3303,2.1801,-0.29905,-2.8763,-3.2857,-2.5151,-5.0371,-0.40678,0,3.4254,-2.4494,4.216,6.7509,3.9515,0.50892,0.82467,-4.5544,-0.064802,0.18019,-1.4153,-0.7797,-1.0701,1.4363,3.9916,-8.3223,-7.0458,-4.1199,-3.9197,1.9718,3.4254,0,-6.5751,3.4843,-0.82296,0.93945,5.137,-0.85669,4.4606,-0.4671,1.8396,-0.65068,1.2174,-0.86618,0.25912,-3.8471,6.0554,7.9567,1.4238,1.7934,1.9796,-2.4494,-6.5751,0,0.1504,1.0669,0.44308,-3.2786,-1.8853,-4.0955,1.8155,1.3235,-3.8919,-3.4842,0.25384,3.6086,0.64065,-3.1353,-2.5947,-5.0231,-4.9599,5.6743,4.216,3.4843,0.1504,0,1.7391,1.3324,4.0754,-0.94278,1.8213,-4.3348,-0.28042,-0.065016,-1.6264,2.1685,3.913,-2.1677,-0.81184,-0.51908,-3.3484,-1.5537,0.032597,6.7509,-0.82296,1.0669,1.7391,0,4.1135,-0.71058,-2.2947,-1.1897,-2.9445,2.5307,1.9503,-4.6074,4.9005,0.6847,-4.651,-1.0728,1.8874,-1.1398,-2.7114,-1.6584,3.9515,0.93945,0.44308,1.3324,4.1135,0,-1.7108,1.7522,-6.324,1.0158,-2.1765,-1.1216,1.8071,-0.49436,-0.9032,6.7488,-5.4368,-6.0141,-6.9345,1.301,3.5169,0.50892,5.137,-3.2786,4.0754,-0.71058,-1.7108,0
