0,1.7958,-6.4164,-2.6364,-1.9991,3.0768,1.713,-2.0822,6.0451,-1.36,-0.6872,-4.2681,8.7795,3.6077,3.2017,-1.4173,-0.50972,-2.9776,-1.0838,-1.8761,-2.7535,1.7958,0,-1.3863,4.8464,-10.572,-6.5572,-1.0829,3.5123,-2.0968,2.233,3.0998,0.70811,-0.39927,4.8781,-2.9275,0.37813,9.8723,-2.0033,-2.0666,-4.0494,-0.14351,-6.4164,-1.3863,0,-0.14766,2.8805,1.2475,-1.2379,-1.6092,1.3708,2.7901,1.6937,4.0098,-1.213,-6.1418,-2.9583,-1.7581,-0.36452,-2.1403,-3.5343,-1.3792,2.637,-2.6364,4.8464,-0.14766,0,-6.2213,-6.4031,-0.98168,5.5701,-6.6593,-0.14527,0.1961,0.042303,-4.2145,-0.3111,2.0296,-1.8621,2.7198,1.7726,-2.8606,2.9551,-2.2685,-1.9991,-10.572,2.8805,-6.2213,0,7.0671,0.3242,-4.5596,3.2047,-2.4137,-3.6524,-2.1402,0.40078,-6.8936,1.2288,1.4339,-7.9272,-0.010251,1.3472,2.2059,4.0113,3.0768,-6.5572,1.2475,-6.4031,7.0671,0,-0.69179,-3.8803,9.4712,-0.56486,-2.4035,-4.0449,6.0864,-4.573,3.126,-2.9256,-6.5701,-1.3084,0.038015,-0.14956,-1.4748,1.713,-1.0829,-1.2379,-0.98168,0.3242,-0.69179,0,-1.1586,-0.9073,0.024884,-3.7436,-0.61101,3.223,-0.42371,-1.5894,-2.21,-3.4016,-0.44465,0.38126,5.3992,-0.44818,-2.0822,3.5123,-1.6092,5.5701,-4.5596,-3.8803,-1.1586,0,-3.4509,-1.3422,-0.66019,-0.83183,-5.7248,2.7934,1.3179,-0.0016523,-0.12798,1.4161,3.0665,2.6029,-3.2637,6.0451,-2.0968,1.3708,-6.6593,3.2047,9.4712,-0.9073,-3.4509,0,0.10729,0.80398,-3.0163,7.5263,-1.728,1.1612,-2.6681,-2.272,-4.7764,-1.6892,-3.3719,-0.037386,-1.36,2.233,2.7901,-0.14527,-2.4137,-0.56486,0.024884,-1.3422,0.10729,0,6.8801,6.1199,2.273,-0.50355,-6.4721,-1.3278,3.8261,-4.226,1.3786,-2.8167,-0.72184,-0.6872,3.0998,1.6937,0.1961,-3.6524,-2.4035,-3.7436,-0.66019,0.80398,6.8801,0,3.1603,0.38384,2.1232,-2.9779,-1.5998,8.8652,-4.2219,-0.19381,-5.6487,-1.0284,-4.2681,0.70811,4.0098,0.042303,-2.1402,-4.0449,-0.61101,-0.83183,-3.0163,6.1199,3.1603,0,-1.3805,-0.12963,-5.4702,1.6034,2.0695,-0.60301,-0.20693,-2.7876,0.49956,8.7795,-0.39927,-1.213,-4.2145,0.40078,6.0864,3.223,-5.7248,7.5263,2.273,0.38384,-1.3805,0,-0.63382,-0.39352,-4.0222,-1.3169,-4.4856,-1.8128,-1.295,-2.4989,3.6077,4.8781,-6.1418,-0.3111,-6.8936,-4.573,-0.42371,2.7934,-1.728,-0.50355,2.1232,-0.12963,-0.63382,0,-0.99866,2.7047,4.6368,0.71897,3.3193,-1.115,-1.9148,3.2017,-2.9275,-2.9583,2.0296,1.2288,3.126,-1.5894,1.3179,1.1612,-6.4721,-2.9779,-5.4702,-0.39352,-0.99866,0,-2.2305,-4.0662,4.7844,-0.8757,1.788,-3.734,-1.4173,0.37813,-1.7581,-1.8621,1.4339,-2.9256,-2.21,-0.0016523,-2.6681,-1.3278,-1.5998,1.6034,-4.0222,2.7047,-2.2305,0,0.8404,0.13792,3.7186,-2.4553,6.0747,-0.50972,9.8723,-0.36452,2.7198,-7.9272,-6.5701,-3.4016,-0.12798,-2.272,3.8261,8.8652,2.0695,-1.3169,4.6368,-4.0662,0.8404,0,-1.4731,-2.0284,-5.5601,0.83243,-2.9776,-2.0033,-2.1403,1.7726,-0.010251,-1.3084,-0.44465,1.4161,-4.7764,-4.226,-4.2219,-0.60301,-4.4856,0.71897,4.7844,0.13792,-1.4731,0,0.51688,2.8941,-1.7181,-1.0838,-2.0666,-3.5343,-2.8606,1.3472,0.038015,0.38126,3.0665,-1.6892,1.3786,-0.19381,-0.20693,-1.8128,3.3193,-0.8757,3.7186,-2.0284,0.51688,0,1.1409,-0.13642,-1.8761,-4.0494,-1.3792,2.9551,2.2059,-0.14956,5.3992,2.6029,-3.3719,-2.8167,-5.6487,-2.7876,-1.295,-1.115,1.788,-2.4553,-5.5601,2.8941,1.1409,0,-2.1507,-2.7535,-0.14351,2.637,-2.2685,4.0113,-1.4748,-0.44818,-3.2637,-0.037386,-0.72184,-1.0284,0.49956,-2.4989,-1.9148,-3.734,6.0747,0.83243,-1.7181,-0.13642,-2.1507,0
