0,11.214,14.503,5.2094,1.4516,11.191,4.42,-0.0059551,-0.33448,7.6688,4.4216,-5.1098,-23.404,3.7808,-16.983,-1.4935,-1.2633,1.9837,-15.675,7.6473,-0.8822,-8.1382,-9.8056,-7.16,-21.53,-10.087,13.535,5.265,-7.1734,12.487,-13.766,3.9238,-0.6583,14.6,29.269,-22.685,-1.0008,-7.8382,-6.3112,-7.5064,14.641,-6.2947,15.541,-16.795,23.983,-15.418,-17.311,7.8039,12.767,10.073,-14.171,-9.464,30.195,-5.999,-17.185,11.214,0,1.834,10.876,-0.50299,4.6409,12.626,11.499,-1.0171,7.7624,-2.5566,-16.943,-6.2097,7.1991,-7.1484,2.6581,11.042,-14.272,-7.3013,2.0795,-1.3725,5.2355,2.2627,-25.125,-29.31,-3.8022,-3.4993,-6.914,-6.6372,-4.6169,-14.483,-6.3362,1.3054,6.2091,11.36,-12.791,-7.0833,0.61335,-13.576,5.2159,24.742,-9.8517,14.264,-22.125,18.324,-3.3719,-6.6487,2.483,7.14,-3.346,-2.7651,-15.745,11.09,-12.47,-1.4822,14.503,1.834,0,7.2687,-5.4381,4.5729,-5.2873,-6.0878,-4.3196,11.725,7.6963,-7.716,-10.921,10.134,-8.032,9.1546,2.9355,7.5005,-35.041,-3.0396,-0.54364,-1.0361,-23.711,-2.1974,-6.9926,-10.503,10.296,9.2747,2.5952,13.999,4.1765,-0.22812,7.3816,10.655,23.061,-2.6308,4.3139,-6.9768,4.2069,2.2431,8.626,0.36108,0.32236,0.52039,9.4066,0.11699,-1.518,16.083,7.9088,20.592,-11.079,2.4373,11.318,-9.0969,-34.216,5.2094,10.876,7.2687,0,-2.2013,-13.023,-5.3115,13.387,-21.615,6.3771,-9.9654,-23.629,1.7317,28.334,6.4532,4.6418,7.2969,-13.613,-7.6788,-15.643,-21.173,8.123,-3.6452,-10.871,-7.7815,-11.412,-5.7821,-2.9677,8.7065,-9.346,-0.47744,-16.61,-0.71404,0.6486,9.8108,-6.2409,9.7904,9.3098,-5.9136,13.488,15.73,-16.331,-0.19514,-5.1903,8.3082,0.33253,7.3629,24.709,17.229,-2.4945,0.31792,2.514,6.9473,-14.597,-8.0632,1.4516,-0.50299,-5.4381,-2.2013,0,-0.66152,5.322,1.9839,1.4181,-7.1536,-15.512,-0.1305,5.1169,-10.732,6.4432,-27.461,-7.8607,-8.3097,5.0287,0.5242,-1.5669,-1.3848,-4.72,-3.9079,-0.88804,-6.9251,9.6819,-16.873,-8.0644,2.6808,-11.499,-6.482,-28.013,-13.718,-4.9152,-7.7085,-9.2289,-0.6354,-20.264,-1.1869,4.5648,6.247,11.924,-5.8727,-4.3953,-11.659,-10.206,-3.7479,0.03253,3.406,-3.5502,-1.9287,3.6757,-0.10392,5.9854,11.191,4.6409,4.5729,-13.023,-0.66152,0,11.646,-8.1827,17.591,2.7003,14.957,5.8111,-15.783,-11.404,-28.215,0.17642,0.95808,9.7237,-7.2348,24.184,21.455,-8.9013,-2.9646,-1.2945,-9.6763,4.5223,11.872,4.1829,-17.928,17.015,-8.1079,13.405,4.6663,10.612,7.3861,-5.0316,-14.949,-14.351,0.10248,-11.69,1.9086,7.6276,10.829,-7.8031,7.6695,-5.3629,-19.992,-10.651,-6.4855,9.0111,-11.062,-15.286,6.4909,0.89474,-3.0687,4.42,12.626,-5.2873,-5.3115,5.322,11.646,0,-3.1144,18.435,8.2945,2.9825,-3.2842,-6.6736,-6.7907,-8.844,-1.775,-1.5096,-5.762,-0.29788,7.6338,12.454,5.9037,3.4433,-16.093,-14.083,-2.6894,-1.5571,-7.4418,-8.1449,2.2242,-14.882,3.6358,1.0931,4.5715,1.6847,-5.3834,-17.116,-12.746,-12.29,-1.2415,8.0945,4.406,21.366,-10.285,8.9825,-1.6581,-12.658,-11.869,-0.34624,0.54281,4.2006,-9.996,7.6131,3.4346,4.9066,-0.0059551,11.499,-6.0878,13.387,1.9839,-8.1827,-3.1144,0,-15.742,-8.9077,-16.631,-8.4261,7.5866,6.3311,6.7074,-4.6531,11.943,-18.749,4.7525,-2.4683,-14.653,-0.11946,8.6334,-5.4078,-4.3449,3.7572,-5.8102,-10.134,-4.0285,-17.876,-6.5271,-14.586,-8.7275,-7.1498,-1.129,-8.0495,0.81957,24.58,-9.1188,5.7368,8.0762,-16.381,0.16871,-11.999,1.2338,-4.7743,2.5329,4.3261,2.62,-15.653,-3.1184,-9.1925,-1.8279,-13.85,6.74,-0.33448,-1.0171,-4.3196,-21.615,1.4181,17.591,18.435,-15.742,0,4.5918,12.915,8.7244,-7.1363,-15.989,-11.429,0.021126,-6.1297,7.5983,1.5033,12.784,30.343,-0.014314,2.0015,-1.1779,-2.1509,3.4999,2.3887,1.0123,-7.1422,9.8566,-4.1583,14.853,5.3697,5.3433,-2.8191,3.117,-14.311,-20.258,0.40662,-7.9287,-4.5074,14.688,8.428,0.60119,0.95539,1.6406,-10.426,-20.687,-8.7152,4.8902,3.4099,-4.3208,0.74508,12.46,4.4496,7.6688,7.7624,11.725,6.3771,-7.1536,2.7003,8.2945,-8.9077,4.5918,0,9.6132,-11.796,-11.326,11.635,-7.2035,14.903,-0.91912,0.68032,-15.482,-5.8626,3.1784,12.244,-7.4505,-13.121,-11.653,-14.436,-3.8412,5.5038,9.15,4.8558,0.56686,2.0334,14.738,15.659,14.485,-0.20795,2.1364,-15.05,0.16255,5.8944,9.8374,-0.41064,5.9671,0.31383,15.393,6.6339,0.45817,7.3359,11.773,8.9081,6.1923,4.5592,12.727,0.30826,-13.861,4.4216,-2.5566,7.6963,-9.9654,-15.512,14.957,2.9825,-16.631,12.915,9.6132,0,7.514,-15.954,-1.5594,-19.674,13.64,-1.4737,21.571,-7.6916,9.6211,15.373,-4.0633,-1.4156,4.8036,-1.7037,4.0591,2.03,20.346,0.27623,12.418,4.715,21.815,21.791,20.739,7.0956,4.49,0.21004,-15.332,15.682,-8.6709,-5.9921,4.5667,-1.5313,4.3728,6.3108,4.6932,-3.0102,-4.02,-2.8494,7.2774,-0.65655,-0.64708,2.3751,7.5451,-8.4688,-5.1098,-16.943,-7.716,-23.629,-0.1305,5.8111,-3.2842,-8.4261,8.7244,-11.796,7.514,0,-1.5545,-17.341,-3.5734,-6.4408,-10.72,16.651,11.984,13.489,7.6014,-16.165,6.3355,23.755,12.996,12.476,5.3002,8.7031,-4.2739,5.8979,2.067,18.764,-1.5628,-0.23326,-9.9042,3.7593,0.38817,-2.5737,10.444,-20.86,-25.809,6.0586,-4.9702,6.0333,-9.0797,-4.3212,-3.9222,-13.201,-10.516,-1.851,-0.8003,0.60997,-7.5177,17.327,6.0305,-23.404,-6.2097,-10.921,1.7317,5.1169,-15.783,-6.6736,7.5866,-7.1363,-11.326,-15.954,-1.5545,0,-1.3802,28.792,-3.6064,5.1792,-9.7823,11.499,-11.779,-5.397,8.3542,4.611,2.6224,14.686,5.5162,-8.3988,-14.227,3.7673,-14.724,8.9281,-15.71,-7.2672,-30.246,-20.774,12.252,-0.58769,15.376,-1.444,13.283,-5.0425,3.8323,-11.228,9.1155,-23.016,9.1673,14.66,-2.1964,-9.2228,-8.507,6.4178,6.3544,-20.587,-3.1783,15.373,3.7808,7.1991,10.134,28.334,-10.732,-11.404,-6.7907,6.3311,-15.989,11.635,-1.5594,-17.341,-1.3802,0,3.2506,13.473,6.3579,-5.6905,-9.7698,-15.761,-14.919,8.9971,-3.0522,-7.0095,-5.3683,-9.4828,-8.9208,4.5068,15.363,-7.3307,5.1093,-8.5131,7.7934,6.5673,11.327,-1.2418,15.321,5.2485,2.0616,11.83,9.3881,-15.13,-4.6001,0.14669,9.2986,5.4857,11.652,25.409,16.632,-1.4403,3.6143,6.3887,5.5392,-8.8991,-12.025,-16.983,-7.1484,-8.032,6.4532,6.4432,-28.215,-8.844,6.7074,-11.429,-7.2035,-19.674,-3.5734,28.792,3.2506,0,-4.5168,-0.42983,-10.657,10.172,-19.538,-12.46,9.3525,1.9926,1.8517,13.53,-1.7799,-8.3687,-10.981,10.255,-14.392,8.0423,-16.365,-9.0388,-22.568,-14.579,8.2516,5.8121,13.613,-2.6499,12.95,-3.4258,0.076677,-9.7565,9.4395,-16.065,6.2013,16.108,3.9197,-0.6879,-7.0516,9.1877,12.896,-11.553,-1.0952,8.8373,-1.4935,2.6581,9.1546,4.6418,-27.461,0.17642,-1.775,-4.6531,0.021126,14.903,13.64,-6.4408,-3.6064,13.473,-4.5168,0,9.3956,4.8705,-10.596,-5.7665,3.4117,9.4566,-0.85064,-2.3738,-1.5251,1.0423,-10.151,10.289,10.458,-1.2725,13.159,1.6883,36.039,11.739,6.6711,10.444,5.6078,-3.1157,13.66,8.3959,0.51998,-1.5849,-8.7873,7.6055,4.9638,18.958,11.551,5.5762,0.95871,1.6839,5.3862,4.4841,-1.857,-2.6482,-8.1324,-1.2633,11.042,2.9355,7.2969,-7.8607,0.95808,-1.5096,11.943,-6.1297,-0.91912,-1.4737,-10.72,5.1792,6.3579,-0.42983,9.3956,0,-6.9326,-6.2077,-1.4762,0.30805,4.882,1.7715,-6.1822,-4.6206,8.3487,-5.157,-5.3577,-4.9984,-7.3887,3.4568,-11.045,5.7264,-1.8867,2.2995,3.2028,-5.3918,10.222,0.37559,12.344,7.6664,-3.0996,-4.5371,-3.653,0.48687,8.2298,5.5302,1.7653,-6.4458,-3.9527,-5.7594,-9.7226,-6.0204,-22.054,1.8886,1.9837,-14.272,7.5005,-13.613,-8.3097,9.7237,-5.762,-18.749,7.5983,0.68032,21.571,16.651,-9.7823,-5.6905,-10.657,4.8705,-6.9326,0,-3.6964,8.6799,9.8994,-11.709,-4.8546,17.308,7.0508,4.6401,8.9095,22.521,0.49715,16.82,8.2977,21.258,9.1522,9.7562,2.505,5.5428,3.9182,-10.228,20.298,-13.664,-13.981,7.407,-6.4542,9.5818,-1.685,0.55576,-2.258,-2.601,-4.8639,9.8113,-4.5288,4.1617,-1.0123,9.945,-8.216,-15.675,-7.3013,-35.041,-7.6788,5.0287,-7.2348,-0.29788,4.7525,1.5033,-15.482,-7.6916,11.984,11.499,-9.7698,10.172,-10.596,-6.2077,-3.6964,0,2.0713,-2.2183,-2.3279,20.185,8.0186,12.401,10.386,-7.9586,-5.2691,-0.095617,-12.224,-1.2438,1.6927,-8.7689,-11.418,-25.576,3.4133,0.47034,8.5553,-0.67286,-4.7083,-13.892,-0.94936,-4.0722,2.674,-12.663,-1.4183,3.2669,-12.272,-6.963,-18.923,10.02,1.3276,-12.777,11.716,24.545,7.6473,2.0795,-3.0396,-15.643,0.5242,24.184,7.6338,-2.4683,12.784,-5.8626,9.6211,13.489,-11.779,-15.761,-19.538,-5.7665,-1.4762,8.6799,2.0713,0,12.917,-18.104,5.0042,4.4176,-5.0121,10.799,9.7309,4.4327,-21.216,9.2769,-11.062,16.34,-0.61433,6.9769,1.6429,-7.69,-10.481,-5.8692,0.46423,-21.968,-3.4569,2.1719,8.1324,-9.9644,4.3,-11.185,-19.759,-14.526,-7.585,0.1351,-10.121,-18.382,2.8,4.3885,2.8397,-0.8822,-1.3725,-0.54364,-21.173,-1.5669,21.455,12.454,-14.653,30.343,3.1784,15.373,7.6014,-5.397,-14.919,-12.46,3.4117,0.30805,9.8994,-2.2183,12.917,0,-0.58475,-0.61847,0.37139,-1.0261,7.2469,4.0789,1.4494,-9.4845,11.467,0.12527,11.736,8.182,4.3853,-1.927,6.5268,-16.927,-15.819,3.7231,-5.0366,-4.3837,18.629,4.0795,2.3807,-1.1795,4.9348,-7.9634,-18.619,-14.715,7.3315,-1.1623,-5.9618,-2.5114,5.9054,3.0885,-8.1382,5.2355,-1.0361,8.123,-1.3848,-8.9013,5.9037,-0.11946,-0.014314,12.244,-4.0633,-16.165,8.3542,8.9971,9.3525,9.4566,4.882,-11.709,-2.3279,-18.104,-0.58475,0,-0.5632,-14.305,-1.4806,-7.197,-15.4,-8.9719,11.347,-9.0827,5.5309,-11.756,5.9788,-3.5672,-2.3793,9.1918,-1.1577,-1.0675,-4.0335,25.552,6.6676,2.5586,-0.80416,5.622,-0.6454,17.698,11.687,2.7865,2.3708,-1.0458,15.555,7.8473,-2.4151,-2.8389,2.3056,-9.8056,2.2627,-23.711,-3.6452,-4.72,-2.9646,3.4433,8.6334,2.0015,-7.4505,-1.4156,6.3355,4.611,-3.0522,1.9926,-0.85064,1.7715,-4.8546,20.185,5.0042,-0.61847,-0.5632,0,2.3432,3.2192,14.692,-15.735,-1.4311,-0.91485,-17.055,-2.9565,3.5157,0.68418,-1.4907,-11.893,1.4136,0.28751,8.5917,1.3279,-3.4685,-7.7422,-7.9724,-2.8736,-2.604,-2.5486,1.3195,3.4702,-11.051,-4.8722,-33.102,10.243,-5.2602,-9.3024,6.8571,18.261,-7.16,-25.125,-2.1974,-10.871,-3.9079,-1.2945,-16.093,-5.4078,-1.1779,-13.121,4.8036,23.755,2.6224,-7.0095,1.8517,-2.3738,-6.1822,17.308,8.0186,4.4176,0.37139,-14.305,2.3432,0,21.395,11.052,4.3522,11.542,1.6475,3.4037,10.717,9.8514,-0.4374,-2.4666,-8.4283,7.5059,8.1046,3.6792,17.845,-11.227,-27.36,3.0949,-15.716,12.144,-13.088,-0.6964,4.1262,-3.0557,-8.2475,-1.0744,-2.4002,6.3728,-11.147,9.2657,1.5672,-21.53,-29.31,-6.9926,-7.7815,-0.88804,-9.6763,-14.083,-4.3449,-2.1509,-11.653,-1.7037,12.996,14.686,-5.3683,13.53,-1.5251,-4.6206,7.0508,12.401,-5.0121,-1.0261,-1.4806,3.2192,21.395,0,8.4814,-2.9154,2.2809,7.4107,-3.4179,17.661,1.0476,-1.5911,-11.786,-19.523,17.891,6.6713,6.3357,12.648,-0.099116,-25.514,7.0318,-21.461,23.145,-28.895,7.5842,13.254,-3.6152,-10.547,-3.4769,5.8978,14.081,-21.691,8.6522,7.6777,-10.087,-3.8022,-10.503,-11.412,-6.9251,4.5223,-2.6894,3.7572,3.4999,-14.436,4.0591,12.476,5.5162,-9.4828,-1.7799,1.0423,8.3487,4.6401,10.386,10.799,7.2469,-7.197,14.692,11.052,8.4814,0,-3.7506,1.2705,-8.2722,-5.1403,4.2504,5.0673,2.9421,-3.5433,-11.719,7.6674,-4.7629,8.0878,9.2551,-4.8638,-13.044,1.7501,-9.539,2.2753,-9.7466,3.8853,2.4632,-14.504,-21.679,-11.084,-1.7715,-8.1307,-18.51,1.4143,13.745,13.535,-3.4993,10.296,-5.7821,9.6819,11.872,-1.5571,-5.8102,2.3887,-3.8412,2.03,5.3002,-8.3988,-8.9208,-8.3687,-10.151,-5.157,8.9095,-7.9586,9.7309,4.0789,-15.4,-15.735,4.3522,-2.9154,-3.7506,0,2.154,-12.238,23.635,-5.7567,4.4119,-8.1065,1.0339,7.5732,-8.8384,-5.3563,-6.9096,-2.7633,-10.799,2.2037,7.052,7.2513,-4.6615,1.5872,-14.59,-16.821,0.70342,-0.72674,17.583,-22.829,-4.8599,8.6124,-2.4629,-8.7205,5.265,-6.914,9.2747,-2.9677,-16.873,4.1829,-7.4418,-10.134,1.0123,5.5038,20.346,8.7031,-14.227,4.5068,-10.981,10.289,-5.3577,22.521,-5.2691,4.4327,1.4494,-8.9719,-1.4311,11.542,2.2809,1.2705,2.154,0,6.6569,8.348,6.8438,18.208,13.781,19.122,8.2737,1.2879,13.399,-6.3004,20.913,-11.112,-8.5799,-3.8804,-6.8145,5.6458,5.7818,0.15838,1.2274,4.7871,4.3101,4.0168,-1.1006,4.9675,3.3879,7.8979,-13.461,-7.1734,-6.6372,2.5952,8.7065,-8.0644,-17.928,-8.1449,-4.0285,-7.1422,9.15,0.27623,-4.2739,3.7673,15.363,10.255,10.458,-4.9984,0.49715,-0.095617,-21.216,-9.4845,11.347,-0.91485,1.6475,7.4107,-8.2722,-12.238,6.6569,0,-6.2946,13.788,-2.2737,7.6141,1.8236,-0.71534,9.1,20.8,0.75036,8.1812,8.4195,-3.9374,-4.1947,-11.038,14.578,-1.5103,11.282,19.871,11.899,9.7147,-1.3739,16.426,27.245,-1.8315,5.4493,-5.5313,12.487,-4.6169,13.999,-9.346,2.6808,17.015,2.2242,-17.876,9.8566,4.8558,12.418,5.8979,-14.724,-7.3307,-14.392,-1.2725,-7.3887,16.82,-12.224,9.2769,11.467,-9.0827,-17.055,3.4037,-3.4179,-5.1403,23.635,8.348,-6.2946,0,-1.6485,11.471,1.8877,8.4787,10,-3.2214,-4.6245,-19.348,2.7259,-10.484,0.093876,11.383,6.497,0.31341,4.3588,-6.1126,-13.835,-0.76953,-0.47891,27.256,-11.852,-0.95248,9.7582,2.9299,-13.106,-13.766,-14.483,4.1765,-0.47744,-11.499,-8.1079,-14.882,-6.5271,-4.1583,0.56686,4.715,2.067,8.9281,5.1093,8.0423,13.159,3.4568,8.2977,-1.2438,-11.062,0.12527,5.5309,-2.9565,10.717,17.661,4.2504,-5.7567,6.8438,13.788,-1.6485,0,-1.4179,10.604,-3.0172,-5.7159,26.779,9.0455,3.0665,20.526,8.1751,-11.528,5.793,-29.436,30.47,-12.659,20.483,22.792,4.0739,-6.3656,2.1454,5.2197,16.439,-14.796,1.0131,-2.0619,3.9238,-6.3362,-0.22812,-16.61,-6.482,13.405,3.6358,-14.586,14.853,2.0334,21.815,18.764,-15.71,-8.5131,-16.365,1.6883,-11.045,21.258,1.6927,16.34,11.736,-11.756,3.5157,9.8514,1.0476,5.0673,4.4119,18.208,-2.2737,11.471,-1.4179,0,7.7987,14.767,1.8606,-0.55528,0.97374,-13.449,10.713,-23.451,-11.57,2.8082,1.5585,1.5742,4.0707,-3.9011,-8.2091,-8.766,-2.084,2.6127,0.26663,-1.3333,2.9276,18.083,-2.9285,-0.6583,1.3054,7.3816,-0.71404,-28.013,4.6663,1.0931,-8.7275,5.3697,14.738,21.791,-1.5628,-7.2672,7.7934,-9.0388,36.039,5.7264,9.1522,-8.7689,-0.61433,8.182,5.9788,0.68418,-0.4374,-1.5911,2.9421,-8.1065,13.781,7.6141,1.8877,10.604,7.7987,0,15.886,6.0953,9.8209,3.5955,-7.3621,15.821,2.8443,-2.3239,0.46709,-6.5498,7.1637,5.7176,15.631,7.0147,1.0628,-0.81,2.2931,5.4704,2.8442,-1.1817,1.9033,-7.2036,14.6,6.2091,10.655,0.6486,-13.718,10.612,4.5715,-7.1498,5.3433,15.659,20.739,-0.23326,-30.246,6.5673,-22.568,11.739,-1.8867,9.7562,-11.418,6.9769,4.3853,-3.5672,-1.4907,-2.4666,-11.786,-3.5433,1.0339,19.122,1.8236,8.4787,-3.0172,14.767,15.886,0,18.773,-6.0653,4.5102,-12.335,6.4824,-8.0421,3.2171,-6.2334,4.9227,-4.6534,21.919,-1.9246,-5.7943,3.863,9.2704,4.8064,-1.274,-3.0814,13.784,3.3367,-15.232,29.269,11.36,23.061,9.8108,-4.9152,7.3861,1.6847,-1.129,-2.8191,14.485,7.0956,-9.9042,-20.774,11.327,-14.579,6.6711,2.2995,2.505,-25.576,1.6429,-1.927,-2.3793,-11.893,-8.4283,-19.523,-11.719,7.5732,8.2737,-0.71534,10,-5.7159,1.8606,6.0953,18.773,0,-12.731,2.8791,-7.4937,-1.6695,-1.4671,15.621,-7.1961,8.6522,-9.8479,25.84,-6.055,-7.6687,13.696,14.955,11.157,-9.8688,-4.5536,23.815,-8.3196,-26.736,-22.685,-12.791,-2.6308,-6.2409,-7.7085,-5.0316,-5.3834,-8.0495,3.117,-0.20795,4.49,3.7593,12.252,-1.2418,8.2516,10.444,3.2028,5.5428,3.4133,-7.69,6.5268,9.1918,1.4136,7.5059,17.891,7.6674,-8.8384,1.2879,9.1,-3.2214,26.779,-0.55528,9.8209,-6.0653,-12.731,0,1.1891,0.61222,14.266,8.6446,-13.331,11.825,-18.949,28.521,-16.906,27.794,17.914,-4.5848,-13.276,-0.2559,9.8305,12.159,-21.246,4.346,5.5106,-1.0008,-7.0833,4.3139,9.7904,-9.2289,-14.949,-17.116,0.81957,-14.311,2.1364,0.21004,0.38817,-0.58769,15.321,5.8121,5.6078,-5.3918,3.9182,0.47034,-10.481,-16.927,-1.1577,0.28751,8.1046,6.6713,-4.7629,-5.3563,13.399,20.8,-4.6245,9.0455,0.97374,3.5955,4.5102,2.8791,1.1891,0,5.7269,10.441,-0.21832,-5.3022,-12.721,-11.924,7.471,1.0032,1.081,12.487,16.516,12.664,-3.4204,5.4378,15.055,0.67031,3.6471,-8.8082,-7.8382,0.61335,-6.9768,9.3098,-0.6354,-14.351,-12.746,24.58,-20.258,-15.05,-15.332,-2.5737,15.376,5.2485,13.613,-3.1157,10.222,-10.228,8.5553,-5.8692,-15.819,-1.0675,8.5917,3.6792,6.3357,8.0878,-6.9096,-6.3004,0.75036,-19.348,3.0665,-13.449,-7.3621,-12.335,-7.4937,0.61222,5.7269,0,-0.58143,6.2763,-1.1308,-11.097,-10.515,-1.0786,-7.9012,0.19365,10.552,4.3937,-2.061,-16.123,-1.1906,-1.4497,-10.862,-9.5159,8.326,-6.3112,-13.576,4.2069,-5.9136,-20.264,0.10248,-12.29,-9.1188,0.40662,0.16255,15.682,10.444,-1.444,2.0616,-2.6499,13.66,0.37559,20.298,-0.67286,0.46423,3.7231,-4.0335,1.3279,17.845,12.648,9.2551,-2.7633,20.913,8.1812,2.7259,20.526,10.713,15.821,6.4824,-1.6695,14.266,10.441,-0.58143,0,-3.6333,-17.276,1.8702,-20.832,16.73,-5.3863,10.211,10.496,0.59328,-5.7216,0.76489,1.999,8.3228,-9.4529,6.4014,-4.3484,-7.5064,5.2159,2.2431,13.488,-1.1869,-11.69,-1.2415,5.7368,-7.9287,5.8944,-8.6709,-20.86,13.283,11.83,12.95,8.3959,12.344,-13.664,-4.7083,-21.968,-5.0366,25.552,-3.4685,-11.227,-0.099116,-4.8638,-10.799,-11.112,8.4195,-10.484,8.1751,-23.451,2.8443,-8.0421,-1.4671,8.6446,-0.21832,6.2763,-3.6333,0,8.6752,0.74935,-4.8811,4.8978,-3.3707,15.913,14.853,7.4518,0.70686,-0.70023,6.2648,5.8486,-4.9561,-12.285,1.0737,14.641,24.742,8.626,15.73,4.5648,1.9086,8.0945,8.0762,-4.5074,9.8374,-5.9921,-25.809,-5.0425,9.3881,-3.4258,0.51998,7.6664,-13.981,-13.892,-3.4569,-4.3837,6.6676,-7.7422,-27.36,-25.514,-13.044,2.2037,-8.5799,-3.9374,0.093876,-11.528,-11.57,-2.3239,3.2171,15.621,-13.331,-5.3022,-1.1308,-17.276,8.6752,0,-5.9536,14.956,-16.256,15.842,-4.4646,-6.4315,9.2411,11.336,4.5967,-5.8318,-8.1968,16.005,-16.931,-7.4215,-6.2947,-9.8517,0.36108,-16.331,6.247,7.6276,4.406,-16.381,14.688,-0.41064,4.5667,6.0586,3.8323,-15.13,0.076677,-1.5849,-3.0996,7.407,-0.94936,2.1719,18.629,2.5586,-7.9724,3.0949,7.0318,1.7501,7.052,-3.8804,-4.1947,11.383,5.793,2.8082,0.46709,-6.2334,-7.1961,11.825,-12.721,-11.097,1.8702,0.74935,-5.9536,0,-0.19619,10.381,-11.243,6.5765,-2.4841,-11.263,-15.001,12.588,-0.5934,3.3965,-6.2551,4.6512,3.3713,15.541,14.264,0.32236,-0.19514,11.924,10.829,21.366,0.16871,8.428,5.9671,-1.5313,-4.9702,-11.228,-4.6001,-9.7565,-8.7873,-4.5371,-6.4542,-4.0722,8.1324,4.0795,-0.80416,-2.8736,-15.716,-21.461,-9.539,7.2513,-6.8145,-11.038,6.497,-29.436,1.5585,-6.5498,4.9227,8.6522,-18.949,-11.924,-10.515,-20.832,-4.8811,14.956,-0.19619,0,-20.224,14.563,-13.487,-23.933,-3.367,6.9769,4.6231,-4.0006,-11.75,19.537,-0.69277,-1.638,-16.795,-22.125,0.52039,-5.1903,-5.8727,-7.8031,-10.285,-11.999,0.60119,0.31383,4.3728,6.0333,9.1155,0.14669,9.4395,7.6055,-3.653,9.5818,2.674,-9.9644,2.3807,5.622,-2.604,12.144,23.145,2.2753,-4.6615,5.6458,14.578,0.31341,30.47,1.5742,7.1637,-4.6534,-9.8479,28.521,7.471,-1.0786,16.73,4.8978,-16.256,10.381,-20.224,0,-16.02,17.056,17.152,0.15947,-6.7085,3.1343,9.1995,22.793,-14.116,7.9595,0.40479,23.983,18.324,9.4066,8.3082,-4.3953,7.6695,8.9825,1.2338,0.95539,15.393,6.3108,-9.0797,-23.016,9.2986,-16.065,4.9638,0.48687,-1.685,-12.663,4.3,-1.1795,-0.6454,-2.5486,-13.088,-28.895,-9.7466,1.5872,5.7818,-1.5103,4.3588,-12.659,4.0707,5.7176,21.919,25.84,-16.906,1.0032,-7.9012,-5.3863,-3.3707,15.842,-11.243,14.563,-16.02,0,-7.4462,-9.9528,7.1442,16.778,3.207,-3.3438,-8.0297,26.296,-3.5797,-13.263,-15.418,-3.3719,0.11699,0.33253,-11.659,-5.3629,-1.6581,-4.7743,1.6406,6.6339,4.6932,-4.3212,9.1673,5.4857,6.2013,18.958,8.2298,0.55576,-1.4183,-11.185,4.9348,17.698,1.3195,-0.6964,7.5842,3.8853,-14.59,0.15838,11.282,-6.1126,20.483,-3.9011,15.631,-1.9246,-6.055,27.794,1.081,0.19365,10.211,15.913,-4.4646,6.5765,-13.487,17.056,-7.4462,0,19.885,-0.78718,-7.2132,-0.9602,11.931,9.4571,-13.157,-0.2854,2.6073,-17.311,-6.6487,-1.518,7.3629,-10.206,-19.992,-12.658,2.5329,-10.426,0.45817,-3.0102,-3.9222,14.66,11.652,16.108,11.551,5.5302,-2.258,3.2669,-19.759,-7.9634,11.687,3.4702,4.1262,13.254,2.4632,-16.821,1.2274,19.871,-13.835,22.792,-8.2091,7.0147,-5.7943,-7.6687,17.914,12.487,10.552,10.496,14.853,-6.4315,-2.4841,-23.933,17.152,-9.9528,19.885,0,6.7995,-1.107,-6.9205,12.038,15.552,-14.368,-1.0864,2.2213,7.8039,2.483,16.083,24.709,-3.7479,-10.651,-11.869,4.3261,-20.687,7.3359,-4.02,-13.201,-2.1964,25.409,3.9197,5.5762,1.7653,-2.601,-12.272,-14.526,-18.619,2.7865,-11.051,-3.0557,-3.6152,-14.504,0.70342,4.7871,11.899,-0.76953,4.0739,-8.766,1.0628,3.863,13.696,-4.5848,16.516,4.3937,0.59328,7.4518,9.2411,-11.263,-3.367,0.15947,7.1442,-0.78718,6.7995,0,19.017,4.8042,-2.9108,8.0856,8.7263,-9.7659,-18.5,12.767,7.14,7.9088,17.229,0.03253,-6.4855,-0.34624,2.62,-8.7152,11.773,-2.8494,-10.516,-9.2228,16.632,-0.6879,0.95871,-6.4458,-4.8639,-6.963,-7.585,-14.715,2.3708,-4.8722,-8.2475,-10.547,-21.679,-0.72674,4.3101,9.7147,-0.47891,-6.3656,-2.084,-0.81,9.2704,14.955,-13.276,12.664,-2.061,-5.7216,0.70686,11.336,-15.001,6.9769,-6.7085,16.778,-7.2132,-1.107,19.017,0,1.7746,2.2363,4.6472,20.251,-1.1088,-14.099,10.073,-3.346,20.592,-2.4945,3.406,9.0111,0.54281,-15.653,4.8902,8.9081,7.2774,-1.851,-8.507,-1.4403,-7.0516,1.6839,-3.9527,9.8113,-18.923,0.1351,7.3315,-1.0458,-33.102,-1.0744,-3.4769,-11.084,17.583,4.0168,-1.3739,27.256,2.1454,2.6127,2.2931,4.8064,11.157,-0.2559,-3.4204,-16.123,0.76489,-0.70023,4.5967,12.588,4.6231,3.1343,3.207,-0.9602,-6.9205,4.8042,1.7746,0,-9.3813,3.5382,9.332,-2.1045,-16.541,-14.171,-2.7651,-11.079,0.31792,-3.5502,-11.062,4.2006,-3.1184,3.4099,6.1923,-0.65655,-0.8003,6.4178,3.6143,9.1877,5.3862,-5.7594,-4.5288,10.02,-10.121,-1.1623,15.555,10.243,-2.4002,5.8978,-1.7715,-22.829,-1.1006,16.426,-11.852,5.2197,0.26663,5.4704,-1.274,-9.8688,9.8305,5.4378,-1.1906,1.999,6.2648,-5.8318,-0.5934,-4.0006,9.1995,-3.3438,11.931,12.038,-2.9108,2.2363,-9.3813,0,12.221,-5.6603,12.432,7.5543,-9.464,-15.745,2.4373,2.514,-1.9287,-15.286,-9.996,-9.1925,-4.3208,4.5592,-0.64708,0.60997,6.3544,6.3887,12.896,4.4841,-9.7226,4.1617,1.3276,-18.382,-5.9618,7.8473,-5.2602,6.3728,14.081,-8.1307,-4.8599,4.9675,27.245,-0.95248,16.439,-1.3333,2.8442,-3.0814,-4.5536,12.159,15.055,-1.4497,8.3228,5.8486,-8.1968,3.3965,-11.75,22.793,-8.0297,9.4571,15.552,8.0856,4.6472,3.5382,12.221,0,-4.1566,8.1836,-4.2451,30.195,11.09,11.318,6.9473,3.6757,6.4909,7.6131,-1.8279,0.74508,12.727,2.3751,-7.5177,-20.587,5.5392,-11.553,-1.857,-6.0204,-1.0123,-12.777,2.8,-2.5114,-2.4151,-9.3024,-11.147,-21.691,-18.51,8.6124,3.3879,-1.8315,9.7582,-14.796,2.9276,-1.1817,13.784,23.815,-21.246,0.67031,-10.862,-9.4529,-4.9561,16.005,-6.2551,19.537,-14.116,26.296,-13.157,-14.368,8.7263,20.251,9.332,-5.6603,-4.1566,0,-2.001,-15.984,-5.999,-12.47,-9.0969,-14.597,-0.10392,0.89474,3.4346,-13.85,12.46,0.30826,7.5451,17.327,-3.1783,-8.8991,-1.0952,-2.6482,-22.054,9.945,11.716,4.3885,5.9054,-2.8389,6.8571,9.2657,8.6522,1.4143,-2.4629,7.8979,5.4493,2.9299,1.0131,18.083,1.9033,3.3367,-8.3196,4.346,3.6471,-9.5159,6.4014,-12.285,-16.931,4.6512,-0.69277,7.9595,-3.5797,-0.2854,-1.0864,-9.7659,-1.1088,-2.1045,12.432,8.1836,-2.001,0,4.3134,-17.185,-1.4822,-34.216,-8.0632,5.9854,-3.0687,4.9066,6.74,4.4496,-13.861,-8.4688,6.0305,15.373,-12.025,8.8373,-8.1324,1.8886,-8.216,24.545,2.8397,3.0885,2.3056,18.261,1.5672,7.6777,13.745,-8.7205,-13.461,-5.5313,-13.106,-2.0619,-2.9285,-7.2036,-15.232,-26.736,5.5106,-8.8082,8.326,-4.3484,1.0737,-7.4215,3.3713,-1.638,0.40479,-13.263,2.6073,2.2213,-18.5,-14.099,-16.541,7.5543,-4.2451,-15.984,4.3134,0
