0,2.9576,6.2356,13.607,-1.5145,-6.1279,0.21911,2.7257,4.2551,-8.5907,-20.005,-11.793,4.8584,25.505,1.1055,-25.534,1.1326,-7.4242,11.668,-4.8979,10.961,-2.5108,0.097621,-2.1381,-31.465,9.8829,7.2783,11.034,12.35,-0.78594,-21.029,2.2187,0.010828,-7.4887,-17.826,2.3953,-4.3083,-12.775,-1.4222,-5.5627,9.6016,-2.013,2.7513,-33.274,-13.003,-11.447,2.0671,8.4929,16.712,8.2405,5.052,3.7376,-8.7614,18.963,-12.977,2.9576,0,-9.5277,-11.583,-0.58987,-18.974,-24.173,28.707,-3.5805,4.8158,-0.27532,2.3664,-5.707,9.1974,11.018,-9.5695,-2.8068,-8.0749,-4.1143,-7.7783,6.0077,16.146,4.3212,-22.982,0.69269,0.88348,21.668,12.294,24.254,-37.872,-9.9398,-10.073,11.532,-12.48,2.831,-5.7873,12.541,3.0024,-2.659,12.966,-19.283,-6.1843,7.3297,-1.1861,-0.39093,1.957,-4.9918,30.843,13.293,0.08791,4.8312,0.47994,6.6068,-2.0787,-20.453,6.2356,-9.5277,0,21.555,2.7873,-3.1286,1.3198,-6.0435,-8.1598,0.70781,-17.25,-29.228,-5.226,6.7925,-2.6367,2.8896,11.362,3.8762,12.112,3.2061,-7.4922,-15.482,2.1432,12.139,-4.6598,3.9891,-5.4098,7.1342,-4.2372,9.7635,-1.5513,-5.9945,-13.274,6.5303,-11.633,-5.137,-2.8289,-3.7109,-5.7013,2.7195,9.7102,12.39,-21.162,-10.448,-19.223,-11.148,-0.8417,-4.7645,0.48729,4.4611,6.9381,-1.3174,-11.373,1.2033,1.6043,13.607,-11.583,21.555,0,-5.1973,-0.48817,8.6239,-8.5489,-0.28743,-9.7487,-15.54,-17.462,7.0538,7.7299,-9.5856,-5.4974,7.65,-1.905,12.241,1.1527,-3.9571,-13.726,1.4871,10.426,-11.386,3.1516,-3.5719,3.2327,-2.853,13.695,-5.6666,0.16313,-12.329,4.6986,-17.808,-1.0189,-14.958,-14.094,-5.4009,-7.4641,23.623,1.528,-8.7828,-19.72,-16.069,-10.263,2.6496,-5.1517,2.1729,7.233,8.398,6.2545,-10.42,14.366,0.58739,-1.5145,-0.58987,2.7873,-5.1973,0,5.2327,-2.2947,0.75559,-5.1153,17.769,-2.3556,-5.7978,-17.058,3.4488,21.274,5.5719,-6.7583,16.37,2.0965,-2.0478,10.731,1.5026,-11.599,5.3106,-3.7133,5.056,-9.4835,6.6044,-0.51859,-1.7388,5.6731,-0.27022,5.2622,4.5336,-1.667,8.7939,15.512,9.5119,16.068,6.4684,-5.5059,26.144,-6.3638,3.8115,3.2681,-7.1914,4.1645,-2.9313,-2.7922,-0.39489,-5.1371,-13.789,-1.3828,-12.991,5.2462,-6.1279,-18.974,-3.1286,-0.48817,5.2327,0,21.107,-15.244,10.677,-2.9739,9.7316,7.4159,6.3574,-11.311,-2.5204,7.8181,-8.7828,8.0254,0.64586,1.6701,3.5226,-5.4929,-8.4853,10.614,-0.57479,-3.9512,-19.477,-17.628,-19.321,14.363,14.905,18.909,1.2052,7.7581,0.91009,18.27,-6.7078,2.8619,12.994,-16.467,8.6868,3.8039,3.0754,7.2362,14.107,3.8913,11.363,-21.485,-17.259,-5.4167,-11.857,-4.8572,1.493,-0.21711,22.821,0.21911,-24.173,1.3198,8.6239,-2.2947,21.107,0,-25.246,6.8513,-7.3868,2.4893,3.1649,14.079,-8.8339,-12.025,1.7298,-2.2008,6.678,-1.2169,6.0951,0.50841,-6.263,-10.084,17.344,-4.8243,0.85405,-17.714,-12.415,-12.979,26.701,5.5238,14.209,-7.8613,11.138,-2.7245,9.8613,-17.922,-9.8863,7.0462,-20.882,23.334,-0.75539,-0.38749,-0.21743,4.3483,-3.3132,5.8275,-23.694,-8.9242,4.6986,-4.2877,6.2974,-4.6554,7.5729,16.464,2.7257,28.707,-6.0435,-8.5489,0.75559,-15.244,-25.246,0,-2.0293,3.1994,1.2061,-0.70285,-5.0036,11.604,14.542,-8.1576,-6.8709,-9.797,1.7663,-17.057,5.5676,12.199,6.883,-24.939,0.59464,-5.8556,18.049,11.812,15.538,-38.823,-4.5915,-10.94,17.544,-10.442,-2.5163,-1.5738,10.149,6.3103,-1.2293,11.192,-18.36,-4.3664,6.5501,-3.1461,1.1887,4.8478,2.393,25.698,6.6565,-5.1837,7.9338,-2.8946,12.551,-1.1348,-14.693,4.2551,-3.5805,-8.1598,-0.28743,-5.1153,10.677,6.8513,-2.0293,0,-20.043,5.2715,9.5803,12.546,0.045155,-3.7259,-5.4058,-6.1097,-12.44,8.7338,-4.4118,6.4444,-6.0917,6.1135,-6.6184,-5.6509,-4.0161,3.342,-14.65,-4.9747,1.8274,-0.25116,25.853,8.3566,-11.85,-1.2872,11.722,-7.1252,2.3818,0.43465,-22.713,5.1686,-8.9905,22.229,-1.8646,7.4929,12.142,9.3283,0.20648,-1.9313,-11.954,-11.954,-5.6771,2.331,11.69,-0.29548,-8.5907,4.8158,0.70781,-9.7487,17.769,-2.9739,-7.3868,3.1994,-20.043,0,0.35649,-3.0233,-21.422,-2.1072,13.857,9.0175,-1.3867,19.554,-9.7251,2.6411,1.5484,9.11,-11.044,4.3983,5.8914,4.3368,-6.2137,9.9533,3.2642,-5.1288,5.1268,-12.02,0.14784,8.6723,5.8458,-2.6762,18.372,6.5524,8.4892,20.734,-12.194,15.636,-11.99,9.551,1.7381,-7.6298,-5.2555,-0.88945,-1.2024,5.0519,1.2731,-3.6031,0.58015,-24.31,3.2978,-20.005,-0.27532,-17.25,-15.54,-2.3556,9.7316,2.4893,1.2061,5.2715,0.35649,0,22.436,5.0687,-17.681,-0.30404,8.7922,-11.913,0.27996,-9.5733,-3.9168,-2.1964,7.531,-0.41316,-4.4376,15.193,-17.389,-3.505,-14.96,-8.7909,-2.4585,17.996,3.6327,9.562,3.0648,10.703,6.3784,-1.3098,9.0586,5.9269,-2.9167,-7.4911,-6.9606,8.9797,18.492,30.529,18.906,6.5397,-5.1016,-16.913,-11.5,-4.3207,-1.1426,19.998,-5.9645,10.733,-11.793,2.3664,-29.228,-17.462,-5.7978,7.4159,3.1649,-0.70285,9.5803,-3.0233,22.436,0,6.8921,-15.684,-3.9202,3.1719,-6.1963,-2.8885,-12.77,2.3386,0.61403,7.6082,-0.060827,-6.6616,9.7904,-5.4117,1.513,-16.489,-3.1487,-2.693,5.5835,9.2652,6.4515,-3.9282,17.464,3.0275,-0.64711,4.5673,2.3365,-5.6032,-5.9088,-12.237,16.514,16.17,19.553,15.402,-0.88984,-1.3096,-5.1132,-6.6625,-10.899,1.0194,8.6045,-2.3867,3.3064,4.8584,-5.707,-5.226,7.0538,-17.058,6.3574,14.079,-5.0036,12.546,-21.422,5.0687,6.8921,0,-2.5876,-13.933,-9.2971,-4.997,-9.0149,0.012768,-3.6109,0.64448,0.056727,0.42793,-0.35326,-4.7674,-6.471,0.089655,-9.5196,-2.7945,6.8619,-1.1009,8.9921,0.16122,0.69867,-5.43,6.4415,-29.298,-13.243,-0.23058,-21.673,14.026,-19.492,10.594,-6.3025,4.455,4.1709,7.7882,-4.1065,-2.8295,1.2455,3.2611,13.237,4.1157,22.275,2.7181,25.505,9.1974,6.7925,7.7299,3.4488,-11.311,-8.8339,11.604,0.045155,-2.1072,-17.681,-15.684,-2.5876,0,9.7819,-18.576,-1.1275,-7.0799,13.819,-10.923,11.139,0.26297,2.4782,-6.9484,-19.138,5.7956,10.41,19.267,15.726,-8.6321,-15.561,-4.1579,5.4919,-8.811,-17.951,1.4401,3.262,-4.1095,-0.7968,2.4188,0.53673,2.0107,0.81825,-23.937,-11.788,-8.8511,3.3703,15.147,15.113,3.5676,7.7469,-1.7576,-3.3236,9.1467,-16.152,1.1055,11.018,-2.6367,-9.5856,21.274,-2.5204,-12.025,14.542,-3.7259,13.857,-0.30404,-3.9202,-13.933,9.7819,0,-1.6392,-12.184,4.8066,2.6349,-12.352,14.677,9.0934,-5.2157,-6.5531,-3.6708,-0.031631,1.4144,12.024,7.8982,-14.974,1.689,-4.9932,16.725,-2.2716,-3.5762,7.7437,18.78,10.748,12.443,10.063,-14.061,10.677,0.55454,0.60102,4.6779,-2.3153,6.3561,8.0988,1.3539,-3.3369,0.49992,-11.594,6.6985,-8.7411,-3.0927,-25.534,-9.5695,2.8896,-5.4974,5.5719,7.8181,1.7298,-8.1576,-5.4058,9.0175,8.7922,3.1719,-9.2971,-18.576,-1.6392,0,4.0917,11.065,-4.1533,8.8849,-13.388,-6.2363,0.36654,8.783,19.668,-5.0587,-12.154,-9.6317,-18.908,6.7353,20.005,-0.90496,-5.5244,9.1578,12.054,-3.036,4.7485,13.49,-0.086527,5.0924,-4.3638,10.399,-9.7702,20.643,5.2713,6.0663,-2.7026,-13.165,-16.458,-7.6225,-7.1226,-8.4864,0.93963,-20.365,15.574,1.1326,-2.8068,11.362,7.65,-6.7583,-8.7828,-2.2008,-6.8709,-6.1097,-1.3867,-11.913,-6.1963,-4.997,-1.1275,-12.184,4.0917,0,-1.7003,0.71486,19.14,-15.576,-11.962,8.6148,4.8368,3.564,10.502,3.7149,0.85755,-0.44223,5.9976,-8.5511,-3.6027,-22.583,-2.7301,5.4212,-24.388,0.33626,-3.3851,-21.985,4.9568,3.4886,1.6564,-9.7888,-1.4182,-20.475,-4.2676,-21.688,0.57318,8.4155,5.0192,-1.4097,1.9585,-18.645,-1.3735,-6.0075,-7.4242,-8.0749,3.8762,-1.905,16.37,8.0254,6.678,-9.797,-12.44,19.554,0.27996,-2.8885,-9.0149,-7.0799,4.8066,11.065,-1.7003,0,-8.5952,7.4357,1.4887,2.4681,-22.153,19.482,1.7027,5.8106,-22.839,2.291,-5.2432,8.1569,9.0088,-2.4743,-6.1906,20.09,2.7736,3.317,5.0197,0.25457,14.048,5.1116,1.1838,17.878,-14.665,8.1523,3.0142,-11.713,-1.3205,-14.781,-6.9818,8.6214,-1.6848,-0.44487,-4.1064,-13.522,14.742,11.668,-4.1143,12.112,12.241,2.0965,0.64586,-1.2169,1.7663,8.7338,-9.7251,-9.5733,-12.77,0.012768,13.819,2.6349,-4.1533,0.71486,-8.5952,0,-8.1836,2.2894,-16.078,9.9334,-1.9368,-10.363,-1.9727,2.7746,1.5154,-3.0739,1.5228,-2.451,4.7815,3.0986,-7.1604,-15.839,5.2456,-2.3257,3.3803,-3.6441,-6.0732,5.8834,4.6597,0.47597,-13.769,-7.5321,1.0677,9.8198,2.8619,0.79234,-8.7602,-0.23377,-11.165,-2.9501,8.3714,-3.3882,-4.8979,-7.7783,3.2061,1.1527,-2.0478,1.6701,6.0951,-17.057,-4.4118,2.6411,-3.9168,2.3386,-3.6109,-10.923,-12.352,8.8849,19.14,7.4357,-8.1836,0,-9.5611,-7.0638,-2.1017,11.786,5.0981,13.775,-5.1684,-5.6134,-4.7233,11.833,-2.491,3.1365,-22.674,2.7917,13.564,-11.769,0.5583,-3.3102,-6.9133,0.91493,4.6422,3.3338,-7.4155,7.3833,-6.5025,-4.9222,-20.703,-8.1378,2.8933,7.5277,-9.4215,2.6793,-18.558,-5.7166,2.5993,10.961,6.0077,-7.4922,-3.9571,10.731,3.5226,0.50841,5.5676,6.4444,1.5484,-2.1964,0.61403,0.64448,11.139,14.677,-13.388,-15.576,1.4887,2.2894,-9.5611,0,8.667,-10.903,-4.2796,-17.556,5.6789,0.83289,6.2117,9.9775,-6.4111,-5.3459,6.7908,13.934,-4.6251,-7.034,16.679,4.5443,-1.472,16.964,-4.389,-0.75101,1.7399,9.7294,-5.803,5.5783,-5.6039,8.5282,5.2061,5.8911,2.7214,-3.0492,-3.0018,1.4988,4.5738,-3.8258,-2.5108,16.146,-15.482,-13.726,1.5026,-5.4929,-6.263,12.199,-6.0917,9.11,7.531,7.6082,0.056727,0.26297,9.0934,-6.2363,-11.962,2.4681,-16.078,-7.0638,8.667,0,-9.114,-8.0327,1.7877,-1.7946,4.1269,7.5646,13.81,-14.373,-1.0896,-8.1915,10.307,1.5761,3.3927,1.7098,5.4481,-2.1308,9.1556,7.6263,-11.376,-6.0522,5.3307,3.7726,9.2614,-1.191,-0.054358,7.4489,2.9894,5.9359,6.8074,8.1214,11.8,-3.226,-3.5509,0.097621,4.3212,2.1432,1.4871,-11.599,-8.4853,-10.084,6.883,6.1135,-11.044,-0.41316,-0.060827,0.42793,2.4782,-5.2157,0.36654,8.6148,-22.153,9.9334,-2.1017,-10.903,-9.114,0,-12.783,6.1175,-6.8754,15.793,-3.7565,-1.1524,-5.5812,-3.1151,-1.0414,1.196,-14.955,1.5932,-9.5535,-0.37932,7.0224,-23.23,0.91316,-4.3456,-7.3894,4.7549,-2.1054,-5.7511,14.3,-2.6007,10.015,2.5091,-13.946,-0.45169,-5.6214,1.8292,3.1384,-9.7825,-2.1381,-22.982,12.139,10.426,5.3106,10.614,17.344,-24.939,-6.6184,4.3983,-4.4376,-6.6616,-0.35326,-6.9484,-6.5531,8.783,4.8368,19.482,-1.9368,11.786,-4.2796,-8.0327,-12.783,0,-1.7325,6.0085,-26.743,-2.4106,-11.547,26.598,6.0441,2.071,-17.359,21.002,-2.1594,1.6537,-6.3,-6.8847,5.3645,-3.5853,15.033,11.867,-16.96,1.0153,-3.4361,-12.539,-0.84572,-25.737,-7.2016,9.8752,-0.66331,3.5358,-10.94,-2.4748,16.737,-31.465,0.69269,-4.6598,-11.386,-3.7133,-0.57479,-4.8243,0.59464,-5.6509,5.8914,15.193,9.7904,-4.7674,-19.138,-3.6708,19.668,3.564,1.7027,-10.363,5.0981,-17.556,1.7877,6.1175,-1.7325,0,-10.289,-0.83673,-8.4254,-8.341,-2.0693,13.052,-6.2178,-1.6337,3.5001,18.259,-9.197,4.0133,11.309,-5.8009,8.6402,-11.526,-1.6006,-2.8401,22.124,6.9804,13.281,-5.9717,-3.0654,-10.543,-8.329,-1.7745,-1.7565,8.0992,-15.49,6.0217,9.8829,0.88348,3.9891,3.1516,5.056,-3.9512,0.85405,-5.8556,-4.0161,4.3368,-17.389,-5.4117,-6.471,5.7956,-0.031631,-5.0587,10.502,5.8106,-1.9727,13.775,5.6789,-1.7946,-6.8754,6.0085,-10.289,0,0.54611,7.6205,8.9035,3.0681,-16.077,2.169,-10.028,-3.1452,1.767,-5.5049,5.8595,-7.5286,-0.94736,2.3276,4.0156,6.2844,-4.2535,-4.4433,-12.371,-17.627,-14.434,1.9954,17.708,15.273,-5.671,1.481,-26.308,-0.047015,-7.5946,7.2783,21.668,-5.4098,-3.5719,-9.4835,-19.477,-17.714,18.049,3.342,-6.2137,-3.505,1.513,0.089655,10.41,1.4144,-12.154,3.7149,-22.839,2.7746,-5.1684,0.83289,4.1269,15.793,-26.743,-0.83673,0.54611,0,5.9687,16.294,-18.666,-15.508,-4.3286,6.4787,-24.175,1.0934,-9.1683,4.5072,0.80774,-13.413,4.8803,-9.2855,-12.314,10.601,-6.0775,-5.8273,5.8025,-6.0135,33.938,16.382,-3.225,2.7814,0.49406,2.0887,5.5417,-31.735,11.034,12.294,7.1342,3.2327,6.6044,-17.628,-12.415,11.812,-14.65,9.9533,-14.96,-16.489,-9.5196,19.267,12.024,-9.6317,0.85755,2.291,1.5154,-5.6134,6.2117,7.5646,-3.7565,-2.4106,-8.4254,7.6205,5.9687,0,19.788,-10.045,-11.276,-17.235,0.96072,0.0080046,-9.5439,-4.7354,8.4357,-4.8751,1.0437,14.766,-4.4943,5.9898,-8.089,-11.563,-11.824,-16.029,-3.1257,11.948,13.49,11.427,14.047,3.0044,-2.7115,-0.59204,-11.82,12.35,24.254,-4.2372,-2.853,-0.51859,-19.321,-12.979,15.538,-4.9747,3.2642,-8.7909,-3.1487,-2.7945,15.726,7.8982,-18.908,-0.44223,-5.2432,-3.0739,-4.7233,9.9775,13.81,-1.1524,-11.547,-8.341,8.9035,16.294,19.788,0,-16.84,-20.741,-8.6644,4.9245,-9.0975,-2.8659,-5.1339,7.2207,-6.5442,-1.2532,8.7059,-6.9149,-4.8866,4.0053,-9.1553,-6.6862,-7.9523,-6.3346,22.729,24.574,9.9272,7.5087,6.1558,-1.0748,3.8386,-23.565,-0.78594,-37.872,9.7635,13.695,-1.7388,14.363,26.701,-38.823,1.8274,-5.1288,-2.4585,-2.693,6.8619,-8.6321,-14.974,6.7353,5.9976,8.1569,1.5228,11.833,-6.4111,-14.373,-5.5812,26.598,-2.0693,3.0681,-18.666,-10.045,-16.84,0,5.16,8.9592,-17.186,12.377,-2.1065,2.5465,-14.179,-7.81,0.82617,-12.411,24.101,4.29,-8.1838,-0.41333,-2.6618,-5.3473,0.85603,-26.742,-8.0831,4.799,-3.7174,3.7447,-10.694,3.7986,15.542,-21.029,-9.9398,-1.5513,-5.6666,5.6731,14.905,5.5238,-4.5915,-0.25116,5.1268,17.996,5.5835,-1.1009,-15.561,1.689,20.005,-8.5511,9.0088,-2.451,-2.491,-5.3459,-1.0896,-3.1151,6.0441,13.052,-16.077,-15.508,-11.276,-20.741,5.16,0,1.3834,3.4589,12.708,3.931,8.0918,-0.84192,11.598,8.6048,-1.098,-2.5262,5.7968,-3.3602,15.118,16.182,9.3365,10.179,-15.168,-42.613,-10.896,-2.7097,-6.3597,11.866,-10.764,25.676,2.2187,-10.073,-5.9945,0.16313,-0.27022,18.909,14.209,-10.94,25.853,-12.02,3.6327,9.2652,8.9921,-4.1579,-4.9932,-0.90496,-3.6027,-2.4743,4.7815,3.1365,6.7908,-8.1915,-1.0414,2.071,-6.2178,2.169,-4.3286,-17.235,-8.6644,8.9592,1.3834,0,2.0917,-5.4579,1.643,12.551,-6.0082,0.93946,4.2162,-24.416,9.009,-2.5281,12.702,1.5594,7.1992,5.5443,5.6167,-7.0634,-3.2009,-6.1568,-19.956,-5.7453,-3.9542,6.9081,5.0655,0.010828,11.532,-13.274,-12.329,5.2622,1.2052,-7.8613,17.544,8.3566,0.14784,9.562,6.4515,0.16122,5.4919,16.725,-5.5244,-22.583,-6.1906,3.0986,-22.674,13.934,10.307,1.196,-17.359,-1.6337,-10.028,6.4787,0.96072,4.9245,-17.186,3.4589,2.0917,0,-8.0414,-2.4894,13.121,6.333,10.311,9.3679,-0.38961,-12.008,-3.3445,15.449,1.1908,14.311,10.053,13.835,9.6712,-2.2679,-12.029,-0.99893,-8.197,18.863,-0.053178,-3.1564,-7.4887,-12.48,6.5303,4.6986,4.5336,7.7581,11.138,-10.442,-11.85,8.6723,3.0648,-3.9282,0.69867,-8.811,-2.2716,9.1578,-2.7301,20.09,-7.1604,2.7917,-4.6251,1.5761,-14.955,21.002,3.5001,-3.1452,-24.175,0.0080046,-9.0975,12.377,12.708,-5.4579,-8.0414,0,-2.6243,3.0621,-6.0309,-5.2832,9.5961,0.99968,6.8823,7.6987,-15.885,3.7376,2.9787,-8.177,3.7124,-20.042,-13.369,8.2585,7.4638,7.3426,1.361,-5.0128,20.829,-17.826,2.831,-11.633,-17.808,-1.667,0.91009,-2.7245,-2.5163,-1.2872,5.8458,10.703,17.464,-5.43,-17.951,-3.5762,12.054,5.4212,2.7736,-15.839,13.564,-7.034,3.3927,1.5932,-2.1594,18.259,1.767,1.0934,-9.5439,-2.8659,-2.1065,3.931,1.643,-2.4894,-2.6243,0,-8.4869,8.1399,8.3427,-3.8977,5.3917,-10.774,-2.306,2.8434,25.711,6.7581,8.6113,-14.09,-1.0102,-1.5063,-3.4229,-12.573,-2.1957,-0.11009,-14.114,1.3268,2.3953,-5.7873,-5.137,-1.0189,8.7939,18.27,9.8613,-1.5738,11.722,-2.6762,6.3784,3.0275,6.4415,1.4401,7.7437,-3.036,-24.388,3.317,5.2456,-11.769,16.679,1.7098,-9.5535,1.6537,-9.197,-5.5049,-9.1683,-4.7354,-5.1339,2.5465,8.0918,12.551,13.121,3.0621,-8.4869,0,-3.7504,1.9545,22.486,-13.321,4.6058,2.4083,8.0063,-1.2586,14.466,1.6073,25.641,-6.5177,-9.3488,-5.0259,-4.1198,-5.2251,7.4958,4.5173,9.7684,-4.3083,12.541,-2.8289,-14.958,15.512,-6.7078,-17.922,10.149,-7.1252,18.372,-1.3098,-0.64711,-29.298,3.262,18.78,4.7485,0.33626,5.0197,-2.3257,0.5583,4.5443,5.4481,-0.37932,-6.3,4.0133,5.8595,4.5072,8.4357,7.2207,-14.179,-0.84192,-6.0082,6.333,-6.0309,8.1399,-3.7504,0,15.224,2.1856,18.699,-22.3,11.172,-1.9164,7.831,0.33317,-0.59516,-6.8375,9.3423,5.278,-3.1128,-5.8247,-13.566,-0.3361,-19.132,-6.3923,-12.775,3.0024,-3.7109,-14.094,9.5119,2.8619,-9.8863,6.3103,2.3818,6.5524,9.0586,4.5673,-13.243,-4.1095,10.748,13.49,-3.3851,0.25457,3.3803,-3.3102,-1.472,-2.1308,7.0224,-6.8847,11.309,-7.5286,0.80774,-4.8751,-6.5442,-7.81,11.598,0.93946,10.311,-5.2832,8.3427,1.9545,15.224,0,0.98311,6.487,-16.929,7.5363,2.2337,13.693,8.5265,14.101,2.661,2.0907,-8.0424,-22.726,-10.117,-26.319,7.5792,-16.248,2.5078,-1.4222,-2.659,-5.7013,-5.4009,16.068,12.994,7.0462,-1.2293,0.43465,8.4892,5.9269,2.3365,-0.23058,-0.7968,12.443,-0.086527,-21.985,14.048,-3.6441,-6.9133,16.964,9.1556,-23.23,5.3645,-5.8009,-0.94736,-13.413,1.0437,-1.2532,0.82617,8.6048,4.2162,9.3679,9.5961,-3.8977,22.486,2.1856,0.98311,0,-3.2131,0.19578,7.2942,1.2889,3.1608,14.21,-4.8019,12.853,-7.4271,-7.6933,2.2511,-1.6681,-2.0129,6.2099,-3.2723,11.182,-5.5627,12.966,2.7195,-7.4641,6.4684,-16.467,-20.882,11.192,-22.713,20.734,-2.9167,-5.6032,-21.673,2.4188,10.063,5.0924,4.9568,5.1116,-6.0732,0.91493,-4.389,7.6263,0.91316,-3.5853,8.6402,2.3276,4.8803,14.766,8.7059,-12.411,-1.098,-24.416,-0.38961,0.99968,5.3917,-13.321,18.699,6.487,-3.2131,0,-18.021,7.5181,-10.643,4.6915,-5.1986,-3.8291,-10.445,8.7407,4.8191,2.8216,6.5322,-2.0697,1.1734,-16.868,-6.3328,9.6016,-19.283,9.7102,23.623,-5.5059,8.6868,23.334,-18.36,5.1686,-12.194,-7.4911,-5.9088,14.026,0.53673,-14.061,-4.3638,3.4886,1.1838,5.8834,4.6422,-0.75101,-11.376,-4.3456,15.033,-11.526,4.0156,-9.2855,-4.4943,-6.9149,24.101,-2.5262,9.009,-12.008,6.8823,-10.774,4.6058,-22.3,-16.929,0.19578,-18.021,0,-1.0603,-3.324,-11.147,-6.1694,-8.244,4.006,-12.658,-1.3548,7.9742,1.4322,8.2725,-10.267,15.838,6.4816,-2.013,-6.1843,12.39,1.528,26.144,3.8039,-0.75539,-4.3664,-8.9905,15.636,-6.9606,-12.237,-19.492,2.0107,10.677,10.399,1.6564,17.878,4.6597,3.3338,1.7399,-6.0522,-7.3894,11.867,-1.6006,6.2844,-12.314,5.9898,-4.8866,4.29,5.7968,-2.5281,-3.3445,7.6987,-2.306,2.4083,11.172,7.5363,7.2942,7.5181,-1.0603,0,-16.203,2.3786,-3.5971,-9.604,0.41198,-6.7481,-3.5847,0.92453,-3.4278,-12.488,-7.0754,-13.378,6.9188,2.7513,7.3297,-21.162,-8.7828,-6.3638,3.0754,-0.38749,6.5501,22.229,-11.99,8.9797,16.514,10.594,0.81825,0.55454,-9.7702,-9.7888,-14.665,0.47597,-7.4155,9.7294,5.3307,4.7549,-16.96,-2.8401,-4.2535,10.601,-8.089,4.0053,-8.1838,-3.3602,12.702,15.449,-15.885,2.8434,8.0063,-1.9164,2.2337,1.2889,-10.643,-3.324,-16.203,0,0.54641,11.095,13.304,5.4143,8.1885,2.5994,-8.7502,-7.6465,-1.5607,8.031,8.5748,-6.2221,-33.274,-1.1861,-10.448,-19.72,3.8115,7.2362,-0.21743,-3.1461,-1.8646,9.551,18.492,16.17,-6.3025,-23.937,0.60102,20.643,-1.4182,8.1523,-13.769,7.3833,-5.803,3.7726,-2.1054,1.0153,22.124,-4.4433,-6.0775,-11.563,-9.1553,-0.41333,15.118,1.5594,1.1908,3.7376,25.711,-1.2586,7.831,13.693,3.1608,4.6915,-11.147,2.3786,0.54641,0,14.562,10.338,-4.3922,-6.7493,-11.29,-7.2688,-11.141,-5.6334,5.6772,-20.543,10.055,-13.003,-0.39093,-19.223,-16.069,3.2681,14.107,4.3483,1.1887,7.4929,1.7381,30.529,19.553,4.455,-11.788,4.6779,5.2713,-20.475,3.0142,-7.5321,-6.5025,5.5783,9.2614,-5.7511,-3.4361,6.9804,-12.371,-5.8273,-11.824,-6.6862,-2.6618,16.182,7.1992,14.311,2.9787,6.7581,14.466,0.33317,8.5265,14.21,-5.1986,-6.1694,-3.5971,11.095,14.562,0,12.706,10.893,-5.4008,-14.962,-9.6188,-6.446,-3.3036,18.001,-4.8525,11.359,-11.447,1.957,-11.148,-10.263,-7.1914,3.8913,-3.3132,4.8478,12.142,-7.6298,18.906,15.402,4.1709,-8.8511,-2.3153,6.0663,-4.2676,-11.713,1.0677,-4.9222,-5.6039,-1.191,14.3,-12.539,13.281,-17.627,5.8025,-16.029,-7.9523,-5.3473,9.3365,5.5443,10.053,-8.177,8.6113,1.6073,-0.59516,14.101,-4.8019,-3.8291,-8.244,-9.604,13.304,10.338,12.706,0,4.7167,2.1623,-9.3443,-26.714,-6.7691,-7.3124,14.079,-1.7548,1.607,2.0671,-4.9918,-0.8417,2.6496,4.1645,11.363,5.8275,2.393,9.3283,-5.2555,6.5397,-0.88984,7.7882,3.3703,6.3561,-2.7026,-21.688,-1.3205,9.8198,-20.703,8.5282,-0.054358,-2.6007,-0.84572,-5.9717,-14.434,-6.0135,-3.1257,-6.3346,0.85603,10.179,5.6167,13.835,3.7124,-14.09,25.641,-6.8375,2.661,12.853,-10.445,4.006,0.41198,5.4143,-4.3922,10.893,4.7167,0,-4.3652,-12.471,-8.687,2.9949,-4.2787,13.232,6.3993,8.7172,8.4929,30.843,-4.7645,-5.1517,-2.9313,-21.485,-23.694,25.698,0.20648,-0.88945,-5.1016,-1.3096,-4.1065,15.147,8.0988,-13.165,0.57318,-14.781,2.8619,-8.1378,5.2061,7.4489,10.015,-25.737,-3.0654,1.9954,33.938,11.948,22.729,-26.742,-15.168,-7.0634,9.6712,-20.042,-1.0102,-6.5177,9.3423,2.0907,-7.4271,8.7407,-12.658,-6.7481,8.1885,-6.7493,-5.4008,2.1623,-4.3652,0,17.826,-1.6644,4.1956,-1.3934,2.8448,2.7291,-33.141,16.712,13.293,0.48729,2.1729,-2.7922,-17.259,-8.9242,6.6565,-1.9313,-1.2024,-16.913,-5.1132,-2.8295,15.113,1.3539,-16.458,8.4155,-6.9818,0.79234,2.8933,5.8911,2.9894,2.5091,-7.2016,-10.543,17.708,16.382,13.49,24.574,-8.0831,-42.613,-3.2009,-2.2679,-13.369,-1.5063,-9.3488,5.278,-8.0424,-7.6933,4.8191,-1.3548,-3.5847,2.5994,-11.29,-14.962,-9.3443,-12.471,17.826,0,10.342,1.7299,4.1883,-11.224,6.0853,-28.82,8.2405,0.08791,4.4611,7.233,-0.39489,-5.4167,4.6986,-5.1837,-11.954,5.0519,-11.5,-6.6625,1.2455,3.5676,-3.3369,-7.6225,5.0192,8.6214,-8.7602,7.5277,2.7214,5.9359,-13.946,9.8752,-8.329,15.273,-3.225,11.427,9.9272,4.799,-10.896,-6.1568,-12.029,8.2585,-3.4229,-5.0259,-3.1128,-22.726,2.2511,2.8216,7.9742,0.92453,-8.7502,-7.2688,-9.6188,-26.714,-8.687,-1.6644,10.342,0,8.3144,17.94,-10.965,3.6657,-2.478,5.052,4.8312,6.9381,8.398,-5.1371,-11.857,-4.2877,7.9338,-11.954,1.2731,-4.3207,-10.899,3.2611,7.7469,0.49992,-7.1226,-1.4097,-1.6848,-0.23377,-9.4215,-3.0492,6.8074,-0.45169,-0.66331,-1.7745,-5.671,2.7814,14.047,7.5087,-3.7174,-2.7097,-19.956,-0.99893,7.4638,-12.573,-4.1198,-5.8247,-10.117,-1.6681,6.5322,1.4322,-3.4278,-7.6465,-11.141,-6.446,-6.7691,2.9949,4.1956,1.7299,8.3144,0,13.421,5.9046,5.4206,-3.1254,3.7376,0.47994,-1.3174,6.2545,-13.789,-4.8572,6.2974,-2.8946,-5.6771,-3.6031,-1.1426,1.0194,13.237,-1.7576,-11.594,-8.4864,1.9585,-0.44487,-11.165,2.6793,-3.0018,8.1214,-5.6214,3.5358,-1.7565,1.481,0.49406,3.0044,6.1558,3.7447,-6.3597,-5.7453,-8.197,7.3426,-2.1957,-5.2251,-13.566,-26.319,-2.0129,-2.0697,8.2725,-12.488,-1.5607,-5.6334,-3.3036,-7.3124,-4.2787,-1.3934,4.1883,17.94,13.421,0,-0.53693,9.6988,-1.1368,-8.7614,6.6068,-11.373,-10.42,-1.3828,1.493,-4.6554,12.551,2.331,0.58015,19.998,8.6045,4.1157,-3.3236,6.6985,0.93963,-18.645,-4.1064,-2.9501,-18.558,1.4988,11.8,1.8292,-10.94,8.0992,-26.308,2.0887,-2.7115,-1.0748,-10.694,11.866,-3.9542,18.863,1.361,-0.11009,7.4958,-0.3361,7.5792,6.2099,1.1734,-10.267,-7.0754,8.031,5.6772,18.001,14.079,13.232,2.8448,-11.224,-10.965,5.9046,-0.53693,0,-1.9256,3.7853,18.963,-2.0787,1.2033,14.366,-12.991,-0.21711,7.5729,-1.1348,11.69,-24.31,-5.9645,-2.3867,22.275,9.1467,-8.7411,-20.365,-1.3735,-13.522,8.3714,-5.7166,4.5738,-3.226,3.1384,-2.4748,-15.49,-0.047015,5.5417,-0.59204,3.8386,3.7986,-10.764,6.9081,-0.053178,-5.0128,-14.114,4.5173,-19.132,-16.248,-3.2723,-16.868,15.838,-13.378,8.5748,-20.543,-4.8525,-1.7548,6.3993,2.7291,6.0853,3.6657,5.4206,9.6988,-1.9256,0,-5.7325,-12.977,-20.453,1.6043,0.58739,5.2462,22.821,16.464,-14.693,-0.29548,3.2978,10.733,3.3064,2.7181,-16.152,-3.0927,15.574,-6.0075,14.742,-3.3882,2.5993,-3.8258,-3.5509,-9.7825,16.737,6.0217,-7.5946,-31.735,-11.82,-23.565,15.542,25.676,5.0655,-3.1564,20.829,1.3268,9.7684,-6.3923,2.5078,11.182,-6.3328,6.4816,6.9188,-6.2221,10.055,11.359,1.607,8.7172,-33.141,-28.82,-2.478,-3.1254,-1.1368,3.7853,-5.7325,0
