0,6.4992,10.6,3.5168,-6.7096,-3.1378,2.201,7.2042,6.0092,-3.0551,-23.579,-8.8146,-15.524,17.574,10.644,1.2882,7.9906,-5.8684,-14.72,-6.4357,-7.7582,-10.588,-3.134,-0.68002,6.146,-12.518,-0.18277,-17.95,5.4509,2.5988,6.6025,2.2609,-10.739,22.867,2.9098,6.7314,4.4873,9.2856,9.6431,-8.411,-5.9515,-12.159,-31.014,-4.1399,3.6353,-13.081,2.291,-1.3656,1.1049,-4.0033,3.9066,14.446,1.8472,1.6858,2.1038,6.4992,0,14.578,-10.192,-18.495,19.383,-1.9083,12.309,14.121,2.1187,-12.466,-16.351,-11.18,-5.0716,17.526,1.0626,12.735,11.905,-9.4493,3.7921,-1.5316,8.455,-4.6179,-8.7797,7.4245,-12.854,14.218,-0.05737,-6.5634,19.549,-6.547,0.18235,-5.0326,6.3127,11.259,4.456,-2.3618,4.6151,-10.864,3.6827,8.6095,4.5898,-6.7597,-10.638,10.326,-19.766,-11.414,6.5236,1.7565,-22.087,0.62021,2.9467,-0.92698,4.6283,14.688,10.6,14.578,0,7.8555,-8.5818,13.704,0.35137,15.22,11.057,-15.614,-21.216,-19.574,-31.846,-2.4362,17.293,-10.804,2.483,7.3795,-25.486,13.107,-0.030215,2.4949,-8.5055,-4.2443,7.5491,-2.6346,24.811,0.08596,-4.8338,13.223,-0.54586,10.052,-20.572,9.9946,18.187,-6.5562,-6.3347,-1.3638,-9.3502,-2.7755,-4.1535,3.5912,-10.706,-5.3978,-2.4115,-4.8688,-10.025,2.4956,-5.8368,-15.701,4.8191,-4.4294,3.6314,-1.0085,5.9328,3.5168,-10.192,7.8555,0,9.7831,-3.7509,2.8403,2.8224,-2.7777,-25.894,-4.9746,-1.5972,-9.6306,2.9403,-1.8473,-14.534,-12.79,-3.2276,-8.6513,9.8743,0.61032,-5.9031,-1.6106,6.4261,1.6551,11.209,4.5,-0.83224,1.3829,-5.2931,6.0452,9.9357,-14.39,2.4953,5.6021,-13.501,-4.8579,-7.7257,1.1391,-9.8633,-16.308,-0.93691,-2.3598,5.7382,-19.953,13.747,0.34601,-4.8106,-7.7087,3.874,3.8846,-9.6282,3.2459,-4.8998,-8.9034,-6.7096,-18.495,-8.5818,9.7831,0,-4.7826,-3.1913,0.77871,-9.6716,-6.0228,6.4301,10.532,7.8358,-0.72705,-19.811,-0.49128,-9.1664,0.072407,12.647,1.435,5.9533,-2.4816,9.8323,11.951,1.0511,12.869,-8.6641,2.8245,1.2369,-21.55,0.063888,-4.9882,-2.96,-14.35,0.46528,-1.9906,-1.1211,-6.2955,2.5161,-13.305,-3.1494,-0.67913,11.345,21.231,-21.954,14.317,-1.0723,-2.4245,5.2615,17.531,1.1767,-7.7845,-3.2758,4.4832,-15.615,-3.1378,19.383,13.704,-3.7509,-4.7826,0,-3.8027,17.388,10.808,-4.6169,-6.7152,-13.035,-7.8495,-18.007,7.2403,-3.4545,3.7457,25.98,-4.0662,15.59,4.9063,16.947,-1.7464,-3.5659,9.1053,-1.679,21.196,9.2336,-13.232,11.554,-12.311,-0.38639,-8.8376,-5.0797,20.435,-2.0048,-9.3962,-2.9671,-26.892,0.27484,9.4228,12.397,4.179,-2.4243,-1.2741,-5.5609,-25.061,8.3257,2.2832,-15.672,0.2955,-9.6653,-1.954,6.7341,8.6882,2.201,-1.9083,0.35137,2.8403,-3.1913,-3.8027,0,2.0244,15.824,3.0191,-4.7963,-11.424,-1.4735,-2.087,-6.7761,6.8302,-14.806,-5.8438,-7.6205,4.0156,-14.491,7.7437,-4.6075,16.974,9.0357,-10.46,1.3232,-8.0861,-14.26,-5.4501,-11.422,-8.2764,-3.5551,0.7212,-4.7953,6.3602,-17.308,13.03,3.8728,-4.0192,7.3102,-12.513,-1.4357,-14.257,4.0279,-1.4157,-2.8811,13.585,7.1134,-8.3282,-26.368,4.492,6.0652,7.5487,15.655,7.2042,12.309,15.22,2.8224,0.77871,17.388,2.0244,0,15.452,-7.2034,-19.499,-19.016,-13.408,-6.017,2.4973,0.35537,0.56645,14.573,-7.4556,11.014,-1.9844,9.6355,1.6247,6.6098,24.219,-7.2163,11.604,-2.7317,-12.887,1.7795,-11.941,-5.6569,-23.92,-1.1544,22.268,4.7647,-11.482,3.3772,-9.6003,-15.375,7.2015,0.12769,-1.9616,-0.90919,-5.8693,-8.6798,-26.548,10.005,10.021,-11.866,-2.7334,-2.7471,-2.534,16.787,7.2021,6.0092,14.121,11.057,-2.7777,-9.6716,10.808,15.824,15.452,0,1.0698,-15.657,-29.342,-8.6254,-7.5101,2.7575,7.1291,-2.08,4.6981,-12.376,7.8756,-7.6975,14.414,-7.4775,7.8854,16.165,-18.093,11.286,-3.9478,-21.986,3.4872,-18.506,-8.446,-10.652,1.6503,5.8657,9.0668,-18.698,14.93,-4.9327,-4.1637,13.896,-6.356,-4.664,-14.437,6.7841,-11.46,-14.967,23.198,10.32,-22.581,-14.539,4.0349,5.6335,13.301,30.069,-3.0551,2.1187,-15.614,-25.894,-6.0228,-4.6169,3.0191,-7.2034,1.0698,0,7.6797,3.8706,13.355,1.6094,-4.3314,18.049,5.1367,-2.453,10.709,-14.099,-7.3621,3.4352,5.3154,-0.24908,-0.86615,-12.145,-11.854,-5.4217,-0.33807,-0.84034,-5.0837,-13.609,18.528,-1.9733,-12.067,16.95,4.4729,9.7386,5.0963,6.3966,14.42,-4.2581,3.0546,-7.4956,17.7,-10.758,4.0546,3.1501,9.4424,-0.33598,-9.5278,13.236,-4.9448,5.8382,7.435,-23.579,-12.466,-21.216,-4.9746,6.4301,-6.7152,-4.7963,-19.499,-15.657,7.6797,0,20.802,22.85,-4.3278,-10.159,0.054925,-4.1572,-2.0874,20.219,-3.6521,5.4956,0.36548,5.4455,-2.6051,-13.867,12.414,-9.1749,9.7609,4.5298,-4.3754,2.2611,-0.32695,22.846,-12.225,-11.319,-4.9837,5.2061,-8.7386,-0.11628,11.02,0.4398,7.46,17.491,5.4367,-0.49541,12.222,8.4631,-6.2269,-3.908,11.927,-0.20591,-5.9359,-3.4058,-6.934,-7.9311,-8.8146,-16.351,-19.574,-1.5972,10.532,-13.035,-11.424,-19.016,-29.342,3.8706,20.802,0,18.575,5.4251,-7.6307,0.71829,2.3012,-8.2623,19.002,-12.108,9.8202,-11.807,4.6881,-4.3214,-19.119,13.346,-17.708,5.6909,16.294,-8.4781,12.024,1.8186,15.894,-5.8976,-13.045,-3.2303,15.643,-6.8901,8.5075,5.3477,-7.3015,1.5329,6.4518,15.506,-2.5904,11.396,16.386,-11.748,-4.0841,30.071,8.704,-0.20554,-1.1878,-9.4091,-19.767,-15.524,-11.18,-31.846,-9.6306,7.8358,-7.8495,-1.4735,-13.408,-8.6254,13.355,22.85,18.575,0,-3.0883,-16.121,11.931,-1.1905,-5.5517,26.117,-9.4766,6.0532,0.5867,3.2129,3.041,-9.8809,4.0456,-16.416,6.7217,1.7146,-11.91,-2.21,-10.269,19.72,-15.228,-17.217,5.2675,3.6358,1.9943,5.6985,5.6973,6.4691,-1.9258,13.087,7.2132,3.3118,6.7473,7.0089,1.8167,6.2524,13.857,-4.2347,2.0906,1.1029,0.63277,-3.891,17.574,-5.0716,-2.4362,2.9403,-0.72705,-18.007,-2.087,-6.017,-7.5101,1.6094,-4.3278,5.4251,-3.0883,0,3.827,0.81638,6.3444,-14.67,-2.6587,-18.007,-6.4703,-26.508,2.647,-2.7071,-3.672,-3.7991,-12.887,-17.563,19.987,-2.7242,18.567,3.978,1.3181,17.625,-6.8718,4.0619,16.594,3.376,21.364,-3.93,-12.647,-11.036,-16.396,1.3032,2.4009,-4.6017,16.706,-12.353,-3.0587,8.3407,7.224,15.117,-1.7945,-5.1963,-8.3177,10.644,17.526,17.293,-1.8473,-19.811,7.2403,-6.7761,2.4973,2.7575,-4.3314,-10.159,-7.6307,-16.121,3.827,0,-8.7478,14.273,2.7532,-15.39,0.72437,0.79554,-4.1051,-8.2518,-20.9,-2.6917,-3.783,12.109,-0.36395,5.5775,27.252,8.0484,15.426,-3.3707,18.762,7.0906,-5.3188,6.479,-2.0018,-4.5187,8.3522,-6.4347,5.6127,-15.308,-7.2267,7.6057,-9.4735,0.93333,-5.1914,-12.335,-10.836,11.677,2.2211,1.5221,-9.4897,3.4006,1.2882,1.0626,-10.804,-14.534,-0.49128,-3.4545,6.8302,0.35537,7.1291,18.049,0.054925,0.71829,11.931,0.81638,-8.7478,0,4.159,-5.5427,7.5645,-12.306,-2.432,2.9787,-0.66542,8.4465,2.9477,-15.388,-11.95,-4.6716,-4.8916,-9.8128,-9.5224,-26.05,5.6813,-4.789,-11.081,31.269,-1.3221,24.328,9.5671,-2.3695,16.269,-15.649,-0.34061,-1.4241,11.992,-9.0057,0.011671,14.035,23.543,1.5213,-11.394,17.397,4.087,13.422,8.7845,7.9906,12.735,2.483,-12.79,-9.1664,3.7457,-14.806,0.56645,-2.08,5.1367,-4.1572,2.3012,-1.1905,6.3444,14.273,4.159,0,0.72764,0.44794,-12.025,6.4694,-7.122,-2.8081,-17.061,-5.3229,-6.0577,-1.7569,0.17606,10.039,9.1744,6.9669,2.086,3.5352,7.8225,0.30739,5.8113,15.892,3.4719,2.0667,5.7298,-0.29255,0.65258,-10.219,2.2934,10.923,-13.098,3.3919,-3.2713,-0.40686,-0.079337,13.18,10.415,0.097083,-2.6582,-0.84594,-5.8684,11.905,7.3795,-3.2276,0.072407,25.98,-5.8438,14.573,4.6981,-2.453,-2.0874,-8.2623,-5.5517,-14.67,2.7532,-5.5427,0.72764,0,1.4993,14.228,0.87342,16.435,8.4487,-2.0878,11.622,1.0469,13.25,5.5115,-10.046,8.9055,-10.872,-1.5256,-5.9169,-7.4909,23.581,-2.4718,-6.5426,-8.7776,-29.986,-2.5146,8.9531,18.069,10.005,-0.97944,-5.8163,-4.4675,-23.618,2.0529,2.4821,-10.74,-0.16184,-13.073,-12.421,8.5096,3.4729,-14.72,-9.4493,-25.486,-8.6513,12.647,-4.0662,-7.6205,-7.4556,-12.376,10.709,20.219,19.002,26.117,-2.6587,-15.39,7.5645,0.44794,1.4993,0,-7.6137,5.6904,0.84392,12.552,1.953,-5.0481,6.2375,-15.454,5.204,3.2935,-10.367,-1.6047,-9.9336,14.325,-17.31,-7.0318,4.4282,6.06,-3.6379,1.463,0.85854,5.9033,3.2372,17.325,11.515,-2.3293,4.8863,2.6893,-2.7132,6.93,14.83,-0.49122,-1.4352,-7.5746,3.5682,-8.7695,-6.4357,3.7921,13.107,9.8743,1.435,15.59,4.0156,11.014,7.8756,-14.099,-3.6521,-12.108,-9.4766,-18.007,0.72437,-12.306,-12.025,14.228,-7.6137,0,1.2019,15.047,-1.9809,3.8423,8.5112,6.2421,23.873,8.4366,-15.547,4.9447,-9.8912,4.3574,-12.613,-6.0831,16.647,-12.048,-19.358,-8.5286,-21.499,-2.5155,1.6854,11.133,7.5492,-2.7886,-10.95,6.3619,-17.509,5.4028,-3.4446,-11.302,-3.6309,-22.588,-0.0022802,2.1371,4.7042,-7.7582,-1.5316,-0.030215,0.61032,5.9533,4.9063,-14.491,-1.9844,-7.6975,-7.3621,5.4956,9.8202,6.0532,-6.4703,0.79554,-2.432,6.4694,0.87342,5.6904,1.2019,0,-2.9277,-7.7293,-6.994,-12.71,13.476,1.5794,24.12,3.978,-1.2809,3.9187,4.8491,0.96605,-8.3954,-0.084702,-7.5758,3.9025,-5.6022,-3.115,5.2526,-4.3685,5.8511,3.7943,18.375,-4.2554,10.462,0.96489,0.014184,-3.8537,8.9635,13.439,-7.0599,9.1219,-7.1389,-8.9481,-10.588,8.455,2.4949,-5.9031,-2.4816,16.947,7.7437,9.6355,14.414,3.4352,0.36548,-11.807,0.5867,-26.508,-4.1051,2.9787,-7.122,16.435,0.84392,15.047,-2.9277,0,1.3676,6.335,11.897,-4.3027,11.345,5.8868,-30.68,3.3166,-31.64,-9.4339,-2.2005,-12.337,7.8309,2.4618,-20.631,1.3138,-18.535,0.43011,21.845,6.8321,12.982,-8.4927,0.9085,-2.8308,-22.017,15.363,8.2444,-15.137,-15.486,-8.2596,-2.7371,12.555,16.075,-3.134,-4.6179,-8.5055,-1.6106,9.8323,-1.7464,-4.6075,1.6247,-7.4775,5.3154,5.4455,4.6881,3.2129,2.647,-8.2518,-0.66542,-2.8081,8.4487,12.552,-1.9809,-7.7293,1.3676,0,3.7831,7.7496,1.8232,-7.8174,-7.4874,2.3826,-4.1114,-0.988,-6.0207,2.6564,-5.2082,4.8369,3.2647,3.9978,-7.9194,-2.2447,-8.688,2.8861,5.5397,10.05,3.3441,-8.1894,-2.111,-3.0427,-8.8101,5.0074,4.6433,-1.371,-3.0095,-33.162,8.0833,-7.5226,-0.68002,-8.7797,-4.2443,6.4261,11.951,-3.5659,16.974,6.6098,7.8854,-0.24908,-2.6051,-4.3214,3.041,-2.7071,-20.9,8.4465,-17.061,-2.0878,1.953,3.8423,-6.994,6.335,3.7831,0,12.92,-3.627,-4.3499,-5.9877,-12.59,-20.271,-12.718,-16.007,-7.2635,-8.8832,-1.2128,8.0669,-15.562,8.2287,4.1268,-17.383,7.2742,-11.868,5.3278,0.67528,-7.1849,3.2788,-6.7695,11.871,16.182,1.3719,-17.826,0.40915,1.4091,16.331,3.8261,6.146,7.4245,7.5491,1.6551,1.0511,9.1053,9.0357,24.219,16.165,-0.86615,-13.867,-19.119,-9.8809,-3.672,-2.6917,2.9477,-5.3229,11.622,-5.0481,8.5112,-12.71,11.897,7.7496,12.92,0,-11.199,6.061,-10.287,-15.209,-1.0322,-15.362,-10.628,-15.043,-1.1258,14.322,8.6481,-13.611,5.0216,-6.3539,-17.81,10.775,-2.4356,0.60565,-6.5971,-4.3592,-10.297,-20.849,9.0687,13.464,-12.434,-11.356,-0.35879,-7.9414,24.124,9.8158,-12.518,-12.854,-2.6346,11.209,12.869,-1.679,-10.46,-7.2163,-18.093,-12.145,12.414,13.346,4.0456,-3.7991,-3.783,-15.388,-6.0577,1.0469,6.2375,6.2421,13.476,-4.3027,1.8232,-3.627,-11.199,0,0.73239,14.328,6.6215,-2.7426,8.4764,11.735,1.7642,-7.7932,1.2617,-22.837,3.1627,-23.242,-4.3688,2.8742,-12.882,12.168,10.158,15.084,-16.393,27.404,4.0159,-11.126,-12.852,12.431,10.957,-19.476,-0.47939,-12.46,-19.525,-0.18277,14.218,24.811,4.5,-8.6641,21.196,1.3232,11.604,11.286,-11.854,-9.1749,-17.708,-16.416,-12.887,12.109,-11.95,-1.7569,13.25,-15.454,23.873,1.5794,11.345,-7.8174,-4.3499,6.061,0.73239,0,7.2225,-11.09,15.816,-6.1827,8.648,-12.045,2.0124,17.594,-10.218,-11.778,-5.0068,-20.823,2.6878,0.89217,10.89,-0.92574,-7.4982,-2.1265,-1.0622,-14.397,4.9833,-6.6411,-20.067,0.61238,-11.999,2.5318,-1.1951,9.0119,-17.95,-0.05737,0.08596,-0.83224,2.8245,9.2336,-8.0861,-2.7317,-3.9478,-5.4217,9.7609,5.6909,6.7217,-17.563,-0.36395,-4.6716,0.17606,5.5115,5.204,8.4366,24.12,5.8868,-7.4874,-5.9877,-10.287,14.328,7.2225,0,-3.0694,2.3734,-2.2679,4.6455,3.2561,-13.228,1.1388,-11.365,-2.7703,-8.38,-11.173,10.438,0.50472,12.396,11.036,8.3239,-3.1412,12.534,-3.0582,2.8174,-5.4258,2.3054,5.3937,-14.488,7.158,-6.708,-2.6996,5.4509,-6.5634,-4.8338,1.3829,1.2369,-13.232,-14.26,-12.887,-21.986,-0.33807,4.5298,16.294,1.7146,19.987,5.5775,-4.8916,10.039,-10.046,3.2935,-15.547,3.978,-30.68,2.3826,-12.59,-15.209,6.6215,-11.09,-3.0694,0,0.71161,36.576,11.129,7.4318,9.9173,-6.7271,-4.2808,35.138,-6.2219,11.569,4.0562,-18.621,-0.079287,-7.6804,8.3391,0.12027,2.1943,21.995,-23.855,-11.146,14.955,19.613,5.3531,-2.3497,-15.28,-18.878,2.5988,19.549,13.223,-5.2931,-21.55,11.554,-5.4501,1.7795,3.4872,-0.84034,-4.3754,-8.4781,-11.91,-2.7242,27.252,-9.8128,9.1744,8.9055,-10.367,4.9447,-1.2809,3.3166,-4.1114,-20.271,-1.0322,-2.7426,15.816,2.3734,0.71161,0,2.4257,12.52,0.29181,10.492,8.7388,-6.7141,2.7603,-5.4733,-12.19,12.459,-0.9566,13.038,-5.4564,-11.611,7.8854,-8.7776,-2.8045,-4.2191,-12.014,-15.945,6.1315,-2.6277,-3.1434,-7.4406,6.5088,6.6025,-6.547,-0.54586,6.0452,0.063888,-12.311,-11.422,-11.941,-18.506,-5.0837,2.2611,12.024,-2.21,18.567,8.0484,-9.5224,6.9669,-10.872,-1.6047,-9.8912,3.9187,-31.64,-0.988,-12.718,-15.362,8.4764,-6.1827,-2.2679,36.576,2.4257,0,17.677,3.9275,12.901,-4.9351,-8.8863,22.799,-7.7383,10.001,4.3642,-28.513,0.42258,-9.927,6.6572,-1.5258,4.5438,21.206,-23.961,-16.916,11.781,20.846,2.7779,0.31185,-20.9,-17.614,2.2609,0.18235,10.052,9.9357,-4.9882,-0.38639,-8.2764,-5.6569,-8.446,-13.609,-0.32695,1.8186,-10.269,3.978,15.426,-26.05,2.086,-1.5256,-9.9336,4.3574,4.8491,-9.4339,-6.0207,-16.007,-10.628,11.735,8.648,4.6455,11.129,12.52,17.677,0,-1.576,11.197,3.814,-24.711,7.1547,-14.597,-3.0931,8.5033,-22.742,9.7797,-6.4957,0.56632,-3.6035,6.7896,7.3785,-15.277,-40.689,0.032331,16.862,-7.6977,1.9121,-26.128,-8.2119,-10.739,-5.0326,-20.572,-14.39,-2.96,-8.8376,-3.5551,-23.92,-10.652,18.528,22.846,15.894,19.72,1.3181,-3.3707,5.6813,3.5352,-5.9169,14.325,-12.613,0.96605,-2.2005,2.6564,-7.2635,-15.043,1.7642,-12.045,3.2561,7.4318,0.29181,3.9275,-1.576,0,-3.2126,-17.826,1.8904,10.589,-0.95244,4.5833,17.091,2.6962,2.4545,6.4583,-1.2361,11.083,1.4389,13.487,-5.4352,-2.6658,7.2635,-0.78067,4.3932,-2.4267,-7.0847,-2.1035,22.867,6.3127,9.9946,2.4953,-14.35,-5.0797,0.7212,-1.1544,1.6503,-1.9733,-12.225,-5.8976,-15.228,17.625,18.762,-4.789,7.8225,-7.4909,-17.31,-6.0831,-8.3954,-12.337,-5.2082,-8.8832,-1.1258,-7.7932,2.0124,-13.228,9.9173,10.492,12.901,11.197,-3.2126,0,-0.002272,-0.48891,8.3548,3.2409,7.3502,1.9287,-10.741,-5.1476,-28.879,-9.2392,7.4576,-9.6835,8.4327,-7.6707,-9.1594,-5.3521,6.4174,10.724,1.314,-8.0836,1.5846,2.9098,11.259,18.187,5.6021,0.46528,20.435,-4.7953,22.268,5.8657,-12.067,-11.319,-13.045,-17.217,-6.8718,7.0906,-11.081,0.30739,23.581,-7.0318,16.647,-0.084702,7.8309,4.8369,-1.2128,14.322,1.2617,17.594,1.1388,-6.7271,8.7388,-4.9351,3.814,-17.826,-0.002272,0,-5.3789,-6.3874,-8.4646,-18.777,-8.3657,0.68306,11.569,1.096,0.073039,-10.593,-3.9408,-20.548,-0.0903,-0.71874,-10.948,3.9394,-11.749,-8.3668,6.0016,1.0167,6.7314,4.456,-6.5562,-13.501,-1.9906,-2.0048,6.3602,4.7647,9.0668,16.95,-4.9837,-3.2303,5.2675,4.0619,-5.3188,31.269,5.8113,-2.4718,4.4282,-12.048,-7.5758,2.4618,3.2647,8.0669,8.6481,-22.837,-10.218,-11.365,-4.2808,-6.7141,-8.8863,-24.711,1.8904,-0.48891,-5.3789,0,-0.40939,23.085,8.5088,-6.5191,15.6,-15.122,-3.432,-3.7894,10.788,-16.554,-2.3601,10.849,25.681,-1.5912,-10.485,20.372,-1.003,18.118,9.377,4.4873,-2.3618,-6.3347,-4.8579,-1.1211,-9.3962,-17.308,-11.482,-18.698,4.4729,5.2061,15.643,3.6358,16.594,6.479,-1.3221,15.892,-6.5426,6.06,-19.358,3.9025,-20.631,3.9978,-15.562,-13.611,3.1627,-11.778,-2.7703,35.138,2.7603,22.799,7.1547,10.589,8.3548,-6.3874,-0.40939,0,-4.4075,9.2705,5.8345,-10.698,1.1775,-6.3394,6.8489,3.8882,-2.2578,17.475,-19.429,-7.4528,12.065,17.744,7.5523,-4.6538,-11.107,-14.089,9.2856,4.6151,-1.3638,-7.7257,-6.2955,-2.9671,13.03,3.3772,14.93,9.7386,-8.7386,-6.8901,1.9943,3.376,-2.0018,24.328,3.4719,-8.7776,-3.6379,-8.5286,-5.6022,1.3138,-7.9194,8.2287,5.0216,-23.242,-5.0068,-8.38,-6.2219,-5.4733,-7.7383,-14.597,-0.95244,3.2409,-8.4646,23.085,-4.4075,0,11.032,-3.1609,10.497,-24.185,-9.3444,-6.9664,14.254,-11.588,-0.10168,17.087,15.697,-4.2586,-11.444,21.891,10.093,10.266,14.631,9.6431,-10.864,-9.3502,1.1391,2.5161,-26.892,3.8728,-9.6003,-4.9327,5.0963,-0.11628,8.5075,5.6985,21.364,-4.5187,9.5671,2.0667,-29.986,1.463,-21.499,-3.115,-18.535,-2.2447,4.1268,-6.3539,-4.3688,-20.823,-11.173,11.569,-12.19,10.001,-3.0931,4.5833,7.3502,-18.777,8.5088,9.2705,11.032,0,-3.0331,-6.4488,-23.232,-10.675,3.0635,4.8027,-0.13462,19.021,-2.6751,2.8749,12.831,0.30043,19.176,6.3557,-2.5426,-4.9421,-8.411,3.6827,-2.7755,-9.8633,-13.305,0.27484,-4.0192,-15.375,-4.1637,6.3966,11.02,5.3477,5.6973,-3.93,8.3522,-2.3695,5.7298,-2.5146,0.85854,-2.5155,5.2526,0.43011,-8.688,-17.383,-17.81,2.8742,2.6878,10.438,4.0562,12.459,4.3642,8.5033,17.091,1.9287,-8.3657,-6.5191,5.8345,-3.1609,-3.0331,0,-0.57708,8.0083,1.0875,-5.9598,13.52,1.5618,8.6023,-3.1083,-12.259,-2.1644,3.3402,-0.58302,4.5922,-15.709,2.9502,-5.9515,8.6095,-4.1535,-16.308,-3.1494,9.4228,7.3102,7.2015,13.896,14.42,0.4398,-7.3015,6.4691,-12.647,-6.4347,16.269,-0.29255,8.9531,5.9033,1.6854,-4.3685,21.845,2.8861,7.2742,10.775,-12.882,0.89217,0.50472,-18.621,-0.9566,-28.513,-22.742,2.6962,-10.741,0.68306,15.6,-10.698,10.497,-6.4488,-0.57708,0,-1.1237,8.5007,-7.3851,8.1162,-9.9941,-13.445,18.537,19.713,-9.5271,-17.749,3.0044,-2.5953,19.877,17.474,-12.159,4.5898,3.5912,-0.93691,-0.67913,12.397,-12.513,0.12769,-6.356,-4.2581,7.46,1.5329,-1.9258,-11.036,5.6127,-15.649,0.65258,18.069,3.2372,11.133,5.8511,6.8321,5.5397,-11.868,-2.4356,12.168,10.89,12.396,-0.079287,13.038,0.42258,9.7797,2.4545,-5.1476,11.569,-15.122,1.1775,-24.185,-23.232,8.0083,-1.1237,0,11.307,1.3588,-5.7921,4.1726,-5.9915,-8.1323,-10.904,-3.5961,7.3949,-20.27,-10.124,-5.9311,-4.2208,-31.014,-6.7597,-10.706,-2.3598,11.345,4.179,-1.4357,-1.9616,-4.664,3.0546,17.491,6.4518,13.087,-16.396,-15.308,-0.34061,-10.219,10.005,17.325,7.5492,3.7943,12.982,10.05,5.3278,0.60565,10.158,-0.92574,11.036,-7.6804,-5.4564,-9.927,-6.4957,6.4583,-28.879,1.096,-3.432,-6.3394,-9.3444,-10.675,1.0875,8.5007,11.307,0,5.0338,-7.8657,9.9811,-6.7459,1.6369,3.5791,3.6856,-6.1934,-15.016,-7.4945,4.5498,-2.6466,-4.1399,-10.638,-5.3978,5.7382,21.231,-2.4243,-14.257,-0.90919,-14.437,-7.4956,5.4367,15.506,7.2132,1.3032,-7.2267,-1.4241,2.2934,-0.97944,11.515,-2.7886,18.375,-8.4927,3.3441,0.67528,-6.5971,15.084,-7.4982,8.3239,8.3391,-11.611,6.6572,0.56632,-1.2361,-9.2392,0.073039,-3.7894,6.8489,-6.9664,3.0635,-5.9598,-7.3851,1.3588,5.0338,0,-13.803,11.799,2.5729,-5.2111,0.75773,21.841,12.586,-5.2063,0.98585,-1.843,-21.985,3.6353,10.326,-2.4115,-19.953,-21.954,-1.2741,4.0279,-5.8693,6.7841,17.7,-0.49541,-2.5904,3.3118,2.4009,7.6057,11.992,10.923,-5.8163,-2.3293,-10.95,-4.2554,0.9085,-8.1894,-7.1849,-4.3592,-16.393,-2.1265,-3.1412,0.12027,7.8854,-1.5258,-3.6035,11.083,7.4576,-10.593,10.788,3.8882,14.254,4.8027,13.52,8.1162,-5.7921,-7.8657,-13.803,0,-14.007,5.5627,5.5492,2.0717,-7.2626,-4.6445,17.045,5.2009,-1.1626,14.142,-13.081,-19.766,-4.8688,13.747,14.317,-5.5609,-1.4157,-8.6798,-11.46,-10.758,12.222,11.396,6.7473,-4.6017,-9.4735,-9.0057,-13.098,-4.4675,4.8863,6.3619,10.462,-2.8308,-2.111,3.2788,-10.297,27.404,-1.0622,12.534,2.1943,-8.7776,4.5438,6.7896,1.4389,-9.6835,-3.9408,-16.554,-2.2578,-11.588,-0.13462,1.5618,-9.9941,4.1726,9.9811,11.799,-14.007,0,5.0262,-4.2648,-8.3387,12.685,3.2346,-14.739,5.4487,-9.7758,-12.578,2.291,-11.414,-10.025,0.34601,-1.0723,-25.061,-2.8811,-26.548,-14.967,4.0546,8.4631,16.386,7.0089,16.706,0.93333,0.011671,3.3919,-23.618,2.6893,-17.509,0.96489,-22.017,-3.0427,-6.7695,-20.849,4.0159,-14.397,-3.0582,21.995,-2.8045,21.206,7.3785,13.487,8.4327,-20.548,-2.3601,17.475,-0.10168,19.021,8.6023,-13.445,-5.9915,-6.7459,2.5729,5.5627,5.0262,0,-12.523,-9.6551,14.071,7.0103,8.7663,4.2808,-17.061,-9.7895,-1.3656,6.5236,2.4956,-4.8106,-2.4245,8.3257,13.585,10.005,23.198,3.1501,-6.2269,-11.748,1.8167,-12.353,-5.1914,14.035,-3.2713,2.0529,-2.7132,5.4028,0.014184,15.363,-8.8101,11.871,9.0687,-11.126,4.9833,2.8174,-23.855,-4.2191,-23.961,-15.277,-5.4352,-7.6707,-0.0903,10.849,-19.429,17.087,-2.6751,-3.1083,18.537,-8.1323,1.6369,-5.2111,5.5492,-4.2648,-12.523,0,16.35,-9.4484,-16.101,3.0371,10.597,14.535,19.676,1.1049,1.7565,-5.8368,-7.7087,5.2615,2.2832,7.1134,10.021,10.32,9.4424,-3.908,-4.0841,6.2524,-3.0587,-12.335,23.543,-0.40686,2.4821,6.93,-3.4446,-3.8537,8.2444,5.0074,16.182,13.464,-12.852,-6.6411,-5.4258,-11.146,-12.014,-16.916,-40.689,-2.6658,-9.1594,-0.71874,25.681,-7.4528,15.697,2.8749,-12.259,19.713,-10.904,3.5791,0.75773,2.0717,-8.3387,-9.6551,16.35,0,-0.86708,-13.435,8.0578,-1.1092,31.99,7.8689,-4.0033,-22.087,-15.701,3.874,17.531,-15.672,-8.3282,-11.866,-22.581,-0.33598,11.927,30.071,13.857,8.3407,-10.836,1.5213,-0.079337,-10.74,14.83,-11.302,8.9635,-15.137,4.6433,1.3719,-12.434,12.431,-20.067,2.3054,14.955,-15.945,11.781,0.032331,7.2635,-5.3521,-10.948,-1.5912,12.065,-4.2586,12.831,-2.1644,-9.5271,-3.5961,3.6856,21.841,-7.2626,12.685,14.071,-9.4484,-0.86708,0,8.0955,0.86319,0.62376,-5.6601,-23.88,3.9066,0.62021,4.8191,3.8846,1.1767,0.2955,-26.368,-2.7334,-14.539,-9.5278,-0.20591,8.704,-4.2347,7.224,11.677,-11.394,13.18,-0.16184,-0.49122,-3.6309,13.439,-15.486,-1.371,-17.826,-11.356,10.957,0.61238,5.3937,19.613,6.1315,20.846,16.862,-0.78067,6.4174,3.9394,-10.485,17.744,-11.444,0.30043,3.3402,-17.749,7.3949,-6.1934,12.586,-4.6445,3.2346,7.0103,-16.101,-13.435,8.0955,0,-2.8469,-0.33834,-14.16,-17.111,14.446,2.9467,-4.4294,-9.6282,-7.7845,-9.6653,4.492,-2.7471,4.0349,13.236,-5.9359,-0.20554,2.0906,15.117,2.2211,17.397,10.415,-13.073,-1.4352,-22.588,-7.0599,-8.2596,-3.0095,0.40915,-0.35879,-19.476,-11.999,-14.488,5.3531,-2.6277,2.7779,-7.6977,4.3932,10.724,-11.749,20.372,7.5523,21.891,19.176,-0.58302,3.0044,-20.27,-15.016,-5.2063,17.045,-14.739,8.7663,3.0371,8.0578,0.86319,-2.8469,0,3.9035,3.4435,5.5182,1.8472,-0.92698,3.6314,3.2459,-3.2758,-1.954,6.0652,-2.534,5.6335,-4.9448,-3.4058,-1.1878,1.1029,-1.7945,1.5221,4.087,0.097083,-12.421,-7.5746,-0.0022802,9.1219,-2.7371,-33.162,1.4091,-7.9414,-0.47939,2.5318,7.158,-2.3497,-3.1434,0.31185,1.9121,-2.4267,1.314,-8.3668,-1.003,-4.6538,10.093,6.3557,4.5922,-2.5953,-10.124,-7.4945,0.98585,5.2009,5.4487,4.2808,10.597,-1.1092,0.62376,-0.33834,3.9035,0,-5.4861,4.6529,1.6858,4.6283,-1.0085,-4.8998,4.4832,6.7341,7.5487,16.787,13.301,5.8382,-6.934,-9.4091,0.63277,-5.1963,-9.4897,13.422,-2.6582,8.5096,3.5682,2.1371,-7.1389,12.555,8.0833,16.331,24.124,-12.46,-1.1951,-6.708,-15.28,-7.4406,-20.9,-26.128,-7.0847,-8.0836,6.0016,18.118,-11.107,10.266,-2.5426,-15.709,19.877,-5.9311,4.5498,-1.843,-1.1626,-9.7758,-17.061,14.535,31.99,-5.6601,-14.16,3.4435,-5.4861,0,9.2645,2.1038,14.688,5.9328,-8.9034,-15.615,8.6882,15.655,7.2021,30.069,7.435,-7.9311,-19.767,-3.891,-8.3177,3.4006,8.7845,-0.84594,3.4729,-8.7695,4.7042,-8.9481,16.075,-7.5226,3.8261,9.8158,-19.525,9.0119,-2.6996,-18.878,6.5088,-17.614,-8.2119,-2.1035,1.5846,1.0167,9.377,-14.089,14.631,-4.9421,2.9502,17.474,-4.2208,-2.6466,-21.985,14.142,-12.578,-9.7895,19.676,7.8689,-23.88,-17.111,5.5182,4.6529,9.2645,0
