0,-2.0086,-12.571,-4.7032,-0.41134,2.9188,5.1947,-3.9529,5.4046,-1.6699,-5.1218,-3.7169,10.389,1.2983,-5.8005,0.8995,-10.099,-8.0099,1.6334,4.7269,0.35569,-2.0086,0,1.6059,3.7183,-0.84178,-7.2886,-2.1409,6.4809,-1.2837,1.4175,1.1294,-0.045124,0.65321,-0.21461,-0.63414,-2.4701,4.4189,1.5872,-2.2753,-2.0343,1.4926,-12.571,1.6059,0,4.814,-0.66347,-2.571,-4.919,2.3389,-4.2935,0.54207,7.275,3.5582,-8.0566,-0.56096,3.6266,-1.9349,9.9602,7.5183,-3.2263,-5.0233,-0.21411,-4.7032,3.7183,4.814,0,-2.3732,-2.0797,-4.4405,6.7762,-2.102,-2.8012,2.9968,1.2381,-4.7681,3.3643,0.38563,-3.0485,6.6214,7.6071,-4.281,-2.8553,-0.13135,-0.41134,-0.84178,-0.66347,-2.3732,0,1.6633,4.4625,-2.4276,-1.289,0.6092,-2.8398,-2.5493,0.45793,-5.4848,1.7104,-1.4436,-4.1977,-3.6472,-3.6791,5.4755,0.33701,2.9188,-7.2886,-2.571,-2.0797,1.6633,0,2.3319,-2.3381,3.8495,-3.4635,-0.49012,-6.0941,0.34049,1.0863,-1.9619,-0.38561,-3.4204,-2.5794,2.0894,1.2022,-3.4916,5.1947,-2.1409,-4.919,-4.4405,4.4625,2.3319,0,-2.2108,3.6508,2.5317,-5.123,-2.066,4.6437,-2.6775,-3.4879,-0.74932,-6.945,-8.3293,-0.55848,8.1873,-1.3631,-3.9529,6.4809,2.3389,6.7762,-2.4276,-2.3381,-2.2108,0,1.8073,-0.83384,0.31784,-0.22331,-2.2926,1.8579,0.92458,-1.7636,5.3671,3.1319,2.3059,-2.1805,-0.82402,5.4046,-1.2837,-4.2935,-2.102,-1.289,3.8495,3.6508,1.8073,0,0.49174,0.3516,-4.3775,5.9791,-0.10589,-2.4342,-4.0292,-2.3523,-3.5083,3.5515,1.6645,-0.39111,-1.6699,1.4175,0.54207,-2.8012,0.6092,-3.4635,2.5317,-0.83384,0.49174,0,1.7807,2.5683,1.3787,-1.3274,-0.53036,-2.0716,0.74546,-0.66613,0.87955,-0.90538,1.0184,-5.1218,1.1294,7.275,2.9968,-2.8398,-0.49012,-5.123,0.31784,0.3516,1.7807,0,1.0602,-3.3901,0.91079,1.0633,-4.03,7.9984,6.2668,-1.7799,-3.9658,-1.0126,-3.7169,-0.045124,3.5582,1.2381,-2.5493,-6.0941,-2.066,-0.22331,-4.3775,2.5683,1.0602,0,-2.7925,-0.51073,2.9522,1.6033,1.129,3.6981,0.012424,-1.3882,-1.3583,10.389,0.65321,-8.0566,-4.7681,0.45793,0.34049,4.6437,-2.2926,5.9791,1.3787,-3.3901,-2.7925,0,-0.21692,-4.5989,-2.2742,-7.134,-7.172,0.88855,3.8752,0.98596,1.2983,-0.21461,-0.56096,3.3643,-5.4848,1.0863,-2.6775,1.8579,-0.10589,-1.3274,0.91079,-0.51073,-0.21692,0,-5.0525,0.90718,2.0876,1.8934,2.0353,-2.5313,0.078014,-5.8005,-0.63414,3.6266,0.38563,1.7104,-1.9619,-3.4879,0.92458,-2.4342,-0.53036,1.0633,2.9522,-4.5989,-5.0525,0,0.56664,1.7,4.1351,1.0348,-1.704,-0.42213,0.8995,-2.4701,-1.9349,-3.0485,-1.4436,-0.38561,-0.74932,-1.7636,-4.0292,-2.0716,-4.03,1.6033,-2.2742,0.90718,0.56664,0,-2.1386,-2.2019,3.2046,1.343,0.63327,-10.099,4.4189,9.9602,6.6214,-4.1977,-3.4204,-6.945,5.3671,-2.3523,0.74546,7.9984,1.129,-7.134,2.0876,1.7,-2.1386,0,8.4467,-1.5886,-6.0839,0.99561,-8.0099,1.5872,7.5183,7.6071,-3.6472,-2.5794,-8.3293,3.1319,-3.5083,-0.66613,6.2668,3.6981,-7.172,1.8934,4.1351,-2.2019,8.4467,0,-0.73487,-6.175,-0.70022,1.6334,-2.2753,-3.2263,-4.281,-3.6791,2.0894,-0.55848,2.3059,3.5515,0.87955,-1.7799,0.012424,0.88855,2.0353,1.0348,3.2046,-1.5886,-0.73487,0,-1.44,-1.4834,4.7269,-2.0343,-5.0233,-2.8553,5.4755,1.2022,8.1873,-2.1805,1.6645,-0.90538,-3.9658,-1.3882,3.8752,-2.5313,-1.704,1.343,-6.0839,-6.175,-1.44,0,-3.0094,0.35569,1.4926,-0.21411,-0.13135,0.33701,-3.4916,-1.3631,-0.82402,-0.39111,1.0184,-1.0126,-1.3583,0.98596,0.078014,-0.42213,0.63327,0.99561,-0.70022,-1.4834,-3.0094,0
