0,-8.4515,-9.5052,-5.5182,1.926,1.8001,3.6045,-7.7506,10.727,-0.082311,1.395,-2.243,2.0061,0.93608,-3.0395,2.9818,-0.56333,-10.946,-0.23896,7.3692,1.4776,-8.4515,0,6.871,3.0513,-2.8783,-1.5195,-0.37065,6.9683,-7.8855,-1.4551,-1.7536,-0.43379,-1.046,-3.8022,1.0562,-4.2175,0.46598,4.7939,-2.1636,-7.3629,-1.3707,-9.5052,6.871,0,1.7666,-1.4678,-0.57229,-3.156,5.5138,-6.2151,-0.94191,2.1375,4.7991,-1.0469,0.013226,-1.3194,-6.9571,2.8115,5.9245,-3.0449,-6.0372,-3.9336,-5.5182,3.0513,1.7666,0,-3.3419,-2.8162,-1.0548,7.594,-6.5185,-1.0373,0.25238,-2.8937,-2.9157,1.2143,5.2313,1.0446,0.38626,5.3464,-0.51101,-2.4798,-2.0183,1.926,-2.8783,-1.4678,-3.3419,0,2.6777,-0.11324,-4.368,1.2269,3.5799,-2.3911,-1.4399,1.5084,-1.9574,-2.678,-1.1484,-5.1879,-3.3839,-0.15721,5.5344,2.1154,1.8001,-1.5195,-0.57229,-2.8162,2.6777,0,-0.76354,-3.9542,4.2956,2.1472,-3.0766,0.18609,4.8201,-1.8129,-1.5303,-0.64581,-4.3088,-0.82344,0.80367,0.0018371,-4.0424,3.6045,-0.37065,-3.156,-1.0548,-0.11324,-0.76354,0,-3.1317,-0.16342,1.0853,-0.35021,-1.0587,1.2458,-0.97583,-6.0556,1.8259,-2.3695,-6.0745,-0.78165,5.9918,0.37794,-7.7506,6.9683,5.5138,7.594,-4.368,-3.9542,-3.1317,0,-6.5153,-2.6259,1.1492,-0.039528,-4.597,0.71362,4.0392,-2.2794,3.192,5.5551,1.218,-6.4007,-2.2506,10.727,-7.8855,-6.2151,-6.5185,1.2269,4.2956,-0.16342,-6.5153,0,-1.537,1.3092,-0.18892,3.1386,1.007,-2.6459,2.4753,1.6992,-5.803,0.3358,3.4434,1.3028,-0.082311,-1.4551,-0.94191,-1.0373,3.5799,2.1472,1.0853,-2.6259,-1.537,0,-1.1248,2.9505,5.7832,-0.035543,-1.6773,-2.6891,-8.1227,-0.31918,1.2726,2.2433,-1.7029,1.395,-1.7536,2.1375,0.25238,-2.3911,-3.0766,-0.35021,1.1492,1.3092,-1.1248,0,3.326,-1.4845,1.6463,-3.0454,-3.9414,5.9165,-0.28461,-3.1225,0.13164,-2.7256,-2.243,-0.43379,4.7991,-2.8937,-1.4399,0.18609,-1.0587,-0.039528,-0.18892,2.9505,3.326,0,2.2894,0.79864,-4.2515,-5.466,1.0043,2.4285,0.99348,0.050165,-3.5047,2.0061,-1.046,-1.0469,-2.9157,1.5084,4.8201,1.2458,-4.597,3.1386,5.7832,-1.4845,2.2894,0,-0.5857,-3.4748,-0.69201,-4.0849,-1.1337,0.26256,2.0722,-0.30605,0.93608,-3.8022,0.013226,1.2143,-1.9574,-1.8129,-0.97583,0.71362,1.007,-0.035543,1.6463,0.79864,-0.5857,0,-0.73055,2.8432,2.8283,0.94024,1.3973,0.098321,-0.67812,-3.0395,1.0562,-1.3194,5.2313,-2.678,-1.5303,-6.0556,4.0392,-2.6459,-1.6773,-3.0454,-4.2515,-3.4748,-0.73055,0,3.5662,-0.33442,4.1644,1.7211,-3.7677,1.5929,2.9818,-4.2175,-6.9571,1.0446,-1.1484,-0.64581,1.8259,-2.2794,2.4753,-2.6891,-3.9414,-5.466,-0.69201,2.8432,3.5662,0,-0.32197,-2.6461,2.7467,2.8028,3.0146,-0.56333,0.46598,2.8115,0.38626,-5.1879,-4.3088,-2.3695,3.192,1.6992,-8.1227,5.9165,1.0043,-4.0849,2.8283,-0.33442,-0.32197,0,2.7763,-1.0832,-3.3712,1.5596,-10.946,4.7939,5.9245,5.3464,-3.3839,-0.82344,-6.0745,5.5551,-5.803,-0.31918,-0.28461,2.4285,-1.1337,0.94024,4.1644,-2.6461,2.7763,0,2.097,-7.1503,-0.73139,-0.23896,-2.1636,-3.0449,-0.51101,-0.15721,0.80367,-0.78165,1.218,0.3358,1.2726,-3.1225,0.99348,0.26256,1.3973,1.7211,2.7467,-1.0832,2.097,0,1.1397,0.75772,7.3692,-7.3629,-6.0372,-2.4798,5.5344,0.0018371,5.9918,-6.4007,3.4434,2.2433,0.13164,0.050165,2.0722,0.098321,-3.7677,2.8028,-3.3712,-7.1503,1.1397,0,1.2701,1.4776,-1.3707,-3.9336,-2.0183,2.1154,-4.0424,0.37794,-2.2506,1.3028,-1.7029,-2.7256,-3.5047,-0.30605,-0.67812,1.5929,3.0146,1.5596,-0.73139,0.75772,1.2701,0
