0,-4.919,-18.998,-2.6369,-3.7565,-7.1408,4.9629,-5.2624,2.8879,-0.013533,-0.85628,-7.5526,3.9736,9.9295,-1.9348,0.48017,-6.6047,-7.3978,-0.096774,11.77,1.5303,-4.919,0,6.6127,0.027263,1.3801,-0.92765,-1.7297,4.531,-5.4287,-1.1334,-0.3112,0.39661,-3.3854,-5.2724,0.75992,0.91742,-0.98907,1.9932,0.60282,-6.6147,-2.8514,-18.998,6.6127,0,3.5221,2.8019,5.9862,-2.8683,4.8198,-4.202,-1.0532,0.58947,7.4289,-4.4779,-8.7323,0.79517,-1.4425,6.2865,5.8371,-1.2053,-11.685,-2.4325,-2.6369,0.027263,3.5221,0,-0.71923,0.24747,1.4403,3.2516,-2.5451,-1.4332,2.4234,5.2033,-3.1914,0.72718,-1.2086,-3.1301,6.168,1.8827,-1.7454,-0.80905,-0.84542,-3.7565,1.3801,2.8019,-0.71923,0,-0.49512,-0.032514,0.30444,-4.9774,-4.1631,0.1696,0.036776,-10.128,-3.2052,5.8018,10.016,-1.8274,-0.87487,0.56908,-0.084706,6.9357,-7.1408,-0.92765,5.9862,0.24747,-0.49512,0,-4.6001,0.16431,3.5331,3.9359,1.708,6.1533,2.3668,-6.5166,0.8218,-4.3465,5.6818,4.0719,0.11507,-8.1388,-4.6812,4.9629,-1.7297,-2.8683,1.4403,-0.032514,-4.6001,0,-4.1583,-2.0904,-4.6222,-2.1325,-2.6307,-0.45855,6.9883,-4.4139,-1.0771,-3.0713,-7.5625,-3.0146,6.1368,-0.80549,-5.2624,4.531,4.8198,3.2516,0.30444,0.16431,-4.1583,0,-2.2239,3.5948,0.33619,2.8505,-1.7539,-3.0569,0.35818,-0.90217,2.7792,6.4403,6.6327,-5.9601,-1.3829,2.8879,-5.4287,-4.202,-2.5451,-4.9774,3.5331,-2.0904,-2.2239,0,2.47,-0.75025,-1.9413,8.7884,0.023239,-1.6568,-2.9316,-2.1262,-2.494,0.89898,0.50093,-1.689,-0.013533,-1.1334,-1.0532,-1.4332,-4.1631,3.9359,-4.6222,3.5948,2.47,0,3.4631,2.2339,5.0217,-1.4268,0.37594,-4.3051,2.108,4.8475,6.44,-2.7141,-3.8515,-0.85628,-0.3112,0.58947,2.4234,0.1696,1.708,-2.1325,0.33619,-0.75025,3.4631,0,2.6953,-0.91894,-3.3025,3.2041,-1.5936,4.3129,2.4259,1.122,0.91264,1.4354,-7.5526,0.39661,7.4289,5.2033,0.036776,6.1533,-2.6307,2.8505,-1.9413,2.2339,2.6953,0,-2.6947,-3.5421,0.71004,-5.1312,10.281,6.2085,-0.98872,-5.6001,-2.9211,3.9736,-3.3854,-4.4779,-3.1914,-10.128,2.3668,-0.45855,-1.7539,8.7884,5.0217,-0.91894,-2.6947,0,1.4998,-5.0176,-6.125,-1.4337,-0.46121,1.8681,0.65345,-5.8839,9.9295,-5.2724,-8.7323,0.72718,-3.2052,-6.5166,6.9883,-3.0569,0.023239,-1.4268,-3.3025,-3.5421,1.4998,0,-4.4657,-0.5485,-2.6368,-3.9604,-0.79014,7.9133,0.99323,-1.9348,0.75992,0.79517,-1.2086,5.8018,0.8218,-4.4139,0.35818,-1.6568,0.37594,3.2041,0.71004,-5.0176,-4.4657,0,4.4217,1.0106,1.2652,0.56515,-0.43628,5.2293,0.48017,0.91742,-1.4425,-3.1301,10.016,-4.3465,-1.0771,-0.90217,-2.9316,-4.3051,-1.5936,-5.1312,-6.125,-0.5485,4.4217,0,-5.7649,-1.4819,0.45751,2.7715,9.8805,-6.6047,-0.98907,6.2865,6.168,-1.8274,5.6818,-3.0713,2.7792,-2.1262,2.108,4.3129,10.281,-1.4337,-2.6368,1.0106,-5.7649,0,7.7004,-1.6033,-3.8621,-1.885,-7.3978,1.9932,5.8371,1.8827,-0.87487,4.0719,-7.5625,6.4403,-2.494,4.8475,2.4259,6.2085,-0.46121,-3.9604,1.2652,-1.4819,7.7004,0,2.508,-5.8054,-1.4799,-0.096774,0.60282,-1.2053,-1.7454,0.56908,0.11507,-3.0146,6.6327,0.89898,6.44,1.122,-0.98872,1.8681,-0.79014,0.56515,0.45751,-1.6033,2.508,0,-1.5502,-1.8474,11.77,-6.6147,-11.685,-0.80905,-0.084706,-8.1388,6.1368,-5.9601,0.50093,-2.7141,0.91264,-5.6001,0.65345,7.9133,-0.43628,2.7715,-3.8621,-5.8054,-1.5502,0,4.9753,1.5303,-2.8514,-2.4325,-0.84542,6.9357,-4.6812,-0.80549,-1.3829,-1.689,-3.8515,1.4354,-2.9211,-5.8839,0.99323,5.2293,9.8805,-1.885,-1.4799,-1.8474,4.9753,0
