0,14.086,8.4308,7.6191,0.72043,17.534,9.0516,-0.22591,-6.4634,4.321,-15.133,-12.58,-12.917,5.0532,20.069,-22.95,-27.834,24.938,16.372,-3.9394,5.6099,5.8114,-30.323,-21.833,-9.7439,-4.3099,11.908,1.0443,-9.3408,-3.2183,-21.726,-2.2144,1.9246,3.6418,10.832,5.154,1.7086,7.0548,-8.2725,-6.0022,19.086,12.548,22.419,-3.1567,10.503,-21.795,4.8965,7.0288,2.2485,-17.434,6.9883,5.8395,-4.2502,-11.417,14.153,14.086,0,14.296,2.2608,-0.90426,5.9662,3.6096,-7.5973,-5.346,-1.5235,-27.223,-2.9698,-19.623,4.8169,17.103,-3.7257,-16.97,8.5673,14.475,-15.625,-1.882,16.38,-6.5827,-26.59,-18.759,2.685,29.237,9.5719,-4.7443,-18.297,-10.268,-20.677,14.734,8.0226,34.004,-3.7335,12.288,24.97,-15.92,-10.687,16.293,5.4562,16.926,-17.198,26.869,-6.0338,18.331,10.025,-3.5965,-5.9647,0.64105,-9.1318,-2.5537,0.036254,20.718,8.4308,14.296,0,15.056,-13.816,-4.8624,-9.6597,-18.136,-6.8912,-12.601,-10.794,4.112,-22.51,8.717,2.1547,0.48058,-11.963,-0.47809,17.015,-28.419,-12.147,-0.45702,-2.8195,-12.094,-9.5752,11.053,13.302,6.0132,8.1214,-27.765,-1.6056,-20.947,29.416,9.2258,23.13,-3.7725,22.757,21.523,0.93234,-23.887,6.2109,6.2264,4.2991,-1.4501,23.079,0.23872,14.039,3.3192,-14.07,-3.4888,-8.835,-7.0351,-17.194,9.6411,3.7142,7.6191,2.2608,15.056,0,-6.9209,-4.971,-3.3194,-1.5164,-16.294,-6.4526,-2.2812,-4.1829,-3.7641,6.146,-0.32467,-1.1543,-4.5782,-0.095305,10.045,-5.7593,-6.5322,-9.3387,-5.7338,-5.8441,-7.0443,11.266,-1.4798,-4.3074,3.6154,-6.3894,-2.9855,-2.8233,7.5516,4.3278,6.0867,1.3946,8.2242,8.3392,10.363,-8.8569,9.6305,15.869,-3.7971,5.3885,8.1541,-7.0076,0.42595,-6.522,-6.5433,-8.6224,-13.957,5.426,-36.994,3.9253,-7.4764,0.72043,-0.90426,-13.816,-6.9209,0,12.344,22.006,21.484,5.1657,30.195,2.7547,-11.807,8.7603,3.997,5.4469,-4.207,1.3039,2.1976,1.0383,10.084,22.75,12.633,-1.9774,1.3204,3.7455,-12.134,-6.3679,-3.1875,-16.609,9.608,-13.254,8.1564,-11.395,-11.633,-5.8175,14.166,-20.009,-7.0468,-10.364,9.3625,6.2229,-0.19652,2.0035,-9.7743,-5.942,-6.8191,-6.1232,7.2739,35.054,-9.7771,5.5337,11.235,10.789,-17.354,1.6781,17.534,5.9662,-4.8624,-4.971,12.344,0,20.391,7.9825,3.7586,19.602,-7.4185,-16.208,-4.079,4.9703,18.466,-28.194,-15.802,21.616,8.0027,4.4707,22.456,10.673,-21.315,-9.8937,0.28665,-21.054,4.6586,2.1085,-19.68,6.2137,-25.393,5.7134,-8.5921,-2.529,0.89009,13.073,-11.953,-4.3013,-13.304,1.4432,9.5222,4.7435,20.573,-4.0343,0.51375,-17.837,0.6143,11.307,15.331,-16.607,21.306,11.032,9.0534,-24.671,13.899,9.0516,3.6096,-9.6597,-3.3194,22.006,20.391,0,21.216,-2.8852,25.937,-6.4393,-28.331,4.7934,3.4522,17.989,-12.272,-6.0822,12.7,2.4367,9.9448,25.203,9.7733,-12.434,-8.1648,-3.2138,-14.594,-1.4097,1.6876,-43,8.8257,-18.871,7.6453,-12.348,-0.91853,-1.3233,11.087,-14.429,-3.9237,-9.1371,5.7592,13.798,9.7745,7.6287,-6.8066,-0.23342,-20.272,-0.64734,2.6527,18.349,-15.833,10.879,11.912,6.0174,-17.222,5.8018,-0.22591,-7.5973,-18.136,-1.5164,21.484,7.9825,21.216,0,-3.0871,19.235,4.8206,-17.329,19.296,-1.362,4.1297,-4.2334,5.3667,3.6912,-5.5175,22.331,17.219,1.1472,-4.0286,3.0225,2.14,-8.4501,-14.118,-6.9107,-17.175,19.123,-7.5208,18.167,-21.633,-6.5935,-12.405,9.7409,-20.821,-11.252,-0.13862,14.596,6.1085,6.2112,-3.718,-0.84281,-10.299,-11.329,-11.502,-4.7913,18.847,-8.1603,3.362,16.327,4.2093,-13.299,-5.3802,-6.4634,-5.346,-6.8912,-16.294,5.1657,3.7586,-2.8852,-3.0871,0,6.1122,10.022,9.0407,-1.0531,3.2119,-7.6913,-0.57823,1.9766,-5.2253,-0.24392,-0.24944,5.9943,5.5379,5.8337,11.193,20.435,-10.846,-1.8899,0.24506,4.0535,3.1313,0.48081,2.3672,-2.3855,-12.969,-6.6663,7.5139,-9.0889,-10.493,-6.1544,1.7438,-14.86,-22.004,2.1923,-0.39405,-9.1435,11.366,-3.4181,15.365,8.8021,3.6077,8.6295,0.63898,18.309,-5.1556,2.4726,4.321,-1.5235,-12.601,-6.4526,30.195,19.602,25.937,19.235,6.1122,0,0.92894,-16.859,5.5243,7.8451,8.3145,-11.342,-3.781,6.0939,3.363,9.5525,46.19,8.9397,-7.9468,-0.87557,6.4569,-22.531,-6.033,0.51752,-21.592,10.852,-17.255,10.354,-13.526,-7.5037,-5.9362,21.669,-25.397,-10.441,-7.9195,5.1802,5.1785,2.8131,4.8847,-3.9593,-5.1523,-10.864,-3.7447,7.604,33.526,-15.285,12.303,16.833,10.246,-19.987,2.3857,-15.133,-27.223,-10.794,-2.2812,2.7547,-7.4185,-6.4393,4.8206,10.022,0.92894,0,8.2029,14.964,-3.5166,-25.511,6.8474,18.443,-13.124,-9.2948,10.065,-0.05579,-9.1705,11.186,39.337,20.429,0.44237,-22.31,-14.696,9.4702,12.226,8.7361,13.607,-8.6134,-17.539,-23.717,4.4291,-10.246,-17.054,9.3973,10.416,-15.808,-11.889,-15.393,9.0942,-24.921,10.999,-21.908,-2.8393,5.7524,6.8766,-4.7883,6.8684,3.713,-1.3165,-17.011,-12.58,-2.9698,4.112,-4.1829,-11.807,-16.208,-28.331,-17.329,9.0407,-16.859,8.2029,0,-2.8901,-6.1168,-18.254,15.093,9.0816,-13.872,-4.8445,-7.5948,-18.304,-2.3787,18.637,11.214,4.7771,11.169,2.3825,-2.7285,30.251,-6.8058,17.798,-7.4615,9.7857,-4.2586,-0.23279,-11.352,9.9488,2.5392,1.9327,-0.82833,-16.032,-20.945,-5.587,0.51949,-2.7225,31.882,-1.0318,2.2029,-10.6,21.971,-7.9764,-15.483,2.0518,11.754,-1.956,-12.917,-19.623,-22.51,-3.7641,8.7603,-4.079,4.7934,19.296,-1.0531,5.5243,14.964,-2.8901,0,-9.5695,-7.6258,6.3204,22.156,-5.5591,-19.689,26.244,4.3573,-6.4899,7.0859,15.461,6.1487,-0.84548,-23.3,-10.691,-3.1011,21.232,6.5483,19.299,-19.534,-7.4641,-23.872,0.63428,-13.378,-14.971,7.4724,21.713,-4.8678,-1.803,-15.461,4.3175,-20.606,1.092,-17.991,-12.694,7.5558,5.0039,-2.4366,7.0282,4.2434,-2.7053,-14.326,5.0532,4.8169,8.717,6.146,3.997,4.9703,3.4522,-1.362,3.2119,7.8451,-3.5166,-6.1168,-9.5695,0,2.9607,-5.5554,-11.451,-2.6749,20.51,-11.242,8.0977,2.4887,-5.0091,-5.6243,4.6682,-7.1617,0.1355,10.121,-3.9535,-8.5143,-11.007,-5.6972,7.2428,2.005,7.4944,18.126,-1.8936,2.0577,0.099301,-18.979,3.1983,6.6163,1.7758,0.40465,9.6116,-3.4625,9.6075,9.0613,4.9356,-17.434,0.9544,7.9475,-5.6244,-0.51292,-1.2782,20.069,17.103,2.1547,-0.32467,5.4469,18.466,17.989,4.1297,-7.6913,8.3145,-25.511,-18.254,-7.6258,2.9607,0,-14.899,-18.512,22.924,7.8301,-1.0626,9.4958,11.294,-19.162,-27.936,-13.924,-7.8758,12.889,8.8433,-21.535,-2.1963,-17.434,-3.3163,-0.93607,9.3128,11.332,2.0793,-0.076617,7.0684,-12.395,-3.1211,20.053,13.364,19.327,-8.7137,11.974,-21.68,10.505,4.0679,3.4896,-13.088,11.228,1.4905,1.1951,-8.4542,17.467,-22.95,-3.7257,0.48058,-1.1543,-4.207,-28.194,-12.272,-4.2334,-0.57823,-11.342,6.8474,15.093,6.3204,-5.5554,-14.899,0,19.82,-24.476,-9.5434,-2.9649,-14.598,-2.3232,35.384,10.309,-0.72323,16.019,-3.788,-1.1789,12.735,-5.4974,19.852,-6.6621,7.0001,-0.58431,-0.81709,-12.182,8.1279,4.4687,5.1895,2.0776,-8.0613,-8.5426,-17.914,-3.3642,-1.1884,20.328,-0.30292,-6.6097,-8.0945,17.806,-17.867,-13.506,-2.2981,17.631,-9.4881,-27.834,-16.97,-11.963,-4.5782,1.3039,-15.802,-6.0822,5.3667,1.9766,-3.781,18.443,9.0816,22.156,-11.451,-18.512,19.82,0,-16.476,-21.613,10.58,-5.6085,-6.7667,22.033,23.389,6.3329,7.1367,-15.534,-9.3572,7.7192,8.5408,18.227,7.2953,-6.4524,-7.3721,-15.632,-6.4353,-3.4588,-7.9562,8.3519,14.385,-11.942,-9.8752,-22.986,2.6512,-15.75,13.646,-12.919,-10.754,-0.20077,16.471,-9.5005,-2.7667,3.0977,6.1465,-15.474,24.938,8.5673,-0.47809,-0.095305,2.1976,21.616,12.7,3.6912,-5.2253,6.0939,-13.124,-13.872,-5.5591,-2.6749,22.924,-24.476,-16.476,0,4.6329,3.956,8.1179,5.1738,-28.078,-15.753,-8.4424,-8.3628,9.5099,0.53898,-13.733,4.1949,-14.866,3.6125,-6.0369,3.9865,3.9504,1.7646,-2.5645,1.1051,-8.943,1.8239,13.247,9.1907,22.5,-1.8702,3.5565,-22.342,1.6325,3.0246,3.4554,-10.014,14.661,4.8854,2.6661,-14.197,15.954,16.372,14.475,17.015,10.045,1.0383,8.0027,2.4367,-5.5175,-0.24392,3.363,-9.2948,-4.8445,-19.689,20.51,7.8301,-9.5434,-21.613,4.6329,0,-16.043,3.327,7.1983,-10.48,-13.543,-3.3678,-1.7662,9.3973,4.6636,-2.1771,-13.313,-17.486,-10.303,12.407,0.76796,15.996,10.554,4.1669,10.322,-6.4351,-17.958,11.273,7.0666,11.153,-4.9232,15.767,-7.2009,9.3996,14.485,2.3458,-18.277,-0.38069,4.2036,-7.4413,-4.184,7.3029,-3.9394,-15.625,-28.419,-5.7593,10.084,4.4707,9.9448,22.331,-0.24944,9.5525,10.065,-7.5948,26.244,-11.242,-1.0626,-2.9649,10.58,3.956,-16.043,0,9.5587,-4.4064,-1.5416,9.4239,5.4795,-6.8272,-15.501,-11.286,-8.1528,41.036,0.6012,31.304,-39.091,-7.5414,-24.408,2.8108,-18.862,-19.039,3.1537,26.77,-1.9007,-0.15732,-4.8759,5.0391,-22.351,-5.4148,-19.531,-8.7829,10.906,1.0869,5.6081,10.962,8.0303,-10.678,-6.1127,5.6099,-1.882,-12.147,-6.5322,22.75,22.456,25.203,17.219,5.9943,46.19,-0.05579,-18.304,4.3573,8.0977,9.4958,-14.598,-5.6085,8.1179,3.327,9.5587,0,6.9291,-10.545,-1.7744,7.0483,-28.59,-5.4573,2.0809,-22.773,11.471,-17.109,11.239,-14.531,-5.1968,-6.0415,22.04,-25.4,-11.781,-6.5772,3.9493,4.3242,3.9072,6.0792,-1.4046,-4.9307,-12.327,-2.7156,6.7546,26.608,-16.054,16.049,17.845,10.021,-19.494,2.8472,5.8114,16.38,-0.45702,-9.3387,12.633,10.673,9.7733,1.1472,5.5379,8.9397,-9.1705,-2.3787,-6.4899,2.4887,11.294,-2.3232,-6.7667,5.1738,7.1983,-4.4064,6.9291,0,-1.1642,-8.6123,-6.0672,-4.6725,12.563,3.8235,-8.5251,-5.3345,-12.083,-8.2543,3.4998,-4.5116,9.5736,1.9567,-1.0322,7.6593,-40.32,0.73488,9.349,-4.3259,14.24,-31.868,6.6521,-2.2541,6.0568,19.069,9.5161,-4.0364,5.1103,-4.7385,11.273,-8.8225,19.63,-30.323,-6.5827,-2.8195,-5.7338,-1.9774,-21.315,-12.434,-4.0286,5.8337,-7.9468,11.186,18.637,7.0859,-5.0091,-19.162,35.384,22.033,-28.078,-10.48,-1.5416,-10.545,-1.1642,0,15.828,4.7944,10.04,-5.4211,-1.8623,13.575,-2.8252,19.462,-4.1345,4.4805,-4.7483,-4.1891,-8.4545,3.7857,0.038446,3.5843,3.7259,-13.441,-15.262,-16.585,-2.676,-5.1985,28.814,-2.5314,-2.8294,-4.3032,19.486,-12.163,-11.462,2.7255,13.048,-8.9656,-21.833,-26.59,-12.094,-5.8441,1.3204,-9.8937,-8.1648,3.0225,11.193,-0.87557,39.337,11.214,15.461,-5.6243,-27.936,10.309,23.389,-15.753,-13.543,9.4239,-1.7744,-8.6123,15.828,0,19.604,0.85092,-19.17,-10.644,10.548,10.973,13.46,11.15,-7.8497,-13.756,-22.757,1.0051,-8.3964,-16.286,9.012,10.79,-21.351,-15.342,-17.012,8.1791,-24.245,15.6,-17.02,-3.8773,3.3615,11.731,-4.1171,2.5592,5.9141,1.7938,-15.778,-9.7439,-18.759,-9.5752,-7.0443,3.7455,0.28665,-3.2138,2.14,20.435,6.4569,20.429,4.7771,6.1487,4.6682,-13.924,-0.72323,6.3329,-8.4424,-3.3678,5.4795,7.0483,-6.0672,4.7944,19.604,0,-10.668,-14.632,-2.9216,4.3214,9.7385,3.2871,11.27,-8.0754,-11.442,-16.825,12.224,-14.587,-22.731,6.0087,2.5703,-19.664,-11.067,-6.8309,11.22,-16.475,8.4192,-9.3323,3.574,8.4055,1.2623,5.2926,9.3245,8.1908,-3.293,-9.5778,-4.3099,2.685,11.053,11.266,-12.134,-21.054,-14.594,-8.4501,-10.846,-22.531,0.44237,11.169,-0.84548,-7.1617,-7.8758,16.019,7.1367,-8.3628,-1.7662,-6.8272,-28.59,-4.6725,10.04,0.85092,-10.668,0,2.7092,-6.2949,15.458,-9.9905,11.104,-9.5506,12.727,2.2048,5.9814,-16.808,19.995,14.145,5.5115,-1.3441,1.7027,-0.25647,-8.031,-2.3262,5.1717,7.6103,-0.15843,-7.669,-15.816,10.191,-27.93,-12.004,-13.698,13.884,-4.8061,11.908,29.237,13.302,-1.4798,-6.3679,4.6586,-1.4097,-14.118,-1.8899,-6.033,-22.31,2.3825,-23.3,0.1355,12.889,-3.788,-15.534,9.5099,9.3973,-15.501,-5.4573,12.563,-5.4211,-19.17,-14.632,2.7092,0,9.3878,-0.24051,-16.521,-4.913,-19.57,14.204,8.5287,24.714,-8.2833,14.912,19.399,-14.736,-9.3296,8.2266,0.43369,19.876,-11.89,18.981,-1.9984,16.976,9.8098,-7.8533,-0.06052,3.5725,-14.25,0.54019,1.6644,26.353,1.0443,9.5719,6.0132,-4.3074,-3.1875,2.1085,1.6876,-6.9107,0.24506,0.51752,-14.696,-2.7285,-10.691,10.121,8.8433,-1.1789,-9.3572,0.53898,4.6636,-11.286,2.0809,3.8235,-1.8623,-10.644,-2.9216,-6.2949,9.3878,0,-5.5305,-11.088,-0.73152,-11.864,7.6423,18.838,11.973,-0.21439,5.1511,5.7445,-2.2357,-15.757,-0.21461,4.5552,4.3825,-1.7825,14.428,-0.19925,30.188,2.2395,-5.5058,-2.5595,7.2881,-6.7612,0.29288,8.5449,5.9849,-9.3408,-4.7443,8.1214,3.6154,-16.609,-19.68,-43,-17.175,4.0535,-21.592,9.4702,30.251,-3.1011,-3.9535,-21.535,12.735,7.7192,-13.733,-2.1771,-8.1528,-22.773,-8.5251,13.575,10.548,4.3214,15.458,-0.24051,-5.5305,0,-7.0621,16.648,-5.8986,10.899,-3.2256,-0.36253,-9.2749,11.781,2.9809,7.9553,-3.2988,-13.065,-11.771,-8.194,5.4975,-1.9224,20.902,-2.7035,-1.2627,-13.521,15.122,-12.824,-9.7131,-5.2096,13.024,-6.5409,-3.2183,-18.297,-27.765,-6.3894,9.608,6.2137,8.8257,19.123,3.1313,10.852,12.226,-6.8058,21.232,-8.5143,-2.1963,-5.4974,8.5408,4.1949,-13.313,41.036,11.471,-5.3345,-2.8252,10.973,9.7385,-9.9905,-16.521,-11.088,-7.0621,0,-0.31985,43.516,-46.209,-9.2658,-29.209,5.8283,-23.257,-26.128,3.5898,21.913,-4.236,-1.5615,-3.7327,7.7118,-26.61,-4.8621,-20.854,-6.1025,12.419,-0.078176,8.1518,13.874,9.2882,-12.59,-6.1223,-21.726,-10.268,-1.6056,-2.9855,-13.254,-25.393,-18.871,-7.5208,0.48081,-17.255,8.7361,17.798,6.5483,-11.007,-17.434,19.852,18.227,-14.866,-17.486,0.6012,-17.109,-12.083,19.462,13.46,3.2871,11.104,-4.913,-0.73152,16.648,-0.31985,0,-0.96858,2.0668,3.146,-6.0257,-15.946,7.2465,-1.9244,12.429,2.9762,-17.977,-9.158,-16.262,7.4527,-5.9596,19.964,-2.1043,-12.668,-14.725,28.787,-8.223,-12.241,-1.17,19.81,-10.613,-2.2144,-20.677,-20.947,-2.8233,8.1564,5.7134,7.6453,18.167,2.3672,10.354,13.607,-7.4615,19.299,-5.6972,-3.3163,-6.6621,7.2953,3.6125,-10.303,31.304,11.239,-8.2543,-4.1345,11.15,11.27,-9.5506,-19.57,-11.864,-5.8986,43.516,-0.96858,0,-34.726,-9.1313,-29.517,8.1696,-22.853,-27.584,6.466,16.846,-4.1895,0.29878,-4.8161,11.074,-24.977,-5.6989,-21.85,-6.6939,11.789,-2.1795,6.7182,18.236,5.7372,-12.093,-8.6968,1.9246,14.734,29.416,7.5516,-11.395,-8.5921,-12.348,-21.633,-2.3855,-13.526,-8.6134,9.7857,-19.534,7.2428,-0.93607,7.0001,-6.4524,-6.0369,12.407,-39.091,-14.531,3.4998,4.4805,-7.8497,-8.0754,12.727,14.204,7.6423,10.899,-46.209,2.0668,-34.726,0,6.8124,23.33,-6.482,24.975,23.896,-2.0232,-19.874,2.4798,-0.22407,2.0731,-6.2148,20.883,7.0568,15.781,5.7106,-13.546,1.7204,-10.736,-13.893,-10.255,13.388,4.2296,3.6418,8.0226,9.2258,4.3278,-11.633,-2.529,-0.91853,-6.5935,-12.969,-7.5037,-17.539,-4.2586,-7.4641,2.005,9.3128,-0.58431,-7.3721,3.9865,0.76796,-7.5414,-5.1968,-4.5116,-4.7483,-13.756,-11.442,2.2048,8.5287,18.838,-3.2256,-9.2658,3.146,-9.1313,6.8124,0,11.6,-8.0615,11.934,9.1755,4.9457,-12.116,3.7061,13.168,1.5555,3.1751,15.336,-4.5052,19.897,-9.137,-15.785,-0.41727,1.4883,-7.4489,-9.1417,13.039,2.3728,10.832,34.004,23.13,6.0867,-5.8175,0.89009,-1.3233,-12.405,-6.6663,-5.9362,-23.717,-0.23279,-23.872,7.4944,11.332,-0.81709,-15.632,3.9504,15.996,-24.408,-6.0415,9.5736,-4.1891,-22.757,-16.825,5.9814,24.714,11.973,-0.36253,-29.209,-6.0257,-29.517,23.33,11.6,0,-4.7115,18.519,31.503,-8.5123,-17.999,12.115,6.4883,10.826,-11.249,42.917,-2.9555,23.82,7.0391,-8.6826,-4.7096,-3.0804,-10.675,-7.7292,5.8021,12.966,5.154,-3.7335,-3.7725,1.3946,14.166,13.073,11.087,9.7409,7.5139,21.669,4.4291,-11.352,0.63428,18.126,2.0793,-12.182,-6.4353,1.7646,10.554,2.8108,22.04,1.9567,-8.4545,1.0051,12.224,-16.808,-8.2833,-0.21439,-9.2749,5.8283,-15.946,8.1696,-6.482,-8.0615,-4.7115,0,-17.585,-10.042,-0.92775,-2.7386,1.9619,3.7237,2.0926,2.9471,-3.3801,-7.797,-3.4527,8.8139,19.836,-20.672,6.9481,24.518,2.0816,-13.62,-2.8444,1.7086,12.288,22.757,8.2242,-20.009,-11.953,-14.429,-20.821,-9.0889,-25.397,-10.246,9.9488,-13.378,-1.8936,-0.076617,8.1279,-3.4588,-2.5645,4.1669,-18.862,-25.4,-1.0322,3.7857,-8.3964,-14.587,19.995,14.912,5.1511,11.781,-23.257,7.2465,-22.853,24.975,11.934,18.519,-17.585,0,24.835,1.1394,-11.747,2.7701,1.7775,1.0672,-3.3229,17.093,5.4524,12.677,-2.3218,-26.738,7.0651,-11.325,-19.688,-12.249,17.438,3.9142,7.0548,24.97,21.523,8.3392,-7.0468,-4.3013,-3.9237,-11.252,-10.493,-10.441,-17.054,2.5392,-14.971,2.0577,7.0684,4.4687,-7.9562,1.1051,10.322,-19.039,-11.781,7.6593,0.038446,-16.286,-22.731,14.145,19.399,5.7445,2.9809,-26.128,-1.9244,-27.584,23.896,9.1755,31.503,-10.042,24.835,0,-6.457,-11.344,12.501,5.2671,5.925,-12.757,26.87,-0.66345,15.1,2.9125,-11.314,-0.40178,-9.7237,-13.969,-10.242,8.1567,9.0745,-8.2725,-15.92,0.93234,10.363,-10.364,-13.304,-9.1371,-0.13862,-6.1544,-7.9195,9.3973,1.9327,7.4724,0.099301,-12.395,5.1895,8.3519,-8.943,-6.4351,3.1537,-6.5772,-40.32,3.5843,9.012,6.0087,5.5115,-14.736,-2.2357,7.9553,3.5898,12.429,6.466,-2.0232,4.9457,-8.5123,-0.92775,1.1394,-6.457,0,-2.1171,-8.8329,5.1885,-19.499,24.92,-5.1727,3.2956,-4.542,-19.909,-8.7649,3.2809,-7.8792,4.6455,-13.159,11.279,-26.198,-6.0022,-10.687,-23.887,-8.8569,9.3625,1.4432,5.7592,14.596,1.7438,5.1802,10.416,-0.82833,21.713,-18.979,-3.1211,2.0776,14.385,1.8239,-17.958,26.77,3.9493,0.73488,3.7259,10.79,2.5703,-1.3441,-9.3296,-15.757,-3.2988,21.913,2.9762,16.846,-19.874,-12.116,-17.999,-2.7386,-11.747,-11.344,-2.1171,0,-2.0648,-6.7293,-3.5426,-1.6302,-20.968,-0.14386,-20.993,-4.8613,9.054,7.0002,1.9417,3.2055,11.489,-9.4596,-2.1693,19.086,16.293,6.2109,9.6305,6.2229,9.5222,13.798,6.1085,-14.86,5.1785,-15.808,-16.032,-4.8678,3.1983,20.053,-8.0613,-11.942,13.247,11.273,-1.9007,4.3242,9.349,-13.441,-21.351,-19.664,1.7027,8.2266,-0.21461,-13.065,-4.236,-17.977,-4.1895,2.4798,3.7061,12.115,1.9619,2.7701,12.501,-8.8329,-2.0648,0,16.857,10.344,-11.367,12.576,-20.827,4.565,2.1215,3.5705,-15.12,-1.4504,3.389,-6.9429,-7.6861,8.951,12.548,5.4562,6.2264,15.869,-0.19652,4.7435,9.7745,6.2112,-22.004,2.8131,-11.889,-20.945,-1.803,6.6163,13.364,-8.5426,-9.8752,9.1907,7.0666,-0.15732,3.9072,-4.3259,-15.262,-15.342,-11.067,-0.25647,0.43369,4.5552,-11.771,-1.5615,-9.158,0.29878,-0.22407,13.168,6.4883,3.7237,1.7775,5.2671,5.1885,-6.7293,16.857,0,1.7253,3.0931,10.339,-21.852,5.9623,-8.3918,-1.7172,-15.978,-0.77934,8.0889,-15.631,-0.49517,-1.5345,22.419,16.926,4.2991,-3.7971,2.0035,20.573,7.6287,-3.718,2.1923,4.8847,-15.393,-5.587,-15.461,1.7758,19.327,-17.914,-22.986,22.5,11.153,-4.8759,6.0792,14.24,-16.585,-17.012,-6.8309,-8.031,19.876,4.3825,-8.194,-3.7327,-16.262,-4.8161,2.0731,1.5555,10.826,2.0926,1.0672,5.925,-19.499,-3.5426,10.344,1.7253,0,-8.5159,8.3528,-10.555,7.13,15.046,3.3128,-8.2201,14.114,-0.90641,6.1913,-11.845,33.448,-3.1567,-17.198,-1.4501,5.3885,-9.7743,-4.0343,-6.8066,-0.84281,-0.39405,-3.9593,9.0942,0.51949,4.3175,0.40465,-8.7137,-3.3642,2.6512,-1.8702,-4.9232,5.0391,-1.4046,-31.868,-2.676,8.1791,11.22,-2.3262,-11.89,-1.7825,5.4975,7.7118,7.4527,11.074,-6.2148,3.1751,-11.249,2.9471,-3.3229,-12.757,24.92,-1.6302,-11.367,3.0931,-8.5159,0,-8.2725,0.5506,-5.6745,-11.535,-5.2195,0.90096,1.6964,8.4099,-6.1496,4.0173,-14.256,10.503,26.869,23.079,8.1541,-5.942,0.51375,-0.23342,-10.299,-9.1435,-5.1523,-24.921,-2.7225,-20.606,9.6116,11.974,-1.1884,-15.75,3.5565,15.767,-22.351,-4.9307,6.6521,-5.1985,-24.245,-16.475,5.1717,18.981,14.428,-1.9224,-26.61,-5.9596,-24.977,20.883,15.336,42.917,-3.3801,17.093,26.87,-5.1727,-20.968,12.576,10.339,8.3528,-8.2725,0,-4.6255,27.006,4.0743,-9.1205,-6.5729,-3.2243,-8.2723,-10.506,7.1482,9.4903,-21.795,-6.0338,0.23872,-7.0076,-6.8191,-17.837,-20.272,-11.329,11.366,-10.864,10.999,31.882,1.092,-3.4625,-21.68,20.328,13.646,-22.342,-7.2009,-5.4148,-12.327,-2.2541,28.814,15.6,8.4192,7.6103,-1.9984,-0.19925,20.902,-4.8621,19.964,-5.6989,7.0568,-4.5052,-2.9555,-7.797,5.4524,-0.66345,3.2956,-0.14386,-20.827,-21.852,-10.555,0.5506,-4.6255,0,-0.81083,1.1049,-6.8734,21.095,-7.5743,-12.889,3.9761,13.204,-5.7156,4.8965,18.331,14.039,0.42595,-6.1232,0.6143,-0.64734,-11.502,-3.4181,-3.7447,-21.908,-1.0318,-17.991,9.6075,10.505,-0.30292,-12.919,1.6325,9.3996,-19.531,-2.7156,6.0568,-2.5314,-17.02,-9.3323,-0.15843,16.976,30.188,-2.7035,-20.854,-2.1043,-21.85,15.781,19.897,23.82,-3.4527,12.677,15.1,-4.542,-20.993,4.565,5.9623,7.13,-5.6745,27.006,-0.81083,0,3.8836,-9.2689,-2.9144,2.3319,-10.648,-4.0264,9.8544,9.3558,7.0288,10.025,3.3192,-6.522,7.2739,11.307,2.6527,-4.7913,15.365,7.604,-2.8393,2.2029,-12.694,9.0613,4.0679,-6.6097,-10.754,3.0246,14.485,-8.7829,6.7546,19.069,-2.8294,-3.8773,3.574,-7.669,9.8098,2.2395,-1.2627,-6.1025,-12.668,-6.6939,5.7106,-9.137,7.0391,8.8139,-2.3218,2.9125,-19.909,-4.8613,2.1215,-8.3918,15.046,-11.535,4.0743,1.1049,3.8836,0,9.4586,-6.2038,6.7046,-0.13398,9.6208,-9.9285,14.544,2.2485,-3.5965,-14.07,-6.5433,35.054,15.331,18.349,18.847,8.8021,33.526,5.7524,-10.6,7.5558,4.9356,3.4896,-8.0945,-0.20077,3.4554,2.3458,10.906,26.608,9.5161,-4.3032,3.3615,8.4055,-15.816,-7.8533,-5.5058,-13.521,12.419,-14.725,11.789,-13.546,-15.785,-8.6826,19.836,-26.738,-11.314,-8.7649,9.054,3.5705,-1.7172,3.3128,-5.2195,-9.1205,-6.8734,-9.2689,9.4586,0,-11.214,8.0802,16.249,11.708,-23.774,1.2281,-17.434,-5.9647,-3.4888,-8.6224,-9.7771,-16.607,-15.833,-8.1603,3.6077,-15.285,6.8766,21.971,5.0039,-17.434,-13.088,17.806,16.471,-10.014,-18.277,1.0869,-16.054,-4.0364,19.486,11.731,1.2623,10.191,-0.06052,-2.5595,15.122,-0.078176,28.787,-2.1795,1.7204,-0.41727,-4.7096,-20.672,7.0651,-0.40178,3.2809,7.0002,-15.12,-15.978,-8.2201,0.90096,-6.5729,21.095,-2.9144,-6.2038,-11.214,0,-5.1848,-17.773,4.9789,12.283,-2.7998,6.9883,0.64105,-8.835,-13.957,5.5337,21.306,10.879,3.362,8.6295,12.303,-4.7883,-7.9764,-2.4366,0.9544,11.228,-17.867,-9.5005,14.661,-0.38069,5.6081,16.049,5.1103,-12.163,-4.1171,5.2926,-27.93,3.5725,7.2881,-12.824,8.1518,-8.223,6.7182,-10.736,1.4883,-3.0804,6.9481,-11.325,-9.7237,-7.8792,1.9417,-1.4504,-0.77934,14.114,1.6964,-3.2243,-7.5743,2.3319,6.7046,8.0802,-5.1848,0,5.0486,15.544,-11.739,11.261,5.8395,-9.1318,-7.0351,5.426,11.235,11.032,11.912,16.327,0.63898,16.833,6.8684,-15.483,7.0282,7.9475,1.4905,-13.506,-2.7667,4.8854,4.2036,10.962,17.845,-4.7385,-11.462,2.5592,9.3245,-12.004,-14.25,-6.7612,-9.7131,13.874,-12.241,18.236,-13.893,-7.4489,-10.675,24.518,-19.688,-13.969,4.6455,3.2055,3.389,8.0889,-0.90641,8.4099,-8.2723,-12.889,-10.648,-0.13398,16.249,-17.773,5.0486,0,-1.2915,-15.201,-7.1662,-4.2502,-2.5537,-17.194,-36.994,10.789,9.0534,6.0174,4.2093,18.309,10.246,3.713,2.0518,4.2434,-5.6244,1.1951,-2.2981,3.0977,2.6661,-7.4413,8.0303,10.021,11.273,2.7255,5.9141,8.1908,-13.698,0.54019,0.29288,-5.2096,9.2882,-1.17,5.7372,-10.255,-9.1417,-7.7292,2.0816,-12.249,-10.242,-13.159,11.489,-6.9429,-15.631,6.1913,-6.1496,-10.506,3.9761,-4.0264,9.6208,11.708,4.9789,15.544,-1.2915,0,-9.9493,8.6311,-11.417,0.036254,9.6411,3.9253,-17.354,-24.671,-17.222,-13.299,-5.1556,-19.987,-1.3165,11.754,-2.7053,-0.51292,-8.4542,17.631,6.1465,-14.197,-4.184,-10.678,-19.494,-8.8225,13.048,1.7938,-3.293,13.884,1.6644,8.5449,13.024,-12.59,19.81,-12.093,13.388,13.039,5.8021,-13.62,17.438,8.1567,11.279,-9.4596,-7.6861,-0.49517,-11.845,4.0173,7.1482,13.204,9.8544,-9.9285,-23.774,12.283,-11.739,-15.201,-9.9493,0,-7.5346,14.153,20.718,3.7142,-7.4764,1.6781,13.899,5.8018,-5.3802,2.4726,2.3857,-17.011,-1.956,-14.326,-1.2782,17.467,-9.4881,-15.474,15.954,7.3029,-6.1127,2.8472,19.63,-8.9656,-15.778,-9.5778,-4.8061,26.353,5.9849,-6.5409,-6.1223,-10.613,-8.6968,4.2296,2.3728,12.966,-2.8444,3.9142,9.0745,-26.198,-2.1693,8.951,-1.5345,33.448,-14.256,9.4903,-5.7156,9.3558,14.544,1.2281,-2.7998,11.261,-7.1662,8.6311,-7.5346,0
