0,-7.9485,-6.6408,-8.3671,-1.9408,-1.563,1.4033,-5.8693,6.3487,-0.29356,-5.2924,-2.4548,9.8828,1.5379,3.3035,4.764,-5.7374,-7.1595,-3.5728,4.3338,-0.86147,-7.9485,0,3.6655,11.183,3.3816,1.2946,2.6963,5.3666,-9.7969,-2.1632,3.63,-0.48998,-7.9243,2.2854,-8.0207,-8.2895,1.8027,1.6273,0.4829,-0.15419,-1.2464,-6.6408,3.6655,0,3.8409,-2.997,0.19906,4.4088,-2.1038,-6.1367,1.9458,-0.69884,0.056898,-0.93581,-6.1044,0.1667,0.19509,2.3372,3.3215,-3.8445,-2.191,-0.7994,-8.3671,11.183,3.8409,0,1.0741,-1.2017,1.0383,6.0515,-9.4084,-1.0968,4.3886,0.10209,-6.1368,1.1051,-7.2255,-6.9516,3.8277,3.3932,1.9165,0.59754,-1.7806,-1.9408,3.3816,-2.997,1.0741,0,4.7818,-0.48148,6.0514,-0.88821,2.1741,6.0796,1.8032,-6.9034,2.5539,-8.0917,-7.1828,-4.5592,-4.1795,3.2476,-0.77266,-2.87,-1.563,1.2946,0.19906,-1.2017,4.7818,0,-1.3616,3.3078,0.011308,3.69,5.093,3.0993,-1.5334,-2.3945,-2.2991,-5.9702,-1.7268,-2.6212,3.039,-3.7273,-5.5419,1.4033,2.6963,4.4088,1.0383,-0.48148,-1.3616,0,-3.4503,-5.4461,-2.5166,-4.8453,-5.8567,2.2663,0.60024,-2.8814,0.063466,-3.5996,-5.1144,-9.4472,5.5838,-2.8563,-5.8693,5.3666,-2.1038,6.0515,6.0514,3.3078,-3.4503,0,-2.6857,0.88542,9.8919,4.583,-7.6419,3.0844,-7.4555,-10.731,0.47864,1.1024,8.7094,-2.7985,-3.0774,6.3487,-9.7969,-6.1367,-9.4084,-0.88821,0.011308,-5.4461,-2.6857,0,0.71831,-0.81912,0.6338,3.663,-1.3681,5.2697,4.9994,-1.8389,-0.38862,2.6678,-2.0575,4.1275,-0.29356,-2.1632,1.9458,-1.0968,2.1741,3.69,-2.5166,0.88542,0.71831,0,5.0938,8.6343,0.97627,-3.4626,-1.3205,-2.0292,-1.8758,-2.2355,2.1241,-2.5906,-4.8072,-5.2924,3.63,-0.69884,4.3886,6.0796,5.093,-4.8453,9.8919,-0.81912,5.0938,0,6.3528,-7.3521,0.7289,-6.8398,-9.3086,0.19776,1.0652,8.2376,-4.5002,-3.9942,-2.4548,-0.48998,0.056898,0.10209,1.8032,3.0993,-5.8567,4.583,0.6338,8.6343,6.3528,0,-1.0061,0.62121,-1.6869,-3.95,-1.3632,0.52232,3.7537,-5.7692,-2.9607,9.8828,-7.9243,-0.93581,-6.1368,-6.9034,-1.5334,2.2663,-7.6419,3.663,0.97627,-7.3521,-1.0061,0,-1.6644,5.6774,6.1345,-2.5973,-4.165,-5.8316,3.57,-1.6074,1.5379,2.2854,-6.1044,1.1051,2.5539,-2.3945,0.60024,3.0844,-1.3681,-3.4626,0.7289,0.62121,-1.6644,0,-4.3578,-3.4363,-2.4846,-3.1327,-0.45356,2.728,0.1663,3.3035,-8.0207,0.1667,-7.2255,-8.0917,-2.2991,-2.8814,-7.4555,5.2697,-1.3205,-6.8398,-1.6869,5.6774,-4.3578,0,11.448,3.1361,3.678,-1.35,-1.2046,4.8035,4.764,-8.2895,0.19509,-6.9516,-7.1828,-5.9702,0.063466,-10.731,4.9994,-2.0292,-9.3086,-3.95,6.1345,-3.4363,11.448,0,1.757,2.0721,-4.0881,1.4912,6.8337,-5.7374,1.8027,2.3372,3.8277,-4.5592,-1.7268,-3.5996,0.47864,-1.8389,-1.8758,0.19776,-1.3632,-2.5973,-2.4846,3.1361,1.757,0,9.7778,3.2007,-0.15578,4.0223,-7.1595,1.6273,3.3215,3.3932,-4.1795,-2.6212,-5.1144,1.1024,-0.38862,-2.2355,1.0652,0.52232,-4.165,-3.1327,3.678,2.0721,9.7778,0,3.73,-4.5884,6.1242,-3.5728,0.4829,-3.8445,1.9165,3.2476,3.039,-9.4472,8.7094,2.6678,2.1241,8.2376,3.7537,-5.8316,-0.45356,-1.35,-4.0881,3.2007,3.73,0,-4.5762,0.55494,4.3338,-0.15419,-2.191,0.59754,-0.77266,-3.7273,5.5838,-2.7985,-2.0575,-2.5906,-4.5002,-5.7692,3.57,2.728,-1.2046,1.4912,-0.15578,-4.5884,-4.5762,0,-2.0652,-0.86147,-1.2464,-0.7994,-1.7806,-2.87,-5.5419,-2.8563,-3.0774,4.1275,-4.8072,-3.9942,-2.9607,-1.6074,0.1663,4.8035,6.8337,4.0223,6.1242,0.55494,-2.0652,0
