0,7.0383,-8.502,-4.7649,8.3802,-1.0554,16.45,26.747,1.5057,9.2241,22.932,1.4388,13.486,5.2659,8.5938,-16.496,-1.0419,-10.849,18.406,-17.692,10.106,-4.919,5.54,-1.3794,0.81605,-12.607,9.4441,-1.1198,-10.216,-1.9298,-0.25556,-2.321,16.07,-6.2453,2.9076,10.189,-1.6465,-0.085512,-0.75601,6.7045,3.4795,-6.1554,-9.6204,-3.1266,7.8661,-8.923,2.7654,10.304,23.332,3.5477,7.5451,-1.3419,-2.8413,-12.109,13.652,7.0383,0,-1.7439,1.7575,-9.1031,-23.238,21.442,0.38938,-17.243,4.2458,7.635,7.0514,2.4949,13.972,16.599,-2.3901,-22.082,-1.5227,9.85,-3.2388,-11.142,8.9616,-5.6697,-10.976,-16.896,-5.0664,11.602,-19.372,-16.691,1.6899,-13.373,-6.3366,6.6794,7.3403,23.138,1.8866,-2.2211,2.0302,-1.8602,-14.191,10.444,2.0371,-2.8397,-8.1384,17.812,-10.843,-7.6025,-7.4172,7.4147,-1.8797,-4.8555,16.76,-3.3772,-14.923,11.504,-8.502,-1.7439,0,17.696,-11.481,-9.7647,0.16167,-13.304,-7.2601,-6.5609,-4.8278,-11.463,2.1372,-0.12005,-0.90527,5.1134,4.106,-3.6413,-3.5803,-2.9011,0.5209,0.22272,3.9111,-12.614,-9.5849,4.0759,1.2521,-3.2012,10.639,-1.0474,-3.393,-12.731,-3.4819,22.277,-2.9829,-0.7549,-4.6124,19.455,17.771,-5.198,6.6214,20.999,25.917,-7.1114,5.524,-9.4306,-9.9194,-6.6745,-18.159,-13.964,-6.2581,-6.6652,2.6901,-5.7521,-17.999,-4.7649,1.7575,17.696,0,-9.3008,-12.62,4.6068,-11.713,-7.2557,4.9344,-0.86196,-7.7047,1.1248,-2.9635,9.3887,3.2289,-2.9598,-7.3507,3.5386,-8.8865,-5.409,-8.3487,-8.219,-5.0228,-15.142,3.293,3.7283,-9.3655,-2.0957,-7.4858,-14.538,-6.3867,-1.4102,25.173,0.12156,8.5055,-13.205,13.314,26.37,1.3766,9.156,39.719,25.417,-11.618,3.6381,-2.2031,-7.7111,-12.752,-9.0375,-23.093,-3.9964,1.207,15.361,-5.5655,-18.963,8.3802,-9.1031,-11.481,-9.3008,0,14.312,-1.1513,10.366,27.309,8.1681,8.675,-6.0276,12.335,2.8064,-0.65821,-16.062,13.862,-7.3519,0.21884,-5.6222,16.189,-13.846,0.8574,4.8829,10.256,-15.574,-7.7947,17.834,2.8909,7.3773,8.6096,0.023582,-0.4968,-17.675,-11.963,3.9256,-6.5466,-16.502,-9.0041,12.286,-1.9556,-8.0897,-10.023,6.7566,-9.823,3.093,0.48895,23.227,9.9488,15.502,30.397,-5.7353,-2.9432,6.955,6.8036,-1.0554,-23.238,-9.7647,-12.62,14.312,0,-18.059,7.5872,20.077,-2.6207,-4.2325,0.51877,-3.8493,-11.662,-16.305,-0.058716,14.18,4.5479,-6.6509,5.5064,10.399,-5.144,5.9531,18.042,31.487,2.985,-9.9527,19.971,8.2956,-0.78222,17.365,13.219,-2.8867,-21.21,-14.42,-2.8477,7.6199,-9.3927,-7.1069,14.527,-15.485,-14.119,-8.2659,12.662,-18.081,14.088,14.699,11.717,1.5484,9.5827,6.2578,-10.714,-0.71479,16.17,-0.26576,16.45,21.442,0.16167,4.6068,-1.1513,-18.059,0,6.0122,-9.3948,12.047,21.815,1.0726,13.645,13.827,25.076,-13.819,-9.7234,-14.601,19.704,-14.849,0.12015,-1.5807,-2.8511,-13.631,-16.824,-13.696,15.352,-12.948,-13.463,2.8252,-13.593,-11.094,13.254,5.6735,12.796,11.619,-9.4474,3.054,3.1072,-4.6258,18.299,4.7695,0.17081,-13.87,20.569,-17.172,-9.0654,-0.92041,12.794,-3.216,2.702,5.7181,-0.1664,-24.289,9.4111,26.747,0.38938,-13.304,-11.713,10.366,7.5872,6.0122,0,4.739,5.3139,14.504,5.6508,6.1288,-1.3496,0.5652,-11.803,1.7639,-5.4584,13.022,-8.5309,12.544,-3.1017,9.5089,5.486,9.4534,-6.1022,7.1517,3.0597,-6.1922,-2.9649,5.5307,5.2823,15.998,-15.029,0.43593,7.065,5.7633,-2.4282,-3.9366,10.432,-2.9279,-15.05,-13.754,0.86308,2.9542,-2.4987,11.782,12.273,22.526,5.9819,5.1859,-5.7702,-3.0911,-5.8418,13.304,1.5057,-17.243,-7.2601,-7.2557,27.309,20.077,-9.3948,4.739,0,1.0276,-0.611,-10.499,6.6289,-1.5186,-7.9363,-5.6228,20.833,-0.6103,-7.8307,-2.4411,13.378,-12.24,2.2086,8.7521,16.418,-7.3714,-17.748,31.282,8.275,2.991,15.146,1.5894,-8.3492,-13.383,-23.886,-2.1738,-3.8392,-12.333,-6.9571,13.877,-9.3383,-5.9631,-7.6531,14.536,-21.124,7.8247,1.8281,20.803,1.1241,14.247,21.702,-6.4026,-3.1434,16.146,0.27153,9.2241,4.2458,-6.5609,4.9344,8.1681,-2.6207,12.047,5.3139,1.0276,0,18.711,3.4775,7.3156,1.2149,22.138,-16.644,-5.1422,-18.919,18.089,-9.9223,1.1035,-16.386,-13.824,0.96087,-8.1381,-10.138,9.1239,-6.3482,-13.46,2.1636,-15.48,1.2136,10.646,-2.753,5.4857,27.348,-15.246,-7.1993,2.614,7.7304,13.862,3.2752,1.4402,-13.271,4.1269,1.1586,-1.4754,-1.3924,15.589,-3.5533,8.361,2.3477,13.464,-6.4484,3.2294,22.932,7.635,-4.8278,-0.86196,8.675,-4.2325,21.815,14.504,-0.611,18.711,0,1.9222,17.03,7.7135,16.6,-31.539,-1.8718,-24.317,24.158,-14.797,9.5772,-8.3143,-0.0056296,-6.666,-6.4542,-17.825,14.248,-4.4512,-8.7034,5.5938,-7.5306,-5.4577,19.897,-4.3396,6.3037,19.107,-8.5512,-2.5569,0.62506,3.6095,15.396,-1.3473,-2.4238,-12.625,12.758,-11.084,-2.7479,5.9731,22.807,0.53022,8.9383,-2.8855,1.639,-16.74,10.73,1.4388,7.0514,-11.463,-7.7047,-6.0276,0.51877,1.0726,5.6508,-10.499,3.4775,1.9222,0,-13.803,-5.516,2.3311,2.1433,-17.133,4.3747,8.3157,10.212,-9.1728,9.0059,-3.6099,6.7701,0.042108,7.991,12.74,-12.169,-11.979,-1.6255,-6.3938,16.505,11.848,-7.2306,19.173,3.2587,12.099,-3.7107,-5.6092,-3.121,0.14226,-11.472,-6.0016,-5.5977,6.5906,5.6601,13.078,-9.6803,10.162,-1.9892,-12.36,4.908,3.7513,-3.8664,8.6182,13.486,2.4949,2.1372,1.1248,12.335,-3.8493,13.645,6.1288,6.6289,7.3156,17.03,-13.803,0,15.204,8.4221,-22.21,8.6368,-17.926,5.8407,-18.286,15.302,-9.5449,3.7361,-12.851,-4.4638,-30.454,0.47337,5.2997,1.9333,8.9365,0.60561,-19.543,3.3472,0.057033,-4.8582,6.3433,-14.643,-1.3853,0.3892,1.7834,10.318,3.7169,-0.70647,-2.8918,4.838,-15.956,-13.258,14.877,6.7444,5.6118,19.452,-4.3732,-5.7483,-7.9411,5.4414,5.2659,13.972,-0.12005,-2.9635,2.8064,-11.662,13.827,-1.3496,-1.5186,1.2149,7.7135,-5.516,15.204,0,8.77,-9.3888,-1.8584,-4.1835,0.018141,-3.7338,0.44793,4.5592,-0.91112,-19.852,-9.8428,-20.226,-0.74683,-0.86672,-1.2035,15.666,-1.7987,-20.333,-1.8025,2.5335,4.77,-3.7053,-8.2461,-4.9151,-8.8155,-14.417,9.8576,1.0564,-4.9933,-0.33723,7.9051,-16.22,-21.654,6.135,3.6751,10.131,8.8495,7.9458,-14.622,-6.3581,12.913,8.5938,16.599,-0.90527,9.3887,-0.65821,-16.305,25.076,0.5652,-7.9363,22.138,16.6,2.3311,8.4221,8.77,0,-11.475,-12.608,-15.187,17.876,-11.256,-4.9404,-6.6523,-14.069,-7.8814,-21.58,-10.536,12.471,-15.421,-17.602,2.2402,-25.447,-6.1834,9.1657,6.4651,12.798,16.852,-16.403,-1.0054,4.4059,-2.0801,21.294,8.8091,3.6485,-17.053,12.496,-6.6163,-9.0779,-6.227,10.652,-6.3062,3.2043,9.311,8.0016,-14.045,4.388,-16.496,-2.3901,5.1134,3.2289,-16.062,-0.058716,-13.819,-11.803,-5.6228,-16.644,-31.539,2.1433,-22.21,-9.3888,-11.475,0,-4.1489,24.174,-13.259,11.856,-14.441,10.911,-0.41849,6.6653,3.2704,25.536,-6.6496,-2.0777,2.6726,-11.306,3.0121,7.2066,-11.79,7.6471,-0.77638,-14.272,10.988,7.3374,2.7795,-4.3276,-13.399,2.3379,3.2233,7.8256,-6.7037,9.2689,5.1572,-11.54,-17.644,-5.4501,-16.616,5.4497,0.79575,9.2421,-10.04,-1.0419,-22.082,4.106,-2.9598,13.862,14.18,-9.7234,1.7639,20.833,-5.1422,-1.8718,-17.133,8.6368,-1.8584,-12.608,-4.1489,0,-2.9189,-9.3086,-2.9775,21.97,-8.6258,11.306,0.91082,12.54,-4.7821,-12.831,28.654,22.35,3.996,17.75,-4.6362,-6.7372,-5.7056,-29.958,-3.422,-2.0224,-1.3905,-0.0011897,9.1445,-5.834,-0.95822,0.82097,9.0467,-11.319,-0.22155,-0.96677,18.382,-5.639,7.1657,12.757,-18.106,-4.8657,8.5288,-5.7123,-10.849,-1.5227,-3.6413,-7.3507,-7.3519,4.5479,-14.601,-5.4584,-0.6103,-18.919,-24.317,4.3747,-17.926,-4.1835,-15.187,24.174,-2.9189,0,-16.59,16.158,-11.112,15.705,1.6981,8.4791,9.3863,14.251,-10.828,2.9706,2.2804,-5.503,9.6315,8.6734,-12.862,-1.2903,-1.0612,-24.227,16.085,-1.019,-8.1365,-5.6338,-20.717,-7.328,-7.5408,17.299,-9.6313,9.9651,6.4629,-3.1962,-9.297,5.3059,-9.243,7.7973,-7.4014,13.757,0.1398,18.406,9.85,-3.5803,3.5386,0.21884,-6.6509,19.704,13.022,-7.8307,18.089,24.158,8.3157,5.8407,0.018141,17.876,-13.259,-9.3086,-16.59,0,-12.787,2.3884,-6.0332,-2.1909,-1.9951,-8.1676,-5.2947,26.28,-13.341,-16.197,-3.2079,-13.796,1.0304,30.245,-0.31329,12.072,25.207,-3.9905,3.3094,6.6507,4.7963,12.75,0.64832,0.93724,-18.541,15.811,-6.4539,3.3258,-2.9842,19.48,-8.2186,-0.78891,-0.65379,8.8306,-20.842,5.8124,-17.692,-3.2388,-2.9011,-8.8865,-5.6222,5.5064,-14.849,-8.5309,-2.4411,-9.9223,-14.797,10.212,-18.286,-3.7338,-11.256,11.856,-2.9775,16.158,-12.787,0,-9.1058,14.263,-1.4303,4.3252,4.687,11.389,-4.7664,0.72965,5.793,5.6382,3.9125,9.201,-6.8387,-4.9488,3.6461,-12.847,12.566,-6.505,-10.795,-9.589,-6.4109,-8.1164,-2.4423,5.3723,-4.5879,9.2592,4.3861,-6.1905,-7.0621,4.306,-9.3192,2.2968,-3.6249,10.239,0.44491,10.106,-11.142,0.5209,-5.409,16.189,10.399,0.12015,12.544,13.378,1.1035,9.5772,-9.1728,15.302,0.44793,-4.9404,-14.441,21.97,-11.112,2.3884,-9.1058,0,-9.2724,15.298,-1.7429,9.1631,-10.249,-1.1595,14.99,10.787,4.7155,11.525,-5.0222,5.2336,-9.091,-12.943,4.3017,-1.5306,-0.39661,0.38114,10.366,0.085877,-4.4963,-1.8963,1.6445,-1.3314,-6.585,1.2407,22.165,4.9277,6.1098,13.05,-22.387,-4.6433,-1.8122,1.4946,-4.919,8.9616,0.22272,-8.3487,-13.846,-5.144,-1.5807,-3.1017,-12.24,-16.386,-8.3143,9.0059,-9.5449,4.5592,-6.6523,10.911,-8.6258,15.705,-6.0332,14.263,-9.2724,0,6.1039,-4.7769,-0.41571,7.3967,1.7262,-5.5188,0.96433,2.3176,3.2997,0.36844,-1.4357,1.6214,10.471,-16.391,17.052,3.0943,-8.1055,-20.722,-4.123,-7.1654,-5.261,3.7789,6.4322,-4.2726,0.66818,-5.158,-4.0299,3.2891,-14.477,6.1115,-13.343,-1.8633,6.9854,5.54,-5.6697,3.9111,-8.219,0.8574,5.9531,-2.8511,9.5089,2.2086,-13.824,-0.0056296,-3.6099,3.7361,-0.91112,-14.069,-0.41849,11.306,1.6981,-2.1909,-1.4303,15.298,6.1039,0,-2.8754,10.717,0.80884,0.25937,8.5179,12.085,-0.61605,17.15,-3.1384,3.7703,-3.9583,-6.4558,-6.4575,12.564,8.4955,-0.00092108,0.79296,-6.6806,-7.5691,-3.2905,5.3874,2.4089,-9.165,4.9921,11.414,-1.2718,3.9555,-1.5116,-15.59,-12.497,-3.3028,1.9094,-1.3794,-10.976,-12.614,-5.0228,4.8829,18.042,-13.631,5.486,8.7521,0.96087,-6.666,6.7701,-12.851,-19.852,-7.8814,6.6653,0.91082,8.4791,-1.9951,4.3252,-1.7429,-4.7769,-2.8754,0,16.922,10.601,-5.4849,5.5566,-3.6978,-12.395,5.5698,29.178,-1.8912,-11.185,-5.8258,0.28169,7.5899,-5.8888,-2.1896,16.391,-17.466,-8.9533,-6.9805,9.0592,-16.528,29.096,22.931,0.22647,2.4735,1.2875,-0.95,-0.025667,7.7188,14.424,-2.3738,0.81605,-16.896,-9.5849,-15.142,10.256,31.487,-16.824,9.4534,16.418,-8.1381,-6.4542,0.042108,-4.4638,-9.8428,-21.58,3.2704,12.54,9.3863,-8.1676,4.687,9.1631,-0.41571,10.717,16.922,0,4.4374,-10.975,19.731,7.557,-4.0997,25.88,11.773,-3.8782,-17.726,-14.04,-7.7271,12.788,-5.517,-7.8106,11.539,-24.887,-16.818,-12.201,19.267,-16.621,10.813,16.023,13.187,0.63918,11.178,3.7886,-8.145,-5.4726,14.885,1.6613,-12.607,-5.0664,4.0759,3.293,-15.574,2.985,-13.696,-6.1022,-7.3714,-10.138,-17.825,7.991,-30.454,-20.226,-10.536,25.536,-4.7821,14.251,-5.2947,11.389,-10.249,7.3967,0.80884,10.601,4.4374,0,0.45901,-4.6819,1.3017,-14.121,0.51722,14.453,-2.5719,4.1625,1.444,-5.2103,14.363,9.0311,6.4707,0.56215,-10.447,0.44765,5.6615,1.549,-3.6622,11.269,13.305,-14.491,-10.868,-11.004,-23.433,-0.57273,7.1674,5.2052,-11.681,9.4441,11.602,1.2521,3.7283,-7.7947,-9.9527,15.352,7.1517,-17.748,9.1239,14.248,12.74,0.47337,-0.74683,12.471,-6.6496,-12.831,-10.828,26.28,-4.7664,-1.1595,1.7262,0.25937,-5.4849,-10.975,0.45901,0,-20.616,-11.034,-1.7021,-14.985,0.90416,30.725,3.019,19.461,15.576,1.2998,7.7829,7.4667,-2.2111,14.135,1.1488,4.7033,-24.784,26.286,-8.7919,3.1826,-8.9767,10.969,-12.252,-9.3667,-1.6501,7.068,-27.382,3.7497,-1.1198,-19.372,-3.2012,-9.3655,17.834,19.971,-12.948,3.0597,31.282,-6.3482,-4.4512,-12.169,5.2997,-0.86672,-15.421,-2.0777,28.654,2.9706,-13.341,0.72965,14.99,-5.5188,8.5179,5.5566,19.731,-4.6819,-20.616,0,15.975,4.0731,25.616,-0.53288,-10.603,-11.425,-27.813,-8.1912,0.82747,-7.8544,-7.5053,8.4605,-12.234,-6.9907,-6.9407,18.779,-18.76,4.5389,1.3301,22.703,-3.3528,15.583,14.886,-9.4765,-8.5456,16.088,-0.53332,-10.216,-16.691,10.639,-2.0957,2.8909,8.2956,-13.463,-6.1922,8.275,-13.46,-8.7034,-11.979,1.9333,-1.2035,-17.602,2.6726,22.35,2.2804,-16.197,5.793,10.787,0.96433,12.085,-3.6978,7.557,1.3017,-11.034,15.975,0,7.106,14.752,-5.7939,-9.4588,-0.69246,-15.553,-9.8785,2.536,2.0447,-0.17156,-1.0562,-4.319,0.75465,5.3579,6.7661,-6.6907,-1.9833,-3.3144,7.7253,-14.709,4.0369,2.6869,-15.852,-7.1252,7.4765,-8.4188,-1.9298,1.6899,-1.0474,-7.4858,7.3773,-0.78222,2.8252,-2.9649,2.991,2.1636,5.5938,-1.6255,8.9365,15.666,2.2402,-11.306,3.996,-5.503,-3.2079,5.6382,4.7155,2.3176,-0.61605,-12.395,-4.0997,-14.121,-1.7021,4.0731,7.106,0,0.67922,-9.7469,-1.139,-5.4247,1.9363,-2.1012,-5.3213,-12.124,-12.487,-10.662,10.213,-3.2415,-2.099,-1.915,3.5903,-7.3844,-12.667,6.4739,2.2873,11.557,9.0856,-1.6287,-9.4357,-0.83535,8.5674,-0.25556,-13.373,-3.393,-14.538,8.6096,17.365,-13.593,5.5307,15.146,-15.48,-7.5306,-6.3938,0.60561,-1.7987,-25.447,3.0121,17.75,9.6315,-13.796,3.9125,11.525,3.2997,17.15,5.5698,25.88,0.51722,-14.985,25.616,14.752,0.67922,0,1.5774,-7.9618,-10.961,-16.771,-15.005,10.669,-2.8855,-8.8205,4.0695,-19.439,-12.365,-10.571,23.651,-12.678,2.4097,5.6692,18.34,-3.789,15.137,5.4519,-8.5127,-14.861,12.201,2.2079,-2.321,-6.3366,-12.731,-6.3867,0.023582,13.219,-11.094,5.2823,1.5894,1.2136,-5.4577,16.505,-19.543,-20.333,-6.1834,7.2066,-4.6362,8.6734,1.0304,9.201,-5.0222,0.36844,-3.1384,29.178,11.773,14.453,0.90416,-0.53288,-5.7939,-9.7469,1.5774,0,2.9532,-11.118,1.6763,1.4066,12.229,-4.9464,-2.9034,9.349,-11.759,-11.209,-5.8795,3.4766,-7.9798,23.004,28.706,-4.8545,4.21,-1.2177,-7.1429,0.41889,8.4991,8.4488,-0.23718,16.07,6.6794,-3.4819,-1.4102,-0.4968,-2.8867,13.254,15.998,-8.3492,10.646,19.897,11.848,3.3472,-1.8025,9.1657,-11.79,-6.7372,-12.862,30.245,-6.8387,5.2336,-1.4357,3.7703,-1.8912,-3.8782,-2.5719,30.725,-10.603,-9.4588,-1.139,-7.9618,2.9532,0,-3.8566,12.146,17.459,2.4832,3.9306,4.1769,3.1537,9.8618,-4.2473,-0.25094,-16.464,17.591,-7.3194,7.0255,-1.5313,18.092,-6.3189,-3.7389,-5.671,5.0685,-20.731,7.0782,-6.2453,7.3403,22.277,25.173,-17.675,-21.21,5.6735,-15.029,-13.383,-2.753,-4.3396,-7.2306,0.057033,2.5335,6.4651,7.6471,-5.7056,-1.2903,-0.31329,-4.9488,-9.091,1.6214,-3.9583,-11.185,-17.726,4.1625,3.019,-11.425,-0.69246,-5.4247,-10.961,-11.118,-3.8566,0,3.4135,0.14227,-7.1608,17.783,16.943,-7.71,7.5034,27.848,18.507,-7.9749,7.3118,-7.5519,-11.667,-13.601,-13.082,-16.7,-8.423,4.8749,4.8346,-7.3477,-12.654,2.9076,23.138,-2.9829,0.12156,-11.963,-14.42,12.796,0.43593,-23.886,5.4857,6.3037,19.173,-4.8582,4.77,12.798,-0.77638,-29.958,-1.0612,12.072,3.6461,-12.943,10.471,-6.4558,-5.8258,-14.04,1.444,19.461,-27.813,-15.553,1.9363,-16.771,1.6763,12.146,3.4135,0,4.8603,2.7851,1.1311,-1.4814,-12.585,10.985,-1.1154,-0.4051,-13.733,19.689,-5.0808,-0.48066,-14.068,8.1902,-5.6517,-11.785,10.472,1.9914,-14.39,8.9395,10.189,1.8866,-0.7549,8.5055,3.9256,-2.8477,11.619,7.065,-2.1738,27.348,19.107,3.2587,6.3433,-3.7053,16.852,-14.272,-3.422,-24.227,25.207,-12.847,4.3017,-16.391,-6.4575,0.28169,-7.7271,-5.2103,15.576,-8.1912,-9.8785,-2.1012,-15.005,1.4066,17.459,0.14227,4.8603,0,-10.664,1.1373,10.449,10.325,14.317,5.522,6.7735,-20.041,7.8432,-1.5543,1.7999,-3.1373,12.374,-10.702,3.0922,-4.2285,17.856,-11.742,-1.4873,-1.6465,-2.2211,-4.6124,-13.205,-6.5466,7.6199,-9.4474,5.7633,-3.8392,-15.246,-8.5512,12.099,-14.643,-8.2461,-16.403,10.988,-2.0224,16.085,-3.9905,12.566,-1.5306,17.052,12.564,7.5899,12.788,14.363,1.2998,0.82747,2.536,-5.3213,10.669,12.229,2.4832,-7.1608,2.7851,-10.664,0,3.1024,-5.6634,-2.4044,-14.409,-15.948,-8.0767,7.3419,-0.45783,3.7609,17.055,-0.74202,-0.75761,2.6548,-13.724,-2.9653,-6.9374,2.5741,3.9243,-0.085512,2.0302,19.455,13.314,-16.502,-9.3927,3.054,-2.4282,-12.333,-7.1993,-2.5569,-3.7107,-1.3853,-4.9151,-1.0054,7.3374,-1.3905,-1.019,3.3094,-6.505,-0.39661,3.0943,8.4955,-5.8888,-5.517,9.0311,7.7829,-7.8544,2.0447,-12.124,-2.8855,-4.9464,3.9306,17.783,1.1311,1.1373,3.1024,0,22.09,-1.2544,1.5442,11.488,13.665,-6.7667,9.0593,-8.8806,0.24059,-7.7818,-8.6588,-18.524,-13.351,-5.2384,3.3594,-10.893,-11.559,-0.75601,-1.8602,17.771,26.37,-9.0041,-7.1069,3.1072,-3.9366,-6.9571,2.614,0.62506,-5.6092,0.3892,-8.8155,4.4059,2.7795,-0.0011897,-8.1365,6.6507,-10.795,0.38114,-8.1055,-0.00092108,-2.1896,-7.8106,6.4707,7.4667,-7.5053,-0.17156,-12.487,-8.8205,-2.9034,4.1769,16.943,-1.4814,10.449,-5.6634,22.09,0,6.0612,5.6203,19.985,23.005,-11.88,4.9996,-3.1307,-0.32532,-9.3592,-6.6816,-29.532,-6.738,-6.1744,15.343,-8.2773,-19.754,6.7045,-14.191,-5.198,1.3766,12.286,14.527,-4.6258,10.432,13.877,7.7304,3.6095,-3.121,1.7834,-14.417,-2.0801,-4.3276,9.1445,-5.6338,4.7963,-9.589,10.366,-20.722,0.79296,16.391,11.539,0.56215,-2.2111,8.4605,-1.0562,-10.662,4.0695,9.349,3.1537,-7.71,-12.585,10.325,-2.4044,-1.2544,6.0612,0,-6.6,-1.5901,-0.90182,2.4595,-10.688,10.08,12.188,6.8713,5.2657,-1.8351,7.6082,-8.9357,10.793,5.2963,-5.4673,3.4795,10.444,6.6214,9.156,-1.9556,-15.485,18.299,-2.9279,-9.3383,13.862,15.396,0.14226,10.318,9.8576,21.294,-13.399,-5.834,-20.717,12.75,-6.4109,0.085877,-4.123,-6.6806,-17.466,-24.887,-10.447,14.135,-12.234,-4.319,10.213,-19.439,-11.759,9.8618,7.5034,10.985,14.317,-14.409,1.5442,5.6203,-6.6,0,10.48,10.414,-26.111,18.298,-13.15,-13.481,-5.5154,4.9518,-7.3434,1.6852,0.17546,5.2834,-17.892,1.1284,-6.1554,2.0371,20.999,39.719,-8.0897,-14.119,4.7695,-15.05,-5.9631,3.2752,-1.3473,-11.472,3.7169,1.0564,8.8091,2.3379,-0.95822,-7.328,0.64832,-8.1164,-4.4963,-7.1654,-7.5691,-8.9533,-16.818,0.44765,1.1488,-6.9907,0.75465,-3.2415,-12.365,-11.209,-4.2473,27.848,-1.1154,5.522,-15.948,11.488,19.985,-1.5901,10.48,0,25.008,-9.8104,3.4508,-4.6441,-13.251,-9.9822,-11.34,-16.559,-1.6421,1.4698,10.21,-4.8021,-17.299,-9.6204,-2.8397,25.917,25.417,-10.023,-8.2659,0.17081,-13.754,-7.6531,1.4402,-2.4238,-6.0016,-0.70647,-4.9933,3.6485,3.2233,0.82097,-7.5408,0.93724,-2.4423,-1.8963,-5.261,-3.2905,-6.9805,-12.201,5.6615,4.7033,-6.9407,5.3579,-2.099,-10.571,-5.8795,-0.25094,18.507,-0.4051,6.7735,-8.0767,13.665,23.005,-0.90182,10.414,25.008,0,-13.965,4.9001,-3.1971,-6.4194,-12.443,-12.674,-22.722,-6.6014,-6.0697,13.166,-5.4374,-23.353,-3.1266,-8.1384,-7.1114,-11.618,6.7566,12.662,-13.87,0.86308,14.536,-13.271,-12.625,-5.5977,-2.8918,-0.33723,-17.053,7.8256,9.0467,17.299,-18.541,5.3723,1.6445,3.7789,5.3874,9.0592,19.267,1.549,-24.784,18.779,6.7661,-1.915,23.651,3.4766,-16.464,-7.9749,-13.733,-20.041,7.3419,-6.7667,-11.88,2.4595,-26.111,-9.8104,-13.965,0,-20.133,8.1377,3.6635,11.696,-4.9442,16.814,5.6057,2.3141,-12.547,20.867,2.7223,7.8661,17.812,5.524,3.6381,-9.823,-18.081,20.569,2.9542,-21.124,4.1269,12.758,6.5906,4.838,7.9051,12.496,-6.7037,-11.319,-9.6313,15.811,-4.5879,-1.3314,6.4322,2.4089,-16.528,-16.621,-3.6622,26.286,-18.76,-6.6907,3.5903,-12.678,-7.9798,17.591,7.3118,19.689,7.8432,-0.45783,9.0593,4.9996,-10.688,18.298,3.4508,4.9001,-20.133,0,-19.799,-5.0866,-6.7525,6.5795,-8.1083,-7.6948,0.40395,-0.49798,-38.21,5.7119,-8.923,-10.843,-9.4306,-2.2031,3.093,14.088,-17.172,-2.4987,7.8247,1.1586,-11.084,5.6601,-15.956,-16.22,-6.6163,9.2689,-0.22155,9.9651,-6.4539,9.2592,-6.585,-4.2726,-9.165,29.096,10.813,11.269,-8.7919,4.5389,-1.9833,-7.3844,2.4097,23.004,-7.3194,-7.5519,-5.0808,-1.5543,3.7609,-8.8806,-3.1307,10.08,-13.15,-4.6441,-3.1971,8.1377,-19.799,0,12.923,-3.684,-2.1468,0.81056,-1.1277,3.104,9.3745,20.491,-5.2852,2.7654,-7.6025,-9.9194,-7.7111,0.48895,14.699,-9.0654,11.782,1.8281,-1.4754,-2.7479,13.078,-13.258,-21.654,-9.0779,5.1572,-0.96677,6.4629,3.3258,4.3861,1.2407,0.66818,4.9921,22.931,16.023,13.305,3.1826,1.3301,-3.3144,-12.667,5.6692,28.706,7.0255,-11.667,-0.48066,1.7999,17.055,0.24059,-0.32532,12.188,-13.481,-13.251,-6.4194,3.6635,-5.0866,12.923,0,-0.58851,5.4757,-1.5724,-7.3086,-5.2699,5.2954,4.1516,0.29764,10.304,-7.4172,-6.6745,-12.752,23.227,11.717,-0.92041,12.273,20.803,-1.3924,5.9731,-9.6803,14.877,6.135,-6.227,-11.54,18.382,-3.1962,-2.9842,-6.1905,22.165,-5.158,11.414,0.22647,13.187,-14.491,-8.9767,22.703,7.7253,6.4739,18.34,-4.8545,-1.5313,-13.601,-14.068,-3.1373,-0.74202,-7.7818,-9.3592,6.8713,-5.5154,-9.9822,-12.443,11.696,-6.7525,-3.684,-0.58851,0,6.0917,19.634,20.674,-8.0163,-13.143,4.4009,8.5703,23.332,7.4147,-18.159,-9.0375,9.9488,1.5484,12.794,22.526,1.1241,15.589,22.807,10.162,6.7444,3.6751,10.652,-17.644,-5.639,-9.297,19.48,-7.0621,4.9277,-4.0299,-1.2718,2.4735,0.63918,-10.868,10.969,-3.3528,-14.709,2.2873,-3.789,4.21,18.092,-13.082,8.1902,12.374,-0.75761,-8.6588,-6.6816,5.2657,4.9518,-11.34,-12.674,-4.9442,6.5795,-2.1468,5.4757,6.0917,0,5.498,6.5771,1.6888,0.26185,-8.2727,19.311,3.5477,-1.8797,-13.964,-23.093,15.502,9.5827,-3.216,5.9819,14.247,-3.5533,0.53022,-1.9892,5.6118,10.131,-6.3062,-5.4501,7.1657,5.3059,-8.2186,4.306,6.1098,3.2891,3.9555,1.2875,11.178,-11.004,-12.252,15.583,4.0369,11.557,15.137,-1.2177,-6.3189,-16.7,-5.6517,-10.702,2.6548,-18.524,-29.532,-1.8351,-7.3434,-16.559,-22.722,16.814,-8.1083,0.81056,-1.5724,19.634,5.498,0,13.934,2.139,-19.352,9.5024,16.246,7.5451,-4.8555,-6.2581,-3.9964,30.397,6.2578,2.702,5.1859,21.702,8.361,8.9383,-12.36,19.452,8.8495,3.2043,-16.616,12.757,-9.243,-0.78891,-9.3192,13.05,-14.477,-1.5116,-0.95,3.7886,-23.433,-9.3667,14.886,2.6869,9.0856,5.4519,-7.1429,-3.7389,-8.423,-11.785,3.0922,-13.724,-13.351,-6.738,7.6082,1.6852,-1.6421,-6.6014,5.6057,-7.6948,-1.1277,-7.3086,20.674,6.5771,13.934,0,-2.0862,-4.1857,4.9664,5.4651,-1.3419,16.76,-6.6652,1.207,-5.7353,-10.714,5.7181,-5.7702,-6.4026,2.3477,-2.8855,4.908,-4.3732,7.9458,9.311,5.4497,-18.106,7.7973,-0.65379,2.2968,-22.387,6.1115,-15.59,-0.025667,-8.145,-0.57273,-1.6501,-9.4765,-15.852,-1.6287,-8.5127,0.41889,-5.671,4.8749,10.472,-4.2285,-2.9653,-5.2384,-6.1744,-8.9357,0.17546,1.4698,-6.0697,2.3141,0.40395,3.104,-5.2699,-8.0163,1.6888,2.139,-2.0862,0,-1.171,1.5797,6.7181,-2.8413,-3.3772,2.6901,15.361,-2.9432,-0.71479,-0.1664,-3.0911,-3.1434,13.464,1.639,3.7513,-5.7483,-14.622,8.0016,0.79575,-4.8657,-7.4014,8.8306,-3.6249,-4.6433,-13.343,-12.497,7.7188,-5.4726,7.1674,7.068,-8.5456,-7.1252,-9.4357,-14.861,8.4991,5.0685,4.8346,1.9914,17.856,-6.9374,3.3594,15.343,10.793,5.2834,10.21,13.166,-12.547,-0.49798,9.3745,5.2954,-13.143,0.26185,-19.352,-4.1857,-1.171,0,-1.4202,-13.149,-12.109,-14.923,-5.7521,-5.5655,6.955,16.17,-24.289,-5.8418,16.146,-6.4484,-16.74,-3.8664,-7.9411,-6.3581,-14.045,9.2421,8.5288,13.757,-20.842,10.239,-1.8122,-1.8633,-3.3028,14.424,14.885,5.2052,-27.382,16.088,7.4765,-0.83535,12.201,8.4488,-20.731,-7.3477,-14.39,-11.742,2.5741,-10.893,-8.2773,5.2963,-17.892,-4.8021,-5.4374,20.867,-38.21,20.491,4.1516,4.4009,-8.2727,9.5024,4.9664,1.5797,-1.4202,0,-4.3627,13.652,11.504,-17.999,-18.963,6.8036,-0.26576,9.4111,13.304,0.27153,3.2294,10.73,8.6182,5.4414,12.913,4.388,-10.04,-5.7123,0.1398,5.8124,0.44491,1.4946,6.9854,1.9094,-2.3738,1.6613,-11.681,3.7497,-0.53332,-8.4188,8.5674,2.2079,-0.23718,7.0782,-12.654,8.9395,-1.4873,3.9243,-11.559,-19.754,-5.4673,1.1284,-17.299,-23.353,2.7223,5.7119,-5.2852,0.29764,8.5703,19.311,16.246,5.4651,6.7181,-13.149,-4.3627,0
