0,-5.5232,-12.231,2.1873,-9.8551,-10.313,3.6644,7.1132,-5.4649,3.2421,1.1698,-8.0541,18.458,-5.5069,2.9805,-8.7795,4.7525,-6.3495,9.5072,0.23905,-0.12997,-5.5232,0,10.523,-5.9419,3.7487,5.1631,0.87886,-1.3007,2.6605,0.34295,3.7155,3.8848,-3.7302,-1.152,-9.0696,0.27285,-7.1833,2.6398,-2.4257,-3.2661,-3.973,-12.231,10.523,0,-4.4376,7.579,8.191,-2.0589,-5.0842,5.213,-0.9652,2.1074,8.8088,-9.9732,2.1377,-6.7045,4.1577,-6.1836,5.5343,-5.8078,-2.2751,-2.5485,2.1873,-5.9419,-4.4376,0,-3.0723,-3.1534,-0.97569,4.4445,-5.3745,5.7285,-1.8103,1.2091,1.1881,-1.1776,5.8291,-0.95054,8.8165,1.7485,-1.0811,-0.97417,1.4722,-9.8551,3.7487,7.579,-3.0723,0,16.785,-4.8528,-6.9979,9.584,-6.2971,0.20419,2.4332,-10.317,6.8654,-3.8828,11.667,-5.864,5.6328,-8.1607,4.568,3.2239,-10.313,5.1631,8.191,-3.1534,16.785,0,-5.9613,-7.5768,8.4179,-5.057,1.55,3.3951,-10.152,4.5993,-3.7034,9.3096,-5.6657,5.7377,-9.4419,2.5188,3.2877,3.6644,0.87886,-2.0589,-0.97569,-4.8528,-5.9613,0,5.345,-5.02,1.2853,-3.3411,-2.9689,3.5876,-4.6248,-1.0626,-5.4795,0.30646,-6.0757,6.2411,-0.058062,-5.2376,7.1132,-1.3007,-5.0842,4.4445,-6.9979,-7.5768,5.345,0,-9.26,7.4451,-0.0039288,-3.503,6.5401,-6.3941,0.7304,-6.5235,3.7063,-1.7779,6.0592,-3.8047,-4.0252,-5.4649,2.6605,5.213,-5.3745,9.584,8.4179,-5.02,-9.26,0,-7.7668,1.8821,2.2747,-4.9568,6.5549,-3.1174,6.3754,-5.953,2.6636,-4.5994,4.8346,2.7459,3.2421,0.34295,-0.9652,5.7285,-6.2971,-5.057,1.2853,7.4451,-7.7668,0,3.3811,2.0536,3.4092,-5.5347,0.88216,-6.4317,4.9803,1.0249,1.2056,-9.4142,-4.9859,1.1698,3.7155,2.1074,-1.8103,0.20419,1.55,-3.3411,-0.0039288,1.8821,3.3811,0,1.4247,1.9711,-1.3426,-1.5348,-3.6295,-0.61119,1.6003,0.074094,-2.9556,-0.27345,-8.0541,3.8848,8.8088,1.2091,2.4332,3.3951,-2.9689,-3.503,2.2747,2.0536,1.4247,0,-7.3387,1.0341,-0.96539,2.0745,-0.93544,5.4615,-5.7291,-3.4257,-2.0954,18.458,-3.7302,-9.9732,1.1881,-10.317,-10.152,3.5876,6.5401,-4.9568,3.4092,1.9711,-7.3387,0,-6.1878,1.4347,-10.242,3.5884,-6.5963,9.9134,-0.78406,-0.98934,-5.5069,-1.152,2.1377,-1.1776,6.8654,4.5993,-4.6248,-6.3941,6.5549,-5.5347,-1.3426,1.0341,-6.1878,0,1.5814,8.8362,-1.8422,2.6485,-3.7723,5.8532,3.2311,2.9805,-9.0696,-6.7045,5.8291,-3.8828,-3.7034,-1.0626,0.7304,-3.1174,0.88216,-1.5348,-0.96539,1.4347,1.5814,0,-1.1608,6.6724,-2.8362,1.3343,1.8387,2.7193,-8.7795,0.27285,4.1577,-0.95054,11.667,9.3096,-5.4795,-6.5235,6.3754,-6.4317,-3.6295,2.0745,-10.242,8.8362,-1.1608,0,-3.6439,6.027,-7.2463,4.6534,4.0179,4.7525,-7.1833,-6.1836,8.8165,-5.864,-5.6657,0.30646,3.7063,-5.953,4.9803,-0.61119,-0.93544,3.5884,-1.8422,6.6724,-3.6439,0,-0.86036,1.1755,-1.642,2.0364,-6.3495,2.6398,5.5343,1.7485,5.6328,5.7377,-6.0757,-1.7779,2.6636,1.0249,1.6003,5.4615,-6.5963,2.6485,-2.8362,6.027,-0.86036,0,-9.022,-1.5601,1.1177,9.5072,-2.4257,-5.8078,-1.0811,-8.1607,-9.4419,6.2411,6.0592,-4.5994,1.2056,0.074094,-5.7291,9.9134,-3.7723,1.3343,-7.2463,1.1755,-9.022,0,0.82758,-3.3402,0.23905,-3.2661,-2.2751,-0.97417,4.568,2.5188,-0.058062,-3.8047,4.8346,-9.4142,-2.9556,-3.4257,-0.78406,5.8532,1.8387,4.6534,-1.642,-1.5601,0.82758,0,4.7653,-0.12997,-3.973,-2.5485,1.4722,3.2239,3.2877,-5.2376,-4.0252,2.7459,-4.9859,-0.27345,-2.0954,-0.98934,3.2311,2.7193,4.0179,2.0364,1.1177,-3.3402,4.7653,0
