0,4.8386,0.16249,-1.9003,-3.9887,9.8533,1.133,6.3825,3.9877,2.0641,16.073,-9.9644,-4.9458,8.3222,-1.5253,-3.9945,2.3915,9.1527,-15.865,-3.3563,0.54449,14.474,16.378,-10.33,-7.3712,11.198,4.73,18.093,-0.21297,6.5905,7.3865,2.7168,11.769,14.47,-1.9571,8.9816,-3.3159,0.13582,-11.652,26.23,-4.5713,2.3888,21.617,4.2572,-6.283,9.6539,-7.8609,6.8082,-1.3234,0.32862,-4.9667,-9.5614,8.0015,-2.8392,-3.2214,4.8386,0,-8.1948,-2.6816,-3.7298,1.5895,-5.3345,-18.155,-8.2274,0.51957,-8.9009,3.2991,-11.115,-21.098,16.657,-12.256,15.546,1.5437,2.2889,-17.671,-20.595,24.238,10.459,-5.6452,-2.2578,9.8268,-11.122,-4.5847,13.269,19.095,6.0695,-7.6788,-6.0497,18.517,9.6294,10.942,13.296,-2.6982,-5.6841,4.6535,10.771,-6.327,7.8246,10.737,2.9145,6.9964,-1.5492,13.023,-13.049,2.5288,-21.265,0.13205,-12.826,-3.9616,16.42,0.16249,-8.1948,0,12.43,30.105,2.7867,12.766,0.42837,19.869,3.2807,13.435,-8.1932,0.12237,9.0151,-3.7425,12.006,-1.7468,6.2335,0.20838,7.4075,14.793,-5.1284,1.7487,-2.3924,-11.385,-4.1006,29.024,0.64281,-11.54,-9.7311,-7.2787,16.031,-0.7464,-10.919,3.2446,0.36354,-12.104,19.027,9.4159,-3.4469,-1.2032,1.7121,-5.3919,-9.8567,-2.9971,-15.793,0.069946,-3.805,11.796,-10.855,5.4598,8.8095,3.3322,-2.399,-16.306,-1.9003,-2.6816,12.43,0,9.1548,12.891,-5.6526,-5.1197,7.7822,-6.1511,6.5326,-3.871,-0.42816,1.3775,-7.042,-0.32587,3.1555,18.177,-7.0351,2.6524,14.322,-1.949,-9.6992,-1.3881,-2.7093,9.4929,6.2893,0.91149,1.0452,3.4936,0.023597,24.245,-13.969,-3.0761,-5.7533,-11.227,-20.088,10.37,8.3797,-11.299,-0.71497,17.242,-11.199,6.7242,-8.5078,-0.23801,-4.9615,4.3506,1.3338,0.2546,7.7238,10.622,-7.382,-18.854,-10.865,-3.9887,-3.7298,30.105,9.1548,0,-0.4159,14.636,-5.3668,16.933,6.5878,5.5145,-3.1104,1.2341,2.0146,3.7141,9.589,-2.0028,3.0895,5.8577,4.3924,7.7808,-5.345,2.7759,-3.6296,-13.278,-8.0839,20.858,-5.1031,-7.2946,-9.8947,-7.3193,8.2334,-3.7727,-10.133,11.259,2.6593,-5.2495,20.822,7.9049,-5.9186,6.0981,-2.7465,-5.0917,-11.329,-1.4075,-18.968,1.5257,-2.8517,11.052,-9.861,-0.44662,7.975,-0.3508,1.3147,-8.4252,9.8533,1.5895,2.7867,12.891,-0.4159,0,-12.035,2.7768,10.989,-11.453,7.6531,-14.257,5.9206,4.2727,-6.9006,-0.41904,-1.9894,39.598,-27.406,6.6258,10.721,5.0794,-2.171,-17.435,-10.989,11.86,2.8201,18.023,-0.85293,4.1729,-0.78035,7.6806,-7.2808,12.245,-6.3503,-9.7189,-15.7,10.985,-9.1914,-0.18231,-4.4267,11.114,2.6731,5.6868,-5.421,7.6369,-28.889,1.088,5.6351,-2.0669,3.505,-0.95947,-6.287,-7.8373,-1.3729,1.133,-5.3345,12.766,-5.6526,14.636,-12.035,0,1.6606,7.0607,19.765,7.4,1.6156,-1.8952,6.4459,5.7982,6.7957,-3.8812,-9.0069,10.045,-0.26197,0.55421,-4.6253,11.814,1.886,-5.8166,-13.321,17.183,-4.6332,-7.0245,-11.725,-1.3269,0.30243,12.997,-10.867,12.138,14.424,3.3134,4.3603,4.134,6.4983,4.3492,-8.9868,4.3941,-15.003,-1.2947,-13.767,10.596,-2.1646,6.2348,-5.0099,-4.2475,-2.0521,14.318,9.6823,-8.3048,6.3825,-18.155,0.42837,-5.1197,-5.3668,2.7768,1.6606,0,6.1847,-3.7047,11.383,-10.493,9.334,27.146,-17.525,10.167,-13.366,0.09596,-10.521,15.965,12.037,-7.5801,-1.6737,-0.78529,-0.23958,-4.5326,6.1776,17.782,-14.51,-11.853,-4.7028,1.2778,14.197,-3.1417,-12.4,-5.5874,-8.4842,-0.86113,-4.8511,6.6191,-18.894,2.5297,3.3217,-8.4837,0.2113,0.12344,-5.1282,-12.908,11.008,-3.9745,14.047,-7.0041,15.959,6.789,-7.8987,3.9877,-8.2274,19.869,7.7822,16.933,10.989,7.0607,6.1847,0,-0.046217,12.257,-14.644,11.248,11.876,-3.8187,13.396,-11.314,12.137,-7.7244,15.859,17.565,-5.5447,2.1417,-15.025,-24.603,-6.0073,24.372,10.111,-13.56,-13.862,-9.6038,7.0276,-0.30088,-2.417,3.5489,-3.4953,-13.692,31.091,-3.3873,-1.0652,-1.7498,0.98863,1.0132,-13.141,-2.7071,-9.6163,-12.217,-8.5997,26.573,-12.161,4.3215,0.15279,2.7441,4.4233,-8.2987,2.0641,0.51957,3.2807,-6.1511,6.5878,-11.453,19.765,-3.7047,-0.046217,0,3.3398,12.792,-2.2549,0.26556,13.744,-6.6412,-3.3976,-7.8249,8.7957,-10.101,-5.0632,-2.4683,10.784,1.7034,-1.2117,-6.4222,7.5089,-7.6983,6.4012,-2.1954,11.57,-2.7418,11.273,-4.4181,14.66,15.583,6.2429,-2.1802,-0.99102,8.3314,14.756,-3.0653,9.5822,-2.8238,-10.568,-1.0001,12.022,8.8619,-2.1731,8.0821,-13.058,-10.694,12.47,6.3369,-4.7133,16.073,-8.9009,13.435,6.5326,5.5145,7.6531,7.4,11.383,12.257,3.3398,0,-10.827,-1.3448,23.348,-10.371,3.711,-2.8887,9.5783,-12.892,4.4347,15.185,0.26654,5.8109,-3.5242,-6.2619,4.8216,19.324,14.372,-7.6265,-2.9597,2.875,16.291,11.299,-1.7602,-6.0479,1.8943,-16.267,5.5881,-0.011923,10.438,-8.7004,8.8614,5.9044,-1.7622,-10.747,0.419,-3.1938,1.3898,5.7193,-2.0975,6.0801,-3.027,14.998,-4.9038,-22.539,-9.9644,3.2991,-8.1932,-3.871,-3.1104,-14.257,1.6156,-10.493,-14.644,12.792,-10.827,0,-2.5856,-11.119,11.819,-15.367,0.9908,-11.423,13.54,-14.84,-10.673,-4.5399,-3.4833,11.097,13.138,-2.2037,-8.3212,-19.698,18.925,5.0399,13.827,-5.6298,-0.7291,-4.606,6.096,3.3091,9.8295,-12.53,3.3965,-3.3811,15.929,1.3367,-1.4265,7.0225,-6.8245,4.9385,16.085,11.12,-12.682,19.66,-8.6138,-4.8749,0.46114,0.27178,2.7068,-4.9458,-11.115,0.12237,-0.42816,1.2341,5.9206,-1.8952,9.334,11.248,-2.2549,-1.3448,-2.5856,0,6.3279,-3.0602,6.4787,-32.218,3.9687,-5.3879,17.803,10.229,-15.985,-8.5674,-9.4548,-7.2423,-11.606,3.9969,6.5944,-5.3047,-15.359,-6.4119,-4.7619,-1.8861,-1.985,0.18136,-13.415,-6.584,8.6133,-9.8574,-6.3576,0.35085,2.0131,-0.7442,-9.6165,-1.7708,-1.5291,-11.6,-12.219,19.261,-1.3538,5.4053,-8.1568,1.2621,12.394,0.88026,8.3222,-21.098,9.0151,1.3775,2.0146,4.2727,6.4459,27.146,11.876,0.26556,23.348,-11.119,6.3279,0,-17.305,10.051,-11.391,3.9143,-11.046,13.789,19.672,-7.9819,-0.047098,-1.0662,-3.252,-2.7502,15.794,16.112,-14.635,-11.831,-2.6548,9.3888,13.854,-6.4063,-10.048,-3.7644,-15.411,3.7009,-0.79361,6.519,-14.98,6.3548,2.4883,-8.1621,-5.3519,-2.2036,-3.4676,-8.1017,12.07,-4.0183,13.869,-4.5731,19.681,2.224,-18.724,-1.5253,16.657,-3.7425,-7.042,3.7141,-6.9006,5.7982,-17.525,-3.8187,13.744,-10.371,11.819,-3.0602,-17.305,0,-9.3161,3.1474,-5.5037,11.57,-14.395,-18.4,6.1654,10.973,-4.6038,-4.5823,-3.5757,-3.4548,-12.171,12.107,4.6022,6.1318,-12.757,-1.8533,5.876,29.833,14.575,17.656,0.028123,-5.412,2.7055,29.692,-10.776,8.2797,0.75934,-0.48166,0.11438,4.3778,9.2811,-5.3171,4.2217,-34.408,-5.282,-4.849,6.3929,12.071,-3.9945,-12.256,12.006,-0.32587,9.589,-0.41904,6.7957,10.167,13.396,-6.6412,3.711,-15.367,6.4787,10.051,-9.3161,0,-6.3011,-1.7159,1.4404,23.067,10.363,-7.8076,-1.5043,-1.4091,-7.895,-13.385,10.941,4.3401,-41.211,-21.545,-31.309,1.9197,1.1353,-9.8402,-1.4292,-4.0274,-4.5892,12.04,4.9882,-4.6114,-11.695,-8.1589,-7.3153,-24.676,13.264,-22.812,-3.3001,-29.68,20.698,-28.047,12.645,9.0856,2.0393,8.4488,-3.719,2.3915,15.546,-1.7468,3.1555,-2.0028,-1.9894,-3.8812,-13.366,-11.314,-3.3976,-2.8887,0.9908,-32.218,-11.391,3.1474,-6.3011,0,-0.76317,4.1721,-15.326,-10.8,18.804,4.9176,6.5665,5.9936,14.257,-7.9349,-6.7337,6.212,19.183,3.3714,3.8593,-4.9309,4.9708,-0.71693,8.0725,6.2814,-6.0816,8.9582,1.5718,-0.025809,-1.8262,-2.2505,12.024,4.7269,2.0202,6.4169,10.773,-18.786,-0.25528,-4.9269,12.274,-8.9116,-15.05,3.5229,9.1527,1.5437,6.2335,18.177,3.0895,39.598,-9.0069,0.09596,12.137,-7.8249,9.5783,-11.423,3.9687,3.9143,-5.5037,-1.7159,-0.76317,0,-22.285,4.3932,11.986,4.4975,-1.9251,-15.288,-11.203,12.807,5.4445,13.611,0.67116,4.8775,1.175,11.74,-8.0974,9.3712,-4.6591,-8.332,-18.262,12.621,-5.9622,-1.0543,-1.882,13.698,1.5988,6.6827,-8.8624,6.5523,-20.556,3.9885,4.601,-0.72983,2.6079,0.27599,-5.837,-10.767,-4.4889,-15.865,2.2889,0.20838,-7.0351,5.8577,-27.406,10.045,-10.521,-7.7244,8.7957,-12.892,13.54,-5.3879,-11.046,11.57,1.4404,4.1721,-22.285,0,-6.467,-11.449,-4.1119,0.84132,12.114,5.9544,-12.377,-2.77,-30.087,1.6722,-3.5616,-2.78,-7.2799,-1.2086,-11.324,11.922,7.9818,16.164,-4.0213,11.213,-6.0283,9.518,-13.358,-6.7171,-6.043,7.8812,-12.145,20.526,-1.111,-4.0942,-1.1003,-5.7728,6.327,-1.8455,6.3493,4.691,-3.3563,-17.671,7.4075,2.6524,4.3924,6.6258,-0.26197,15.965,15.859,-10.101,4.4347,-14.84,17.803,13.789,-14.395,23.067,-15.326,4.3932,-6.467,0,18.449,-12.871,-8.1833,-5.2629,-7.508,-10.028,8.7658,10.609,-22.468,-20.785,-19.482,2.5185,-0.84354,-6.4736,-6.4921,-14.217,-11.724,12.103,-1.0034,-6.6629,-12.448,0.23061,-6.5378,-15.662,5.6927,-9.6982,-10.837,-27.33,27.462,-13.729,17.72,2.6677,1.9389,7.4149,-4.3844,0.54449,-20.595,14.793,14.322,7.7808,10.721,0.55421,12.037,17.565,-5.0632,15.185,-10.673,10.229,19.672,-18.4,10.363,-10.8,11.986,-11.449,18.449,0,-12.273,-9.3527,-2.7485,-5.2395,-1.0659,15.71,10.664,-11.614,-10.793,-5.7984,17.349,-0.68232,-8.6095,-10.193,-14.543,-35.053,11.812,3.3447,-5.5503,-10.07,13.137,-6.9564,-5.3231,-6.764,-4.2085,-7.5449,-7.8589,15.05,-4.5203,19.362,2.6223,5.3148,-3.5071,-19.042,14.474,24.238,-5.1284,-1.949,-5.345,5.0794,-4.6253,-7.5801,-5.5447,-2.4683,0.26654,-4.5399,-15.985,-7.9819,6.1654,-7.8076,18.804,4.4975,-4.1119,-12.871,-12.273,0,14.781,-5.696,-2.8705,15.841,-6.5629,3.3783,5.989,19.268,5.0149,-2.0402,-0.13585,20.652,2.3932,12.107,7.0197,-2.9515,-5.2486,11.77,0.79157,-4.0917,10.746,10.355,3.0012,7.7852,-3.5655,10.837,-11.553,-0.98296,-11.857,0.81557,-6.2658,-7.1956,8.3916,16.378,10.459,1.7487,-9.6992,2.7759,-2.171,11.814,-1.6737,2.1417,10.784,5.8109,-3.4833,-8.5674,-0.047098,10.973,-1.5043,4.9176,-1.9251,0.84132,-8.1833,-9.3527,14.781,0,-7.6363,-9.7682,0.62667,5.1155,3.0237,-0.42018,2.7653,3.5203,-5.3198,12.036,8.9839,12.335,30.451,9.1479,1.1528,-7.5083,22.685,4.2977,-11.691,21.363,-3.0836,0.82092,-0.55896,0.72987,5.3198,-1.5007,-3.9541,-16.313,-6.4311,6.0674,5.2868,2.7952,-10.33,-5.6452,-2.3924,-1.3881,-3.6296,-17.435,1.886,-0.78529,-15.025,1.7034,-3.5242,11.097,-9.4548,-1.0662,-4.6038,-1.4091,6.5665,-15.288,12.114,-5.2629,-2.7485,-5.696,-7.6363,0,27.106,-0.95993,-5.3861,-12.907,1.788,1.363,2.6854,3.5274,2.4257,-15.039,-7.2058,-0.28288,3.4557,-15.575,19.986,-4.6668,-3.8621,1.7418,-11.728,3.0577,1.8073,-2.3221,24.943,1.1727,-10.866,5.5058,6.96,7.4176,3.9718,-5.0937,-5.423,-7.3712,-2.2578,-11.385,-2.7093,-13.278,-10.989,-5.8166,-0.23958,-24.603,-1.2117,-6.2619,13.138,-7.2423,-3.252,-4.5823,-7.895,5.9936,-11.203,5.9544,-7.508,-5.2395,-2.8705,-9.7682,27.106,0,3.9567,-13.78,-8.5088,7.6673,6.8906,7.5319,0.23852,1.3083,-6.0178,-11.034,-3.0727,4.0361,-26.614,9.5541,-3.0311,-3.6313,5.2482,-7.5288,10.075,-0.32929,6.6079,14.854,4.3788,-16.447,12.333,5.19,2.0451,1.8023,-6.5574,-0.86824,11.198,9.8268,-4.1006,9.4929,-8.0839,11.86,-13.321,-4.5326,-6.0073,-6.4222,4.8216,-2.2037,-11.606,-2.7502,-3.5757,-13.385,14.257,12.807,-12.377,-10.028,-1.0659,15.841,0.62667,-0.95993,3.9567,0,-6.4549,5.7019,10.333,26.858,11.449,9.2205,-4.009,12.767,-9.3466,-0.72517,-5.3508,-5.0125,-0.89147,4.4938,-2.9183,12.931,2.848,27.27,-7.1968,17.26,-4.439,16.219,-14.441,7.6783,-1.2103,1.5265,-5.2999,-25.068,-1.3028,4.73,-11.122,29.024,6.2893,20.858,2.8201,17.183,6.1776,24.372,7.5089,19.324,-8.3212,3.9969,15.794,-3.4548,10.941,-7.9349,5.4445,-2.77,8.7658,15.71,-6.5629,5.1155,-5.3861,-13.78,-6.4549,0,5.3055,-12.193,-13.405,-4.313,11.165,6.2785,-8.7051,3.8401,2.3048,-11.858,16.365,2.5543,2.5581,-1.3673,1.4691,1.3976,-12.754,-6.2651,-11.399,-1.4593,-4.3428,15.63,-8.1446,3.8423,0.15237,10.8,2.7045,-17.882,18.093,-4.5847,0.64281,0.91149,-5.1031,18.023,-4.6332,17.782,10.111,-7.6983,14.372,-19.698,6.5944,16.112,-12.171,4.3401,-6.7337,13.611,-30.087,10.609,10.664,3.3783,3.0237,-12.907,-8.5088,5.7019,5.3055,0,-8.2202,-1.8588,-1.8213,3.4504,6.6105,9.5099,-9.8125,-4.4474,-11.77,4.7347,-12.883,9.9401,-13.565,5.5332,9.402,-0.96425,-2.6479,6.5014,-19.257,-4.6521,8.6541,-4.286,6.3299,-7.3657,5.884,0.20638,-3.8762,-0.21297,13.269,-11.54,1.0452,-7.2946,-0.85293,-7.0245,-14.51,-13.56,6.4012,-7.6265,18.925,-5.3047,-14.635,12.107,-41.211,6.212,0.67116,1.6722,-22.468,-11.614,5.989,-0.42018,1.788,7.6673,10.333,-12.193,-8.2202,0,19.211,23.321,-3.1692,-4.7257,8.0336,3.7794,2.8932,6.0749,-10.149,-3.4509,0.61637,15.768,6.5293,4.2161,21.61,-10.998,17.286,4.0178,25.502,-19.342,25.21,-13.613,-6.642,-5.3118,-7.4385,5.7974,6.5905,19.095,-9.7311,3.4936,-9.8947,4.1729,-11.725,-11.853,-13.862,-2.1954,-2.9597,5.0399,-15.359,-11.831,4.6022,-21.545,19.183,4.8775,-3.5616,-20.785,-10.793,19.268,2.7653,1.363,6.8906,26.858,-13.405,-1.8588,19.211,0,14.803,1.6072,-4.9312,14.179,-2.5757,4.086,3.7876,-9.8063,-1.1488,4.2027,3.8542,6.0103,3.9839,32.512,-4.5015,17.469,0.60233,22.641,-26.068,11.175,-8.6452,0.4656,-8.2188,-16.976,5.3912,7.3865,6.0695,-7.2787,0.023597,-7.3193,-0.78035,-1.3269,-4.7028,-9.6038,11.57,2.875,13.827,-6.4119,-2.6548,6.1318,-31.309,3.3714,1.175,-2.78,-19.482,-5.7984,5.0149,3.5203,2.6854,7.5319,11.449,-4.313,-1.8213,23.321,14.803,0,1.4373,5.1742,5.8144,0.16702,5.9178,1.368,-11.992,-4.0653,8.88,8.7738,10.367,9.7743,18.079,-20.28,20.147,5.509,28.294,-16.252,29.915,-9.8173,-12.392,5.4854,-7.5608,-2.8669,2.7168,-7.6788,16.031,24.245,8.2334,7.6806,0.30243,1.2778,7.0276,-2.7418,16.291,-5.6298,-4.7619,9.3888,-12.757,1.9197,3.8593,11.74,-7.2799,2.5185,17.349,-2.0402,-5.3198,3.5274,0.23852,9.2205,11.165,3.4504,-3.1692,1.6072,1.4373,0,-2.6947,-7.0703,-9.9497,-5.9907,-22.544,5.757,12.14,-3.6462,-6.8251,17.005,-8.173,4.4739,-9.5662,-1.3277,0.19669,3.7411,0.55396,-0.38083,11.569,9.2367,2.1842,-18.776,-23.776,11.769,-6.0497,-0.7464,-13.969,-3.7727,-7.2808,12.997,14.197,-0.30088,11.273,11.299,-0.7291,-1.8861,13.854,-1.8533,1.1353,-4.9309,-8.0974,-1.2086,-0.84354,-0.68232,-0.13585,12.036,2.4257,1.3083,-4.009,6.2785,6.6105,-4.7257,-4.9312,5.1742,-2.6947,0,-1.5873,-0.70111,11.567,2.6799,-7.2797,-4.4673,22.232,-5.1989,-3.5836,14.103,-5.7233,-3.1709,1.3498,5.8309,-0.69879,0.85278,1.5229,-1.1657,-12.781,31.96,8.1791,-6.6432,14.47,18.517,-10.919,-3.0761,-10.133,12.245,-10.867,-3.1417,-2.417,-4.4181,-1.7602,-4.606,-1.985,-6.4063,5.876,-9.8402,4.9708,9.3712,-11.324,-6.4736,-8.6095,20.652,8.9839,-15.039,-6.0178,12.767,-8.7051,9.5099,8.0336,14.179,5.8144,-7.0703,-1.5873,0,1.6843,4.0676,4.1693,-1.0988,-19.293,10.07,2.4257,-0.84801,15.415,10.093,-0.28803,15.252,-13.831,7.8435,-5.385,2.5013,-11.623,-7.794,-6.9387,-2.0023,13.015,-1.9571,9.6294,3.2446,-5.7533,11.259,-6.3503,12.138,-12.4,3.5489,14.66,-6.0479,6.096,0.18136,-10.048,29.833,-1.4292,-0.71693,-4.6591,11.922,-6.4921,-10.193,2.3932,12.335,-7.2058,-11.034,-9.3466,3.8401,-9.8125,3.7794,-2.5757,0.16702,-9.9497,-0.70111,1.6843,0,14.08,12.398,6.8786,-4.0695,1.7215,22.702,-14.003,6.8407,-6.842,1.0774,-7.0287,2.8645,3.1013,2.2669,-2.175,-21.589,-3.3282,-2.5201,10.54,7.6282,8.9816,10.942,0.36354,-11.227,2.6593,-9.7189,14.424,-5.5874,-3.4953,15.583,1.8943,3.3091,-13.415,-3.7644,14.575,-4.0274,8.0725,-8.332,7.9818,-14.217,-14.543,12.107,30.451,-0.28288,-3.0727,-0.72517,2.3048,-4.4474,2.8932,4.086,5.9178,-5.9907,11.567,4.0676,14.08,0,14.606,-3.5976,-1.8426,17.014,7.3549,-12.889,14.398,-1.6168,1.0374,-1.6692,8.8989,7.916,-6.5323,-0.59452,-18.317,-4.2093,6.1093,4.3112,2.7548,-3.3159,13.296,-12.104,-20.088,-5.2495,-15.7,3.3134,-8.4842,-13.692,6.2429,-16.267,9.8295,-6.584,-15.411,17.656,-4.5892,6.2814,-18.262,16.164,-11.724,-35.053,7.0197,9.1479,3.4557,4.0361,-5.3508,-11.858,-11.77,6.0749,3.7876,1.368,-22.544,2.6799,4.1693,12.398,14.606,0,-9.7341,-2.5425,4.4632,8.97,-20.307,5.6384,-0.99551,10.403,-0.86393,9.0523,2.1352,-8.7709,0.97714,-15.908,-2.4574,-2.9195,9.4247,18.48,0.13582,-2.6982,19.027,10.37,20.822,10.985,4.3603,-0.86113,31.091,-2.1802,5.5881,-12.53,8.6133,3.7009,0.028123,12.04,-6.0816,12.621,-4.0213,12.103,11.812,-2.9515,1.1528,-15.575,-26.614,-5.0125,16.365,4.7347,-10.149,-9.8063,-11.992,5.757,-7.2797,-1.0988,6.8786,-3.5976,-9.7341,0,-1.3298,-5.7235,1.8716,-1.1658,-2.2626,-10.739,0.47458,-11.717,-12.216,-7.1701,19.946,-14.191,1.6191,5.0091,-4.7014,2.4676,-3.3349,-11.652,-5.6841,9.4159,8.3797,7.9049,-9.1914,4.134,-4.8511,-3.3873,-0.99102,-0.011923,3.3965,-9.8574,-0.79361,-5.412,4.9882,8.9582,-5.9622,11.213,-1.0034,3.3447,-5.2486,-7.5083,19.986,9.5541,-0.89147,2.5543,-12.883,-3.4509,-1.1488,-4.0653,12.14,-4.4673,-19.293,-4.0695,-1.8426,-2.5425,-1.3298,0,-10.826,-3.4369,1.923,-20.821,-0.49973,3.0071,-11.161,15.467,-0.93579,-4.0193,-2.8962,9.2407,21.272,-1.3454,-9.1661,-9.5141,26.23,4.6535,-3.4469,-11.299,-5.9186,-0.18231,6.4983,6.6191,-1.0652,8.3314,10.438,-3.3811,-6.3576,6.519,2.7055,-4.6114,1.5718,-1.0543,-6.0283,-6.6629,-5.5503,11.77,22.685,-4.6668,-3.0311,4.4938,2.5581,9.9401,0.61637,4.2027,8.88,-3.6462,22.232,10.07,1.7215,17.014,4.4632,-5.7235,-10.826,0,-2.0586,-3.5938,28.613,1.1157,-3.7251,7.5071,-0.23186,6.0386,-3.5611,2.0714,-8.6607,-13.67,13.699,3.251,-0.84923,-4.5713,10.771,-1.2032,-0.71497,6.0981,-4.4267,4.3492,-18.894,-1.7498,14.756,-8.7004,15.929,0.35085,-14.98,29.692,-11.695,-0.025809,-1.882,9.518,-12.448,-10.07,0.79157,4.2977,-3.8621,-3.6313,-2.9183,-1.3673,-13.565,15.768,3.8542,8.7738,-6.8251,-5.1989,2.4257,22.702,7.3549,8.97,1.8716,-3.4369,-2.0586,0,-3.0633,4.1896,2.8055,-6.6614,1.3224,4.0307,11.513,-4.206,8.6417,-21.566,-5.3724,-5.0456,3.0991,6.5237,2.3888,-6.327,1.7121,17.242,-2.7465,11.114,-8.9868,2.5297,0.98863,-3.0653,8.8614,1.3367,2.0131,6.3548,-10.776,-8.1589,-1.8262,13.698,-13.358,0.23061,13.137,-4.0917,-11.691,1.7418,5.2482,12.931,1.4691,5.5332,6.5293,6.0103,10.367,17.005,-3.5836,-0.84801,-14.003,-12.889,-20.307,-1.1658,1.923,-3.5938,-3.0633,0,-4.0177,13.497,-19.396,11.953,-3.4901,8.2636,-3.1849,12.456,8.6486,-1.6016,1.5358,-16.592,-13.079,21.617,7.8246,-5.3919,-11.199,-5.0917,2.6731,4.3941,3.3217,1.0132,9.5822,5.9044,-1.4265,-0.7442,2.4883,8.2797,-7.3153,-2.2505,1.5988,-6.7171,-6.5378,-6.9564,10.746,21.363,-11.728,-7.5288,2.848,1.3976,9.402,4.2161,3.9839,9.7743,-8.173,14.103,15.415,6.8407,14.398,5.6384,-2.2626,-20.821,28.613,4.1896,-4.0177,0,1.2021,-5.4975,9.605,-4.7367,6.9961,-1.3263,3.8861,-14.929,-21.046,8.5836,6.5053,3.7871,4.2572,10.737,-9.8567,6.7242,-11.329,5.6868,-15.003,-8.4837,-13.141,-2.8238,-1.7622,7.0225,-9.6165,-8.1621,0.75934,-24.676,12.024,6.6827,-6.043,-15.662,-5.3231,10.355,-3.0836,3.0577,10.075,27.27,-12.754,-0.96425,21.61,32.512,18.079,4.4739,-5.7233,10.093,-6.842,-1.6168,-0.99551,-10.739,-0.49973,1.1157,2.8055,13.497,1.2021,0,-9.3235,22.796,0.20051,22.007,-22.536,17.323,-3.9403,-1.0455,-6.3708,-20.16,1.6344,-6.283,2.9145,-2.9971,-8.5078,-1.4075,-5.421,-1.2947,0.2113,-2.7071,-10.568,-10.747,-6.8245,-1.7708,-5.3519,-0.48166,13.264,4.7269,-8.8624,7.8812,5.6927,-6.764,3.0012,0.82092,1.8073,-0.32929,-7.1968,-6.2651,-2.6479,-10.998,-4.5015,-20.28,-9.5662,-3.1709,-0.28803,1.0774,1.0374,10.403,0.47458,3.0071,-3.7251,-6.6614,-19.396,-5.4975,-9.3235,0,-11.43,-0.12342,-15.062,2.9677,-17.718,2.4507,10.837,-7.8295,7.298,12.536,9.6539,6.9964,-15.793,-0.23801,-18.968,7.6369,-13.767,0.12344,-9.6163,-1.0001,0.419,4.9385,-1.5291,-2.2036,0.11438,-22.812,2.0202,6.5523,-12.145,-9.6982,-4.2085,7.7852,-0.55896,-2.3221,6.6079,17.26,-11.399,6.5014,17.286,17.469,20.147,-1.3277,1.3498,15.252,-7.0287,-1.6692,-0.86393,-11.717,-11.161,7.5071,1.3224,11.953,9.605,22.796,-11.43,0,-4.7178,14.868,-12.677,19.845,-4.7129,-12.585,0.060063,-7.7986,3.0537,-7.8609,-1.5492,0.069946,-4.9615,1.5257,-28.889,10.596,-5.1282,-12.217,12.022,-3.1938,16.085,-11.6,-3.4676,4.3778,-3.3001,6.4169,-20.556,20.526,-10.837,-7.5449,-3.5655,0.72987,24.943,14.854,-4.439,-1.4593,-19.257,4.0178,0.60233,5.509,0.19669,5.8309,-13.831,2.8645,8.8989,9.0523,-12.216,15.467,-0.23186,4.0307,-3.4901,-4.7367,0.20051,-0.12342,-4.7178,0,4.7734,-10.635,5.7962,-1.9745,3.5065,6.5113,-0.64139,-4.3182,6.8082,13.023,-3.805,4.3506,-2.8517,1.088,-2.1646,-12.908,-8.5997,8.8619,1.3898,11.12,-12.219,-8.1017,9.2811,-29.68,10.773,3.9885,-1.111,-27.33,-7.8589,10.837,5.3198,1.1727,4.3788,16.219,-4.3428,-4.6521,25.502,22.641,28.294,3.7411,-0.69879,7.8435,3.1013,7.916,2.1352,-7.1701,-0.93579,6.0386,11.513,8.2636,6.9961,22.007,-15.062,14.868,4.7734,0,-19.762,18.19,-13.151,-4.6594,-1.1803,-12.966,-0.95229,-1.3234,-13.049,11.796,1.3338,11.052,5.6351,6.2348,11.008,26.573,-2.1731,5.7193,-12.682,19.261,12.07,-5.3171,20.698,-18.786,4.601,-4.0942,27.462,15.05,-11.553,-1.5007,-10.866,-16.447,-14.441,15.63,8.6541,-19.342,-26.068,-16.252,0.55396,0.85278,-5.385,2.2669,-6.5323,-8.7709,19.946,-4.0193,-3.5611,-4.206,-3.1849,-1.3263,-22.536,2.9677,-12.677,-10.635,-19.762,0,-14.421,7.5812,-0.74124,3.4618,12.28,-4.0623,0.32862,2.5288,-10.855,0.2546,-9.861,-2.0669,-5.0099,-3.9745,-12.161,8.0821,-2.0975,19.66,-1.3538,-4.0183,4.2217,-28.047,-0.25528,-0.72983,-1.1003,-13.729,-4.5203,-0.98296,-3.9541,5.5058,12.333,7.6783,-8.1446,-4.286,25.21,11.175,29.915,-0.38083,1.5229,2.5013,-2.175,-0.59452,0.97714,-14.191,-2.8962,2.0714,8.6417,12.456,3.8861,17.323,-17.718,19.845,5.7962,18.19,-14.421,0,-5.5672,-11.536,3.1868,-5.9437,-1.247,-4.9667,-21.265,5.4598,7.7238,-0.44662,3.505,-4.2475,14.047,4.3215,-13.058,6.0801,-8.6138,5.4053,13.869,-34.408,12.645,-4.9269,2.6079,-5.7728,17.72,19.362,-11.857,-16.313,6.96,5.19,-1.2103,3.8423,6.3299,-13.613,-8.6452,-9.8173,11.569,-1.1657,-11.623,-21.589,-18.317,-15.908,1.6191,9.2407,-8.6607,-21.566,8.6486,-14.929,-3.9403,2.4507,-4.7129,-1.9745,-13.151,7.5812,-5.5672,0,8.4496,2.9086,-4.1333,-11.405,-9.5614,0.13205,8.8095,10.622,7.975,-0.95947,-2.0521,-7.0041,0.15279,-10.694,-3.027,-4.8749,-8.1568,-4.5731,-5.282,9.0856,12.274,0.27599,6.327,2.6677,2.6223,0.81557,-6.4311,7.4176,2.0451,1.5265,0.15237,-7.3657,-6.642,0.4656,-12.392,9.2367,-12.781,-7.794,-3.3282,-4.2093,-2.4574,5.0091,21.272,-13.67,-5.3724,-1.6016,-21.046,-1.0455,10.837,-12.585,3.5065,-4.6594,-0.74124,-11.536,8.4496,0,-11.609,-9.4297,-1.6779,8.0015,-12.826,3.3322,-7.382,-0.3508,-6.287,14.318,15.959,2.7441,12.47,14.998,0.46114,1.2621,19.681,-4.849,2.0393,-8.9116,-5.837,-1.8455,1.9389,5.3148,-6.2658,6.0674,3.9718,1.8023,-5.2999,10.8,5.884,-5.3118,-8.2188,5.4854,2.1842,31.96,-6.9387,-2.5201,6.1093,-2.9195,-4.7014,-1.3454,13.699,-5.0456,1.5358,8.5836,-6.3708,-7.8295,0.060063,6.5113,-1.1803,3.4618,3.1868,2.9086,-11.609,0,6.2217,-13.84,-2.8392,-3.9616,-2.399,-18.854,1.3147,-7.8373,9.6823,6.789,4.4233,6.3369,-4.9038,0.27178,12.394,2.224,6.3929,8.4488,-15.05,-10.767,6.3493,7.4149,-3.5071,-7.1956,5.2868,-5.0937,-6.5574,-25.068,2.7045,0.20638,-7.4385,-16.976,-7.5608,-18.776,8.1791,-2.0023,10.54,4.3112,9.4247,2.4676,-9.1661,3.251,3.0991,-16.592,6.5053,-20.16,7.298,-7.7986,-0.64139,-12.966,12.28,-5.9437,-4.1333,-9.4297,6.2217,0,7.1655,-3.2214,16.42,-16.306,-10.865,-8.4252,-1.3729,-8.3048,-7.8987,-8.2987,-4.7133,-22.539,2.7068,0.88026,-18.724,12.071,-3.719,3.5229,-4.4889,4.691,-4.3844,-19.042,8.3916,2.7952,-5.423,-0.86824,-1.3028,-17.882,-3.8762,5.7974,5.3912,-2.8669,-23.776,-6.6432,13.015,7.6282,2.7548,18.48,-3.3349,-9.5141,-0.84923,6.5237,-13.079,3.7871,1.6344,12.536,3.0537,-4.3182,-0.95229,-4.0623,-1.247,-11.405,-1.6779,-13.84,7.1655,0
