0,-8.654,-20.98,-8.3897,7.7043,1.5636,6.8165,-6.2215,11.414,-3.9482,-6.2634,-4.8555,10.688,7.4512,2.2976,7.7321,-9.4171,-8.0858,-6.0023,12.806,2.7265,-8.654,0,8.2416,5.7715,-3.138,-1.5764,-6.9528,10.154,-13.464,0.46274,1.1715,0.67934,-5.4665,-8.2005,-2.8949,-5.0537,2.5124,9.5833,5.1074,-9.0528,-6.1731,-20.98,8.2416,0,7.9043,-7.0459,-1.5955,-5.4647,6.0355,-11.557,4.2063,6.3932,5.098,-12.008,-6.9247,-2.8493,-6.9817,9.4428,9.0039,5.0532,-12.713,-2.5131,-8.3897,5.7715,7.9043,0,-5.3913,-3.4838,-6.4721,9.7045,-5.1915,1.3763,2.8481,3.2162,-4.9991,-6.8183,-0.61139,-4.9553,4.1096,2.8819,2.1644,-8.3945,0.32392,7.7043,-3.138,-7.0459,-5.3913,0,1.7063,4.6106,-1.5522,3.5439,-6.8488,-7.7993,-7.3243,3.7667,4.6858,3.1065,6.2621,-10.069,-2.6811,-3.1426,6.9038,1.8244,1.5636,-1.5764,-1.5955,-3.4838,1.7063,0,1.1232,-3.7245,0.73422,2.4377,2.3271,-0.56322,2.2514,-0.34453,-3.3095,-1.5233,-1.5115,-0.99763,-0.032346,2.6085,-2.5168,6.8165,-6.9528,-5.4647,-6.4721,4.6106,1.1232,0,-7.2509,5.1065,-4.1939,-3.9236,-3.3957,1.6555,5.6027,4.4208,8.6772,-3.131,-2.2062,-3.7327,11.596,1.1793,-6.2215,10.154,6.0355,9.7045,-1.5522,-3.7245,-7.2509,0,-7.1989,-2.0325,-0.14785,-1.0206,-4.4514,-4.7841,-0.93537,-4.2942,0.97574,5.088,4.8924,-8.4812,-1.2442,11.414,-13.464,-11.557,-5.1915,3.5439,0.73422,5.1065,-7.1989,0,-2.1606,-2.7221,-3.0633,9.3683,8.3477,3.991,5.0958,-5.0822,-13.228,-5.726,8.7023,6.9731,-3.9482,0.46274,4.2063,1.3763,-6.8488,2.4377,-4.1939,-2.0325,-2.1606,0,10.605,11.097,-0.86738,-3.3735,-9.2553,-6.8965,7.466,0.71481,-1.0455,-5.31,-1.6972,-6.2634,1.1715,6.3932,2.8481,-7.7993,2.3271,-3.9236,-0.14785,-2.7221,10.605,0,6.5998,-4.4036,-1.431,-6.0972,-8.5481,9.4422,1.3678,3.3815,-6.5281,-0.80646,-4.8555,0.67934,5.098,3.2162,-7.3243,-0.56322,-3.3957,-1.0206,-3.0633,11.097,6.5998,0,-3.2702,-5.1053,-6.3662,-3.4654,6.5196,1.5506,-1.6454,-4.8099,-0.93842,10.688,-5.4665,-12.008,-4.9991,3.7667,2.2514,1.6555,-4.4514,9.3683,-0.86738,-4.4036,-3.2702,0,2.8223,0.52817,3.1166,-6.7158,-8.1265,-6.7481,6.1758,2.7469,7.4512,-8.2005,-6.9247,-6.8183,4.6858,-0.34453,5.6027,-4.7841,8.3477,-3.3735,-1.431,-5.1053,2.8223,0,2.5381,3.8399,-1.7672,-5.6427,0.11637,6.2985,5.2609,2.2976,-2.8949,-2.8493,-0.61139,3.1065,-3.3095,4.4208,-0.93537,3.991,-9.2553,-6.0972,-6.3662,0.52817,2.5381,0,6.2173,-4.7028,-1.9648,-0.62866,4.9637,1.7479,7.7321,-5.0537,-6.9817,-4.9553,6.2621,-1.5233,8.6772,-4.2942,5.0958,-6.8965,-8.5481,-3.4654,3.1166,3.8399,6.2173,0,-7.8144,-2.2443,-4.256,10.061,0.63561,-9.4171,2.5124,9.4428,4.1096,-10.069,-1.5115,-3.131,0.97574,-5.0822,7.466,9.4422,6.5196,-6.7158,-1.7672,-4.7028,-7.8144,0,3.7663,4.6822,-7.5324,0.13541,-8.0858,9.5833,9.0039,2.8819,-2.6811,-0.99763,-2.2062,5.088,-13.228,0.71481,1.3678,1.5506,-8.1265,-5.6427,-1.9648,-2.2443,3.7663,0,4.9312,-5.6359,-6.6713,-6.0023,5.1074,5.0532,2.1644,-3.1426,-0.032346,-3.7327,4.8924,-5.726,-1.0455,3.3815,-1.6454,-6.7481,0.11637,-0.62866,-4.256,4.6822,4.9312,0,-4.491,-2.7134,12.806,-9.0528,-12.713,-8.3945,6.9038,2.6085,11.596,-8.4812,8.7023,-5.31,-6.5281,-4.8099,6.1758,6.2985,4.9637,10.061,-7.5324,-5.6359,-4.491,0,1.0932,2.7265,-6.1731,-2.5131,0.32392,1.8244,-2.5168,1.1793,-1.2442,6.9731,-1.6972,-0.80646,-0.93842,2.7469,5.2609,1.7479,0.63561,0.13541,-6.6713,-2.7134,1.0932,0
