0,11.167,-24.625,-13.792,26.126,26.783,-12.328,-1.5623,-6.2064,5.9302,11.793,4.893,23.938,31.445,-16.384,3.6625,5.1579,10.64,22.95,-24.485,-26.219,-4.4853,21.826,19.355,-9.9194,-1.1185,-17.757,-16.833,8.976,-8.7912,-15.023,-5.7052,-18.629,-17.282,-7.6623,16.275,15.145,-11.997,4.1129,2.7774,-20.218,-27.726,20.751,4.2795,-2.2955,-6.075,-15.513,-11.034,2.647,-3.077,19.247,6.418,-9.3945,5.0376,-18.222,11.167,0,-9.7624,-21.945,2.4397,2.8937,-20.29,12.206,9.9768,0.71335,1.5454,13.905,4.5478,10.834,-13.785,8.5359,8.65,10.352,26.377,-7.7976,-6.8053,2.7165,12.005,6.056,-40.433,5.4072,-12.074,3.2955,-5.1331,-13.756,-2.1078,-7.9902,-5.257,2.6337,11.083,6.648,2.8597,2.0124,19.081,-11.323,-15.548,-19.206,12.412,4.1182,-15.631,-14.962,-19.99,-4.3245,-0.91307,-6.3964,-1.6764,0.637,-1.5645,-4.4218,-17.22,-24.625,-9.7624,0,20.408,-15.948,-13.061,5.2985,5.5505,8.6262,-3.3315,-0.37703,0.90413,-16.415,-13.387,23.295,6.2329,-16.492,-25.074,-19.437,27.475,16.499,8.4019,-51.171,-11.095,11.588,2.8531,5.2672,8.9468,-16.011,0.49746,24.829,-0.085086,41.226,13.021,11.38,-19.322,-26.864,20.63,-6.0828,4.372,15.583,18.406,-29.538,-17.021,-0.0034874,10.389,15.9,8.1662,-2.6309,0.40808,-14.023,-11.276,-0.03048,-0.30561,31.978,-13.792,-21.945,20.408,0,-7.1191,-2.8817,6.9987,0.35155,-4.6635,4.768,3.3625,-8.5847,-4.1816,-9.4998,15.502,3.0263,-23.393,-20.726,-28.744,18.869,5.4706,8.3608,-23.335,-2.1823,23.402,-6.8856,4.7583,-2.7748,-6.8453,7.0006,14.753,6.8925,16.855,-0.56593,-1.4993,-7.5388,-9.694,9.9114,-10.197,17.25,21.6,21.448,-29.05,-15.346,12.543,11.086,32.032,10.59,5.214,-2.3638,-4.709,-1.9075,-6.3908,10.298,35.935,26.126,2.4397,-15.948,-7.1191,0,26.811,-3.5812,-9.7895,-6.9992,0.61061,15.562,4.85,15.978,26.3,-5.6848,1.1386,1.8242,3.76,12.83,-25.142,-16.004,-11.219,12.57,11.724,-0.39809,2.4556,-14.011,-20.323,14.467,-8.3872,-17.804,-9.1166,-14.984,-17.12,-12.079,7.4698,9.8478,-16.148,-6.2627,6.67,-18.231,-18.721,16.507,0.8473,-1.3404,3.9414,-11.521,-18.353,-2.7832,4.5664,42.193,0.59856,-7.5066,3.1684,-9.6543,26.783,2.8937,-13.061,-2.8817,26.811,0,-10.167,-1.956,-11.094,10.557,20.331,1.3086,29.629,26.883,-9.1883,6.5429,-3.7014,2.5598,10.293,-13.891,-29.84,-0.98894,10.584,25.454,-1.3281,-5.1656,-19.149,-34.952,6.8242,-6.6258,-8.8054,-3.2426,-10.666,-27.726,-10.941,13.872,11.263,-8.3043,-0.95297,13.629,-10.43,-14.419,9.0969,-2.6804,3.692,-0.89026,-5.2952,-7.2148,6.1791,-4.9696,21.691,6.4154,-18.518,13.329,-6.6715,-12.328,-20.29,5.2985,6.9987,-3.5812,-10.167,0,-20.685,-3.077,-12.336,-10.325,-8.4584,-12.512,-14.266,12.649,-20.217,3.1566,-3.1148,-14.601,2.2335,15.27,-13.072,-6.3455,-18.01,17.591,2.9601,21.858,5.5654,10.795,12.676,-4.4278,3.4555,0.48042,4.9571,-8.1868,-10.888,-2.4973,-7.5199,-17.809,-2.1094,7.4986,13.047,-3.5518,4.6748,5.362,13.72,7.0013,-1.8019,-8.5009,18.61,0.91733,-4.748,16.145,-8.4939,7.161,-1.5623,12.206,5.5505,0.35155,-9.7895,-1.956,-20.685,0,7.4163,10.609,2.1389,4.6355,1.4571,0.39293,-4.7975,18.393,-6.6911,-2.0385,2.7751,10.688,-3.01,27.131,-3.4936,6.5811,-11.851,-4.0936,-7.8725,3.8922,-28.178,-5.9442,17.962,1.6648,10.109,4.1644,17.491,3.2394,-5.2213,22.408,19.775,-0.097826,3.4151,-0.28387,-7.338,-7.4591,-3.5558,-12.853,1.8648,12.017,9.5255,-22.046,-14.992,2.6633,-9.6334,6.5059,1.6393,-6.2064,9.9768,8.6262,-4.6635,-6.9992,-11.094,-3.077,7.4163,0,-14.533,-0.59345,22.636,-15.972,-1.2562,8.2942,8.292,0.4659,-6.3307,4.212,3.7808,12.91,-0.3524,-7.1169,-11.977,-6.8639,22.324,-2.8234,17.299,-11.772,-15.201,7.476,-16.468,10.955,24.595,29.409,-16.255,-19.349,11.197,2.0234,-12.072,-5.6814,-3.1119,-0.90743,-5.9844,-28.524,3.0313,-7.9482,-5.6522,-15.812,5.2318,-9.0008,-20.758,6.2286,-16.282,1.6077,5.9302,0.71335,-3.3315,4.768,0.61061,10.557,-12.336,10.609,-14.533,0,4.8771,-10.805,18.781,3.6244,-12.213,6.5079,-7.3428,2.9853,-0.68507,3.7063,-17.987,18.491,3.5038,23.635,-2.3969,-28.078,-5.9298,-13.058,-4.8384,5.3666,5.0262,14.368,-1.5096,-16.033,-5.1955,19.792,10.024,3.836,10.668,12.991,6.8847,1.2371,-4.5952,-2.0635,15.391,-12.591,8.346,14.855,40.818,-29.61,-0.97875,21.429,-19.07,32.997,0.0052274,11.793,1.5454,-0.37703,3.3625,15.562,20.331,-10.325,2.1389,-0.59345,4.8771,0,9.578,10.955,20.999,2.0998,18.055,-14.314,-9.9332,5.3977,-4.7958,-11.931,1.8984,-1.4435,13.095,2.4669,2.2108,-26.67,-17.713,-2.3305,-16.122,0.97132,-11.425,2.0283,-10.483,-0.52816,1.0389,-2.8078,1.8517,-5.245,16.861,-8.0566,-9.8208,0.83274,-16.969,-2.4992,6.9917,-2.4448,-8.2797,0.042405,-2.7898,12.719,-4.8087,-22.393,9.7488,2.9231,4.893,13.905,0.90413,-8.5847,4.85,1.3086,-8.4584,4.6355,22.636,-10.805,9.578,0,-4.1178,11.154,3.9085,13.085,-0.40253,-4.8889,13.01,-5.3315,1.9755,-3.6716,-0.73966,-2.3942,-8.3927,23.885,-14.246,4.0049,-5.8727,-37.471,0.76122,-34.752,3.7952,8.3897,15.441,-8.7554,-11.046,4.5593,0.14066,-5.717,-17.19,-14.345,6.2528,-7.6088,-34.366,4.1758,-16.085,-15.305,-15.662,5.1858,2.1477,-18.728,-0.91703,-10.324,-3.2207,23.938,4.5478,-16.415,-4.1816,15.978,29.629,-12.512,1.4571,-15.972,18.781,10.955,-4.1178,0,17.426,-17.928,4.0268,-0.72535,8.3308,9.8155,-10.94,-55.057,3.3498,14.813,38.84,-4.9669,-12.755,-13.256,-26.316,5.6456,-0.98835,-7.7181,3.911,-13.37,-32.725,-11.889,27.12,18.99,-7.5796,5.6955,10.645,-6.1424,-11.231,8.3748,2.0951,8.0502,-8.7987,-3.2388,-0.40076,14.375,-11.557,13.047,16.11,-17.107,17.71,-9.6364,31.445,10.834,-13.387,-9.4998,26.3,26.883,-14.266,0.39293,-1.2562,3.6244,20.999,11.154,17.426,0,-8.3804,10.161,-0.50269,2.8886,20.325,-18.021,-19.751,-3.3042,11.65,16.712,-7.4327,3.2381,-29.521,-16.284,4.1461,-17.03,-9.0388,-12.268,-9.4761,-12.838,-2.8222,8.5308,6.2395,-6.2862,1.1104,5.4132,-21.903,-28.165,14.382,-2.9364,-6.2383,-1.0578,-14.673,-14.127,-0.76438,-1.9534,18.501,-0.091617,-13.084,4.5578,-10.641,-16.384,-13.785,23.295,15.502,-5.6848,-9.1883,12.649,-4.7975,8.2942,-12.213,2.0998,3.9085,-17.928,-8.3804,0,1.5489,-11.656,-26.185,-15.363,10.708,18.666,-2.9799,-26.988,-15.923,18.362,10.165,5.0801,6.1013,-4.5155,-1.9121,9.071,-6.6781,18.337,11.075,5.3102,-32.301,-24.358,7.4176,-18.958,3.9227,6.98,11.71,-13.628,-14.203,-2.8251,26.74,8.8206,-2.3868,-12.209,11.778,-3.1877,-20.749,3.7054,-5.7415,23.084,3.6625,8.5359,6.2329,3.0263,1.1386,6.5429,-20.217,18.393,8.292,6.5079,18.055,13.085,4.0268,10.161,1.5489,0,-15.615,-10.861,4.5682,4.7404,-5.8081,13.688,-6.0728,9.1222,-4.7321,2.2285,-21.861,-4.1136,-18.853,-18.279,13.227,-8.8543,11.204,-0.12319,13.456,-1.1412,-9.6395,16.64,5.1108,8.0132,-2.9979,-5.6292,-5.3465,-20.965,-7.0492,-0.59027,-0.70109,0.63055,2.5752,-11.054,-2.304,-5.3866,-19.172,7.6216,4.8944,5.1579,8.65,-16.492,-23.393,1.8242,-3.7014,3.1566,-6.6911,0.4659,-7.3428,-14.314,-0.40253,-0.72535,-0.50269,-11.656,-15.615,0,26.073,11.14,-13.303,0.64189,-12.315,18.693,-4.3396,-11.926,3.6559,6.7321,6.9224,12.569,3.5408,-17.371,0.51123,-18.382,2.5738,-3.4015,5.5531,11.891,-14.677,6.1087,-22.613,-9.4661,-7.8229,19.465,33.371,-5.1227,-9.0651,-14.957,-5.9381,-4.9646,6.5943,1.9431,4.4364,17.105,-13.607,-22.932,10.64,10.352,-25.074,-20.726,3.76,2.5598,-3.1148,-2.0385,-6.3307,2.9853,-9.9332,-4.8889,8.3308,2.8886,-26.185,-10.861,26.073,0,12.97,-13.213,-8.278,-4.5874,30.114,5.0958,-15.244,-5.0839,2.552,-0.052242,10.74,5.5344,-15.536,6.1953,-24.708,-5.2344,-6.8674,17.561,23.803,-13.674,12.542,-11.81,-7.435,-9.1332,18.265,31.311,0.99056,-18.622,-11.243,-0.66996,4.6635,-2.477,2.8853,14.981,6.2997,-2.6222,-29.193,22.95,26.377,-19.437,-28.744,12.83,10.293,-14.601,2.7751,4.212,-0.68507,5.3977,13.01,9.8155,20.325,-15.363,4.5682,11.14,12.97,0,-20.328,-11.944,-4.7619,20.528,8.8557,-22.562,6.2581,-14.941,-3.4353,3.7911,-14.311,-11.542,-10.864,-13.757,-3.8296,2.1626,9.234,8.2072,-6.9178,9.6344,-7.7498,-30.02,-40.531,25.316,6.4837,-13.107,-9.3474,-32.402,-12.531,-3.1716,-1.1977,8.4859,1.0524,-2.1156,-4.0554,-25.817,-24.485,-7.7976,27.475,18.869,-25.142,-13.891,2.2335,10.688,3.7808,3.7063,-4.7958,-5.3315,-10.94,-18.021,10.708,4.7404,-13.303,-13.213,-20.328,0,11.284,16.818,-23.517,-6.3984,7.0912,-5.0906,7.7546,8.9,-19.192,6.2856,31.749,8.3772,26.308,9.7407,9.7644,-8.5216,-13.905,23.582,1.3231,3.7642,25.936,23.923,-37.961,-10.495,5.3161,1.3381,21.949,20.261,5.648,-7.17,-22.895,-1.7532,-1.186,4.2714,21.938,-26.219,-6.8053,16.499,5.4706,-16.004,-29.84,15.27,-3.01,12.91,-17.987,-11.931,1.9755,-55.057,-19.751,18.666,-5.8081,0.64189,-8.278,-11.944,11.284,0,-3.8748,-15.168,-42.328,6.8877,10.942,15.784,23.863,-4.2424,3.0549,7.0895,-2.2886,12.677,27.402,9.3417,-25.974,-17.191,6.3886,-7.016,-9.4997,7.6806,13.316,-9.082,-1.4775,-5.7542,9.5947,4.7929,1.0678,-13.301,12.209,-12.349,-14.443,17.899,-16.362,10.549,-4.4853,2.7165,8.4019,8.3608,-11.219,-0.98894,-13.072,27.131,-0.3524,18.491,1.8984,-3.6716,3.3498,-3.3042,-2.9799,13.688,-12.315,-4.5874,-4.7619,16.818,-3.8748,0,-6.848,8.4043,-3.4103,-12.599,-3.7963,-0.20964,-22.931,1.3075,22.143,9.2437,11.745,-0.42018,8.5639,4.8688,-3.3359,21.397,13.343,6.8951,12.003,6.6827,-14.779,-9.048,5.7729,-10.128,11.332,22.33,18.234,-29.587,-14.479,7.3105,-13.107,14.978,7.3334,21.826,12.005,-51.171,-23.335,12.57,10.584,-6.3455,-3.4936,-7.1169,3.5038,-1.4435,-0.73966,14.813,11.65,-26.988,-6.0728,18.693,30.114,20.528,-23.517,-15.168,-6.848,0,10.344,-14.626,-2.985,-4.5322,-6.5002,13.412,-0.25652,-21.446,0.79837,-35.284,-10.674,-8.9711,19.9,25.983,-17.569,8.8623,-6.5287,-14.791,-17.847,28.384,18.968,-0.80489,-13.369,-16.494,-6.5078,3.1547,-1.6249,10.575,12.012,0.97627,-0.47381,-38.742,19.355,6.056,-11.095,-2.1823,11.724,25.454,-18.01,6.5811,-11.977,23.635,13.095,-2.3942,38.84,16.712,-15.923,9.1222,-4.3396,5.0958,8.8557,-6.3984,-42.328,8.4043,10.344,0,-5.9934,-13.164,-16.589,-22.614,0.13217,-3.0047,-2.3952,3.55,-7.7286,-24.246,-6.6955,23.225,13.038,-1.9778,8.1791,12.227,-4.3265,-9.8767,4.5543,-1.7688,6.8866,-9.893,-1.5402,2.2291,16.947,-17.055,8.4877,14.414,-23.953,21.689,-6.6034,-9.9194,-40.433,11.588,23.402,-0.39809,-1.3281,17.591,-11.851,-6.8639,-2.3969,2.4669,-8.3927,-4.9669,-7.4327,18.362,-4.7321,-11.926,-15.244,-22.562,7.0912,6.8877,-3.4103,-14.626,-5.9934,0,-1.9835,7.6978,-4.2795,3.8434,7.9209,2.8961,3.2102,7.3247,-2.0961,-8.6806,-9.6223,-6.0583,-0.76362,-25.073,13.438,11.901,15.342,-12.421,-8.2713,11.09,21.382,16.977,1.1841,-1.8165,7.9566,3.3957,-4.6047,-0.32154,3.8364,20.142,-1.1185,5.4072,2.8531,-6.8856,2.4556,-5.1656,2.9601,-4.0936,22.324,-28.078,2.2108,23.885,-12.755,3.2381,10.165,2.2285,3.6559,-5.0839,6.2581,-5.0906,10.942,-12.599,-2.985,-13.164,-1.9835,0,-2.9762,9.4512,0.10379,-16.097,-2.6494,-28.47,3.1696,14.217,10.579,-17.563,-12.857,-0.062296,-7.0056,-10.237,-12.876,-7.3728,5.9025,-3.0793,-28.218,10.78,-13.277,-19.272,-38.486,17.703,2.1589,-29.231,9.0007,-22.982,-1.164,-17.757,-12.074,5.2672,4.7583,-14.011,-19.149,21.858,-7.8725,-2.8234,-5.9298,-26.67,-14.246,-13.256,-29.521,5.0801,-21.861,6.7321,2.552,-14.941,7.7546,15.784,-3.7963,-4.5322,-16.589,7.6978,-2.9762,0,12.428,4.4637,22.649,0.11937,12.578,1.2018,8.2476,-3.7993,-5.3552,-0.02533,-2.4866,-3.6003,-7.4997,14.102,18.701,-6.0171,10.05,7.5761,1.4279,9.4275,8.0492,-1.0519,6.7532,-9.1338,2.2498,19.574,-6.9799,4.5429,-16.833,3.2955,8.9468,-2.7748,-20.323,-34.952,5.5654,3.8922,17.299,-13.058,-17.713,4.0049,-26.316,-16.284,6.1013,-4.1136,6.9224,-0.052242,-3.4353,8.9,23.863,-0.20964,-6.5002,-22.614,-4.2795,9.4512,12.428,0,-7.3864,1.3844,6.6679,-1.1845,8.2221,36.781,15.7,-12.825,-10.981,7.8497,4.0159,-20.875,3.9789,6.9187,-4.009,3.8138,-9.9741,-1.3763,-0.91423,3.3219,-9.0955,5.1857,-19.519,-8.3018,19.234,-18.653,1.8328,8.976,-5.1331,-16.011,-6.8453,14.467,6.8242,10.795,-28.178,-11.772,-4.8384,-2.3305,-5.8727,5.6456,4.1461,-4.5155,-18.853,12.569,10.74,3.7911,-19.192,-4.2424,-22.931,13.412,0.13217,3.8434,0.10379,4.4637,-7.3864,0,6.079,-33.175,0.61267,-22.671,-9.7779,-23.434,5.4005,15.179,-49.333,-9.0084,-1.4367,-7.5191,-5.4048,15.407,14.57,4.4624,3.6013,-6.4175,-11.409,-4.1759,12.629,19.036,4.2199,7.0739,-3.689,-10.176,-8.7912,-13.756,0.49746,7.0006,-8.3872,-6.6258,12.676,-5.9442,-15.201,5.3666,-16.122,-37.471,-0.98835,-17.03,-1.9121,-18.279,3.5408,5.5344,-14.311,6.2856,3.0549,1.3075,-0.25652,-3.0047,7.9209,-16.097,22.649,1.3844,6.079,0,-0.90009,29.495,-2.9575,-2.9493,-12.003,4.8317,8.4133,-4.5152,-0.53718,0.72684,17.796,17.064,-6.0864,10.347,22.213,-3.4528,14.391,14.305,10.174,-1.6494,-4.9432,13.95,6.6562,4.3218,3.0705,-15.023,-2.1078,24.829,14.753,-17.804,-8.8054,-4.4278,17.962,7.476,5.0262,0.97132,0.76122,-7.7181,-9.0388,9.071,13.227,-17.371,-15.536,-11.542,31.749,7.0895,22.143,-21.446,-2.3952,2.8961,-2.6494,0.11937,6.6679,-33.175,-0.90009,0,3.0161,32.121,9.0019,15.606,-7.7401,-16.922,43.115,3.8424,4.9395,14.998,12.839,-27.284,-16.632,0.73303,0.3062,14.279,15.325,5.2035,-10.405,-19.837,-3.8659,-6.2014,5.5336,18.552,-5.7052,-7.9902,-0.085086,6.8925,-9.1166,-3.2426,3.4555,1.6648,-16.468,14.368,-11.425,-34.752,3.911,-12.268,-6.6781,-8.8543,0.51123,6.1953,-10.864,8.3772,-2.2886,9.2437,0.79837,3.55,3.2102,-28.47,12.578,-1.1845,0.61267,29.495,3.0161,0,-1.7895,-5.8033,-8.7347,10.554,9.9861,-0.0098022,6.0492,3.3797,18.962,13.995,-7.6563,7.3971,25.48,-9.8426,15.528,23.787,21.224,-10.839,-7.3698,22.443,-0.081531,11.124,2.2631,-18.629,-5.257,41.226,16.855,-14.984,-10.666,0.48042,10.109,10.955,-1.5096,2.0283,3.7952,-13.37,-9.4761,18.337,11.204,-18.382,-24.708,-13.757,26.308,12.677,11.745,-35.284,-7.7286,7.3247,3.1696,1.2018,8.2221,-22.671,-2.9575,32.121,-1.7895,0,12.683,15.698,-16.454,-28.901,28.65,-2.7624,4.4787,12.444,13.377,-26.428,-20.695,-2.2256,7.5628,12.806,8.1641,-1.5954,-2.5951,-14.949,-11.24,-2.9333,0.86191,25.445,-17.282,2.6337,13.021,-0.56593,-17.12,-27.726,4.9571,4.1644,24.595,-16.033,-10.483,8.3897,-32.725,-12.838,11.075,-0.12319,2.5738,-5.2344,-3.8296,9.7407,27.402,-0.42018,-10.674,-24.246,-2.0961,14.217,8.2476,36.781,-9.7779,-2.9493,9.0019,-5.8033,12.683,0,20.275,-19.723,-18.261,10.633,0.7477,-15.524,2.7215,6.1222,-5.6833,-1.4856,-13.585,3.0242,-0.95069,0.63269,-13,6.9077,-16.791,-14.926,14.772,-19.035,5.0915,-7.6623,11.083,11.38,-1.4993,-12.079,-10.941,-8.1868,17.491,29.409,-5.1955,-0.52816,15.441,-11.889,-2.8222,5.3102,13.456,-3.4015,-6.8674,2.1626,9.7644,9.3417,8.5639,-8.9711,-6.6955,-8.6806,10.579,-3.7993,15.7,-23.434,-12.003,15.606,-8.7347,15.698,20.275,0,-10.605,-18.372,21.391,7.9153,-8.2258,-0.55955,-0.19912,-5.8949,-8.499,-17.007,-2.0561,-2.8914,2.0612,-5.8118,-3.1488,-16.138,-11.808,1.159,-7.4712,3.7867,16.275,6.648,-19.322,-7.5388,7.4698,13.872,-10.888,3.2394,-16.255,19.792,1.0389,-8.7554,27.12,8.5308,-32.301,-1.1412,5.5531,17.561,9.234,-8.5216,-25.974,4.8688,19.9,23.225,-9.6223,-17.563,-5.3552,-12.825,5.4005,4.8317,-7.7401,10.554,-16.454,-19.723,-10.605,0,28.681,-7.6557,12.979,3.1847,-2.9568,-7.788,8.8167,9.8518,9.5951,-19.162,-2.9098,4.7679,19.125,-14.44,5.6105,29.503,-8.6108,13.293,-14.192,15.145,2.8597,-26.864,-9.694,9.8478,11.263,-2.4973,-5.2213,-19.349,10.024,-2.8078,-11.046,18.99,6.2395,-24.358,-9.6395,11.891,23.803,8.2072,-13.905,-17.191,-3.3359,25.983,13.038,-6.0583,-12.857,-0.02533,-10.981,15.179,8.4133,-16.922,9.9861,-28.901,-18.261,-18.372,28.681,0,-17.889,6.4104,0.0020665,-4.4629,-7.2416,13.789,18.051,9.8939,-12.605,-4.7383,0.37993,10.894,-4.7736,9.7294,23.742,-1.4001,6.6153,-17.506,-11.997,2.0124,20.63,9.9114,-16.148,-8.3043,-7.5199,22.408,11.197,3.836,1.8517,4.5593,-7.5796,-6.2862,7.4176,16.64,-14.677,-13.674,-6.9178,23.582,6.3886,21.397,-17.569,-1.9778,-0.76362,-0.062296,-2.4866,7.8497,-49.333,-4.5152,43.115,-0.0098022,28.65,10.633,21.391,-7.6557,-17.889,0,6.1023,2.5156,10.024,8.2976,-19.557,-16.317,-3.1496,-1.1263,9.0837,12.087,3.4807,-10.584,-19.774,-5.3445,-6.1861,3.5536,13.871,4.1129,19.081,-6.0828,-10.197,-6.2627,-0.95297,-17.809,19.775,2.0234,10.668,-5.245,0.14066,5.6955,1.1104,-18.958,5.1108,6.1087,12.542,9.6344,1.3231,-7.016,13.343,8.8623,8.1791,-25.073,-7.0056,-3.6003,4.0159,-9.0084,-0.53718,3.8424,6.0492,-2.7624,0.7477,7.9153,12.979,6.4104,6.1023,0,-7.7491,-1.0049,-4.9831,2.9566,6.3557,-2.0204,-37.503,-4.5587,9.8535,11.478,-18.97,-10.3,11.62,-2.7641,3.2177,-10.724,2.7774,-11.323,4.372,17.25,6.67,13.629,-2.1094,-0.097826,-12.072,12.991,16.861,-5.717,10.645,5.4132,3.9227,8.0132,-22.613,-11.81,-7.7498,3.7642,-9.4997,6.8951,-6.5287,12.227,13.438,-10.237,-7.4997,-20.875,-1.4367,0.72684,4.9395,3.3797,4.4787,-15.524,-8.2258,3.1847,0.0020665,2.5156,-7.7491,0,6.3264,3.9176,-9.1811,-14.777,13.293,7.0132,12.69,3.5871,9.8143,-6.584,7.2651,3.331,-21.981,23.664,11.708,-20.218,-15.548,15.583,21.6,-18.231,-10.43,7.4986,3.4151,-5.6814,6.8847,-8.0566,-17.19,-6.1424,-21.903,6.98,-2.9979,-9.4661,-7.435,-30.02,25.936,7.6806,12.003,-14.791,-4.3265,11.901,-12.876,14.102,3.9789,-7.5191,17.796,14.998,18.962,12.444,2.7215,-0.55955,-2.9568,-4.4629,10.024,-1.0049,6.3264,0,38.177,-26.766,-3.9523,16.268,0.72388,37.242,25.108,10.443,-6.3236,-14.246,5.1601,0.036394,7.8262,17.997,-27.726,-19.206,18.406,21.448,-18.721,-14.419,13.047,-0.28387,-3.1119,1.2371,-9.8208,-14.345,-11.231,-28.165,11.71,-5.6292,-7.8229,-9.1332,-40.531,23.923,13.316,6.6827,-17.847,-9.8767,15.342,-7.3728,18.701,6.9187,-5.4048,17.064,12.839,13.995,13.377,6.1222,-0.19912,-7.788,-7.2416,8.2976,-4.9831,3.9176,38.177,0,-24.899,-3.5576,12.451,4.8354,29.727,16.954,4.5698,-0.71985,-13.369,0.85798,4.2563,2.8496,20.269,20.751,12.412,-29.538,-29.05,16.507,9.0969,-3.5518,-7.338,-0.90743,-4.5952,0.83274,6.2528,8.3748,14.382,-13.628,-5.3465,19.465,18.265,25.316,-37.961,-9.082,-14.779,28.384,4.5543,-12.421,5.9025,-6.0171,-4.009,15.407,-6.0864,-27.284,-7.6563,-26.428,-5.6833,-5.8949,8.8167,13.789,-19.557,2.9566,-9.1811,-26.766,-24.899,0,14.464,-7.9519,-5.2625,-28.716,-16.888,-5.821,5.9364,14.434,2.2933,4.1221,-7.2526,-31.865,4.2795,4.1182,-17.021,-15.346,0.8473,-2.6804,4.6748,-7.4591,-5.9844,-2.0635,-16.969,-7.6088,2.0951,-2.9364,-14.203,-20.965,33.371,31.311,6.4837,-10.495,-1.4775,-9.048,18.968,-1.7688,-8.2713,-3.0793,10.05,3.8138,14.57,10.347,-16.632,7.3971,-20.695,-1.4856,-8.499,9.8518,18.051,-16.317,6.3557,-14.777,-3.9523,-3.5576,14.464,0,2.0629,-11.153,-7.912,-0.89081,0.86859,3.2621,1.6593,11.004,14.118,-7.0231,-18.936,-2.2955,-15.631,-0.0034874,12.543,-1.3404,3.692,5.362,-3.5558,-28.524,15.391,-2.4992,-34.366,8.0502,-6.2383,-2.8251,-7.0492,-5.1227,0.99056,-13.107,5.3161,-5.7542,5.7729,-0.80489,6.8866,11.09,-28.218,7.5761,-9.9741,4.4624,22.213,0.73303,25.48,-2.2256,-13.585,-17.007,9.5951,9.8939,-3.1496,-2.0204,13.293,16.268,12.451,-7.9519,2.0629,0,-1.8734,18.858,14.039,18.93,-7.4215,0.89052,17.655,-5.3626,17.767,5.803,-6.075,-14.962,10.389,11.086,3.9414,-0.89026,13.72,-12.853,3.0313,-12.591,6.9917,4.1758,-8.7987,-1.0578,26.74,-0.59027,-9.0651,-18.622,-9.3474,1.3381,9.5947,-10.128,-13.369,-9.893,21.382,10.78,1.4279,-1.3763,3.6013,-3.4528,0.3062,-9.8426,7.5628,3.0242,-2.0561,-19.162,-12.605,-1.1263,-37.503,7.0132,0.72388,4.8354,-5.2625,-11.153,-1.8734,0,4.158,-9.9279,-14.339,17.594,6.8539,-18.22,1.8412,-4.5756,13.865,-15.513,-19.99,15.9,32.032,-11.521,-5.2952,7.0013,1.8648,-7.9482,8.346,-2.4448,-16.085,-3.2388,-14.673,8.8206,-0.70109,-14.957,-11.243,-32.402,21.949,4.7929,11.332,-16.494,-1.5402,16.977,-13.277,9.4275,-0.91423,-6.4175,14.391,14.279,15.528,12.806,-0.95069,-2.8914,-2.9098,-4.7383,9.0837,-4.5587,12.69,37.242,29.727,-28.716,-7.912,18.858,4.158,0,19.23,10.669,-5.9736,-8.61,4.1921,-4.1043,11.722,22.782,-11.034,-4.3245,8.1662,10.59,-18.353,-7.2148,-1.8019,12.017,-5.6522,14.855,-8.2797,-15.305,-0.40076,-14.127,-2.3868,0.63055,-5.9381,-0.66996,-12.531,20.261,1.0678,22.33,-6.5078,2.2291,1.1841,-19.272,8.0492,3.3219,-11.409,14.305,15.325,23.787,8.1641,0.63269,2.0612,4.7679,0.37993,12.087,9.8535,3.5871,25.108,16.954,-16.888,-0.89081,14.039,-9.9279,19.23,0,20.085,-17.535,-18.164,12.369,-3.3498,11.321,7.9859,2.647,-0.91307,-2.6309,5.214,-2.7832,6.1791,-8.5009,9.5255,-15.812,40.818,0.042405,-15.662,14.375,-0.76438,-12.209,2.5752,-4.9646,4.6635,-3.1716,5.648,-13.301,18.234,3.1547,16.947,-1.8165,-38.486,-1.0519,-9.0955,-4.1759,10.174,5.2035,21.224,-1.5954,-13,-5.8118,19.125,10.894,3.4807,11.478,9.8143,10.443,4.5698,-5.821,0.86859,18.93,-14.339,10.669,20.085,0,-27.127,-3.7587,26.507,-12.719,25.739,0.28115,-3.077,-6.3964,0.40808,-2.3638,4.5664,-4.9696,18.61,-22.046,5.2318,-29.61,-2.7898,5.1858,-11.557,-1.9534,11.778,-11.054,6.5943,-2.477,-1.1977,-7.17,12.209,-29.587,-1.6249,-17.055,7.9566,17.703,6.7532,5.1857,12.629,-1.6494,-10.405,-10.839,-2.5951,6.9077,-3.1488,-14.44,-4.7736,-10.584,-18.97,-6.584,-6.3236,-0.71985,5.9364,3.2621,-7.4215,17.594,-5.9736,-17.535,-27.127,0,7.6124,-15.071,15.807,-19.187,0.24952,19.247,-1.6764,-14.023,-4.709,42.193,21.691,0.91733,-14.992,-9.0008,-0.97875,12.719,2.1477,13.047,18.501,-3.1877,-2.304,1.9431,2.8853,8.4859,-22.895,-12.349,-14.479,10.575,8.4877,3.3957,2.1589,-9.1338,-19.519,19.036,-4.9432,-19.837,-7.3698,-14.949,-16.791,-16.138,5.6105,9.7294,-19.774,-10.3,7.2651,-14.246,-13.369,14.434,1.6593,0.89052,6.8539,-8.61,-18.164,-3.7587,7.6124,0,0.2497,-4.9959,2.3953,-7.3606,6.418,0.637,-11.276,-1.9075,0.59856,6.4154,-4.748,2.6633,-20.758,21.429,-4.8087,-18.728,16.11,-0.091617,-20.749,-5.3866,4.4364,14.981,1.0524,-1.7532,-14.443,7.3105,12.012,14.414,-4.6047,-29.231,2.2498,-8.3018,4.2199,13.95,-3.8659,22.443,-11.24,-14.926,-11.808,29.503,23.742,-5.3445,11.62,3.331,5.1601,0.85798,2.2933,11.004,17.655,-18.22,4.1921,12.369,26.507,-15.071,0.2497,0,-5.0626,14.304,-7.6898,-9.3945,-1.5645,-0.03048,-6.3908,-7.5066,-18.518,16.145,-9.6334,6.2286,-19.07,-22.393,-0.91703,-17.107,-13.084,3.7054,-19.172,17.105,6.2997,-2.1156,-1.186,17.899,-13.107,0.97627,-23.953,-0.32154,9.0007,19.574,19.234,7.0739,6.6562,-6.2014,-0.081531,-2.9333,14.772,1.159,-8.6108,-1.4001,-6.1861,-2.7641,-21.981,0.036394,4.2563,4.1221,14.118,-5.3626,1.8412,-4.1043,-3.3498,-12.719,15.807,-4.9959,-5.0626,0,-24.939,-3.6779,5.0376,-4.4218,-0.30561,10.298,3.1684,13.329,-8.4939,6.5059,-16.282,32.997,9.7488,-10.324,17.71,4.5578,-5.7415,7.6216,-13.607,-2.6222,-4.0554,4.2714,-16.362,14.978,-0.47381,21.689,3.8364,-22.982,-6.9799,-18.653,-3.689,4.3218,5.5336,11.124,0.86191,-19.035,-7.4712,13.293,6.6153,3.5536,3.2177,23.664,7.8262,2.8496,-7.2526,-7.0231,17.767,-4.5756,11.722,11.321,25.739,-19.187,2.3953,14.304,-24.939,0,4.8315,-18.222,-17.22,31.978,35.935,-9.6543,-6.6715,7.161,1.6393,1.6077,0.0052274,2.9231,-3.2207,-9.6364,-10.641,23.084,4.8944,-22.932,-29.193,-25.817,21.938,10.549,7.3334,-38.742,-6.6034,20.142,-1.164,4.5429,1.8328,-10.176,3.0705,18.552,2.2631,25.445,5.0915,3.7867,-14.192,-17.506,13.871,-10.724,11.708,17.997,20.269,-31.865,-18.936,5.803,13.865,22.782,7.9859,0.28115,0.24952,-7.3606,-7.6898,-3.6779,4.8315,0
