0,-5.3945,-6.7196,-6.4701,-0.86559,3.8211,1.4367,-6.1096,4.5609,7.6511,-2.5786,-0.34533,5.3204,-0.067563,-1.1415,-1.2377,-5.7773,-6.1553,-4.7813,-4.3058,-2.3902,-5.3945,0,13.117,15.323,-1.899,-3.184,6.4061,12.397,-12.544,-6.7611,7.2525,2.6091,-10.372,7.0152,-6.3443,-4.9169,4.6252,6.3887,-0.8014,6.6381,-4.695,-6.7196,13.117,0,13.686,-3.9469,-1.3652,6.4631,8.687,-13.654,-8.6828,7.1452,1.128,-10.945,7.2377,-6.2507,-4.6207,7.0372,11.341,0.36528,9.2656,-5.1887,-6.4701,15.323,13.686,0,-1.0919,-3.0055,7.6185,11.106,-14.999,-5.929,10.145,1.76,-12.667,8.5098,-7.4315,-4.778,5.8348,8.1385,-1.4024,9.5157,-4.6055,-0.86559,-1.899,-3.9469,-1.0919,0,1.7384,-1.2181,0.48926,2.7281,3.0923,-1.015,3.3499,-0.75512,-2.6631,-0.34717,4.8269,-7.8729,-5.7384,-0.12101,-3.6314,4.6279,3.8211,-3.184,-1.3652,-3.0055,1.7384,0,2.047,-3.9794,2.6087,2.6918,-2.663,1.1854,1.6571,-1.7602,-2.7701,-0.058438,-4.6176,-2.241,-3.2627,-1.9284,-1.0679,1.4367,6.4061,6.4631,7.6185,-1.2181,2.047,0,5.0152,-10.422,-1.803,7.0763,1.5957,-8.5568,9.5992,-14.962,-7.505,1.407,4.2919,-4.2154,7.5902,-6.9888,-6.1096,12.397,8.687,11.106,0.48926,-3.9794,5.0152,0,-9.1527,-4.4772,6.8428,4.6487,-8.4825,4.3806,-5.1557,-3.4232,2.8383,3.88,1.5819,4.2428,-2.0187,4.5609,-12.544,-13.654,-14.999,2.7281,2.6087,-10.422,-9.1527,0,6.6028,-9.8291,-1.1156,14.931,-10.87,8.487,6.9945,-6.1911,-10.502,0.4564,-11.177,6.2697,7.6511,-6.7611,-8.6828,-5.929,3.0923,2.6918,-1.803,-4.4772,6.6028,0,-1.0179,4.0884,6.6074,-2.8656,0.85694,1.0821,-6.5305,-10.595,-3.3799,-7.5272,0.74006,-2.5786,7.2525,7.1452,10.145,-1.015,-2.663,7.0763,6.8428,-9.8291,-1.0179,0,2.9732,-7.7852,6.909,-7.6246,-6.0664,4.4652,4.7947,-0.80464,7.272,-4.1435,-0.34533,2.6091,1.128,1.76,3.3499,1.1854,1.5957,4.6487,-1.1156,4.0884,2.9732,0,-1.4381,1.2634,-2.8261,-1.4592,-3.5207,-3.4574,0.11212,-4.0376,-1.1024,5.3204,-10.372,-10.945,-12.667,-0.75512,1.6571,-8.5568,-8.4825,14.931,6.6074,-7.7852,-1.4381,0,-9.1781,8.1338,2.5291,-3.2902,-7.6308,0.70214,-9.5558,4.9992,-0.067563,7.0152,7.2377,8.5098,-2.6631,-1.7602,9.5992,4.3806,-10.87,-2.8656,6.909,1.2634,-9.1781,0,-8.9944,-5.2435,2.3131,5.4273,-2.9709,6.7795,-8.3289,-1.1415,-6.3443,-6.2507,-7.4315,-0.34717,-2.7701,-14.962,-5.1557,8.487,0.85694,-7.6246,-2.8261,8.1338,-8.9944,0,5.2431,0.52644,-2.7028,4.1951,-5.3051,5.0941,-1.2377,-4.9169,-4.6207,-4.778,4.8269,-0.058438,-7.505,-3.4232,6.9945,1.0821,-6.0664,-1.4592,2.5291,-5.2435,5.2431,0,-4.7629,-4.6638,1.5813,-4.0874,5.0957,-5.7773,4.6252,7.0372,5.8348,-7.8729,-4.6176,1.407,2.8383,-6.1911,-6.5305,4.4652,-3.5207,-3.2902,2.3131,0.52644,-4.7629,0,10.777,1.9132,9.0055,-2.2068,-6.1553,6.3887,11.341,8.1385,-5.7384,-2.241,4.2919,3.88,-10.502,-10.595,4.7947,-3.4574,-7.6308,5.4273,-2.7028,-4.6638,10.777,0,1.5345,11.324,-3.8273,-4.7813,-0.8014,0.36528,-1.4024,-0.12101,-3.2627,-4.2154,1.5819,0.4564,-3.3799,-0.80464,0.11212,0.70214,-2.9709,4.1951,1.5813,1.9132,1.5345,0,-1.0139,6.0866,-4.3058,6.6381,9.2656,9.5157,-3.6314,-1.9284,7.5902,4.2428,-11.177,-7.5272,7.272,-4.0376,-9.5558,6.7795,-5.3051,-4.0874,9.0055,11.324,-1.0139,0,-4.5545,-2.3902,-4.695,-5.1887,-4.6055,4.6279,-1.0679,-6.9888,-2.0187,6.2697,0.74006,-4.1435,-1.1024,4.9992,-8.3289,5.0941,5.0957,-2.2068,-3.8273,6.0866,-4.5545,0
