0,-1.9291,-10.249,-5.5663,3.2863,-2.6118,1.9795,3.9362,12.133,0.091381,-4.3098,0.61946,5.8902,3.0848,2.4665,-1.3694,-5.4135,-6.4714,0.51363,-6.1,-5.38,-1.9291,0,-0.055498,5.1205,0.040645,0.66782,-2.7366,4.1348,-1.604,-3.4402,-2.412,-2.989,5.7789,-1.0222,-1.9417,-1.834,-5.012,-2.4539,-4.1909,0.11096,-3.5594,-10.249,-0.055498,0,2.5152,-1.7937,1.0752,0.39509,-6.1707,-8.4751,1.6675,3.1497,0.61707,-4.7457,-3.9039,-2.5435,0.27183,5.0289,3.9923,-4.1722,4.0999,5.1944,-5.5663,5.1205,2.5152,0,-1.0929,0.24042,-0.14401,4.9969,-5.5772,-1.4268,2.0196,-2.7386,-0.83346,-2.5221,-1.0044,2.2177,-0.59802,0.34156,-1.1092,4.7228,-1.4219,3.2863,0.040645,-1.7937,-1.0929,0,3.1703,2.0635,1.7084,4.597,6.1421,-1.3946,3.1456,-1.0877,0.58673,-3.2943,-5.4876,-5.3843,-7.3085,-1.2391,-0.89955,-3.7966,-2.6118,0.66782,1.0752,0.24042,3.1703,0,0.2448,-0.71572,0.30143,5.2948,0.18345,0.91401,-2.1671,-0.3445,-1.0887,-4.0808,-3.0184,-1.6275,0.94539,-0.61944,-4.2382,1.9795,-2.7366,0.39509,-0.14401,2.0635,0.2448,0,0.71422,1.901,3.5366,-3.0245,-3.567,-1.1194,-6.744,-3.0998,5.3064,-4.8529,-7.59,-4.8761,5.2062,-3.987,3.9362,4.1348,-6.1707,4.9969,1.7084,-0.71572,0.71422,0,3.6125,-1.7841,-2.629,-2.8366,4.5519,-0.31169,0.16972,0.25847,-7.0228,-5.1895,-0.00099669,-0.72584,-5.933,12.133,-1.604,-8.4751,-5.5772,4.597,0.30143,1.901,3.6125,0,0.67833,-3.444,2.1895,3.9152,3.059,0.82295,-3.0897,-5.4719,-6.5931,1.3914,-5.8914,-3.7901,0.091381,-3.4402,1.6675,-1.4268,6.1421,5.2948,3.5366,-1.7841,0.67833,0,1.0669,1.9388,-2.3852,-1.7035,-3.2165,-2.207,-1.6593,-3.8634,-0.92636,1.0795,-2.3227,-4.3098,-2.412,3.1497,2.0196,-1.3946,0.18345,-3.0245,-2.629,-3.444,1.0669,0,3.8194,-6.0875,2.1705,-1.3398,1.0671,7.172,4.9385,5.056,1.5197,6.3568,0.61946,-2.989,0.61707,-2.7386,3.1456,0.91401,-3.567,-2.8366,2.1895,1.9388,3.8194,0,-3.8883,8.1343,1.5694,-7.6484,3.46,2.3452,4.288,-5.5401,3.2614,5.8902,5.7789,-4.7457,-0.83346,-1.0877,-2.1671,-1.1194,4.5519,3.9152,-2.3852,-6.0875,-3.8883,0,-0.26512,0.24438,-0.94962,-5.4883,-4.0046,-4.1309,-3.5054,-5.2275,3.0848,-1.0222,-3.9039,-2.5221,0.58673,-0.3445,-6.744,-0.31169,3.059,-1.7035,2.1705,8.1343,-0.26512,0,5.4416,-6.3577,1.9111,2.8818,6.931,-9.5162,1.6429,2.4665,-1.9417,-2.5435,-1.0044,-3.2943,-1.0887,-3.0998,0.16972,0.82295,-3.2165,-1.3398,1.5694,0.24438,5.4416,0,-1.6588,1.0784,2.6791,3.4008,-5.1213,-1.0457,-1.3694,-1.834,0.27183,2.2177,-5.4876,-4.0808,5.3064,0.25847,-3.0897,-2.207,1.0671,-7.6484,-0.94962,-6.3577,-1.6588,0,1.8492,0.291,-0.69456,7.6741,1.2789,-5.4135,-5.012,5.0289,-0.59802,-5.3843,-3.0184,-4.8529,-7.0228,-5.4719,-1.6593,7.172,3.46,-5.4883,1.9111,1.0784,1.8492,0,13.081,4.775,1.21,12.811,-6.4714,-2.4539,3.9923,0.34156,-7.3085,-1.6275,-7.59,-5.1895,-6.5931,-3.8634,4.9385,2.3452,-4.0046,2.8818,2.6791,0.291,13.081,0,5.0552,-0.039008,9.7291,0.51363,-4.1909,-4.1722,-1.1092,-1.2391,0.94539,-4.8761,-0.00099669,1.3914,-0.92636,5.056,4.288,-4.1309,6.931,3.4008,-0.69456,4.775,5.0552,0,-2.8396,2.8085,-6.1,0.11096,4.0999,4.7228,-0.89955,-0.61944,5.2062,-0.72584,-5.8914,1.0795,1.5197,-5.5401,-3.5054,-9.5162,-5.1213,7.6741,1.21,-0.039008,-2.8396,0,0.65144,-5.38,-3.5594,5.1944,-1.4219,-3.7966,-4.2382,-3.987,-5.933,-3.7901,-2.3227,6.3568,3.2614,-5.2275,1.6429,-1.0457,1.2789,12.811,9.7291,2.8085,0.65144,0
