0,28.119,5.8294,8.3662,-25.959,-18.187,-12.356,2.6792,-1.8356,-14.676,-7.2179,14.714,-2.6748,10.676,2.2599,-22.012,-13.583,-11.854,-12.557,-10.609,14.522,10.661,-6.7227,-26.622,-6.9613,8.4979,11.823,13.726,-5.8984,4.7462,-17.842,-3.039,20.564,9.9255,8.0602,-38.808,26.446,16.193,-22.797,-8.5321,-1.483,-10.711,-13.302,5.4318,25.212,-22.255,-15.892,0.64636,0.19693,-11.539,16.358,5.2683,-2.4638,-6.0523,-18.021,28.119,0,14.294,5.3468,-30.32,-9.4195,-5.9378,-4.356,-11.254,-11.132,-13.799,5.981,-10.908,12.38,-3.2498,-9.5972,-6.5838,-2.8108,-17.672,-15.765,6.0503,21.282,-11.717,-18.726,-15.199,18.845,4.8433,7.1834,-3.4559,1.883,-25.934,1.118,12.403,18.084,7.7449,-22.702,16.072,17.97,-15.39,-19.246,-0.31891,-13.533,-11.588,-0.19219,12.562,-33.718,-19.654,-0.020946,-5.0395,-4.2236,20.919,-1.359,3.8761,2.6303,-13.657,5.8294,14.294,0,7.4381,-10.669,8.8915,-3.0072,-11.663,-31.994,-9.0377,-14.066,-3.1563,-19.488,8.2832,-25.167,4.0917,9.6328,14.352,-10.67,-26.528,-9.5266,13.791,-2.1398,-1.9525,-27.534,15.78,-0.17866,2.6945,-2.147,7.3237,-8.0306,-3.1356,-5.7126,33.683,8.3198,-1.8906,-3.029,11.455,-0.99307,-17.437,-9.6117,0.08866,-2.7965,-20.361,-3.2758,-18.546,-19.696,-4.7436,-21.417,0.51437,11.564,-2.6402,23.884,9.0471,-10.462,8.3662,5.3468,7.4381,0,-9.6639,0.22618,-18.401,-0.89553,-1.962,-38.398,-6.245,8.0003,-3.4607,-2.8804,-9.131,-10.267,4.7892,-3.7198,-7.5181,-18.497,-1.2991,-1.827,13.52,-9.3845,-9.28,-6.3948,10.843,13.179,-0.53222,29.826,4.9908,-30.863,1.5467,6.1056,2.7561,-3.3931,2.4264,2.0648,-11.596,0.58869,-23.172,10.068,-11.815,-9.1388,9.6877,-6.1247,-9.2268,3.0214,-13.889,-28.062,10.456,25.936,3.0413,-14.696,-21.77,-25.959,-30.32,-10.669,-9.6639,0,10.918,5.1002,7.6563,8.9307,16.091,20.121,-3.913,13.039,-3.6263,1.0689,10.932,4.0573,6.4547,28.857,17.314,-4.0602,-19.799,9.3294,29.94,17.071,-10.881,-2.4634,-4.74,-3.0383,-3.0475,16.242,1.6544,-16.002,-10.826,-0.74021,19.162,-18.352,-8.5793,26.261,18.027,0.57243,12.349,23.396,-0.60238,-17.235,19.058,11.896,-7.7607,7.4708,8.6949,-36.884,-2.9802,0.85436,0.75017,12.519,-18.187,-9.4195,8.8915,0.22618,10.918,0,5.0813,-8.1039,-10.548,3.6915,-0.26234,-13.111,-6.296,-3.4915,-19.767,22.469,27.333,29.855,5.2254,-3.7427,-26.276,-3.5097,8.5409,20.008,-5.2361,-0.71623,-7.4307,-6.581,1.9792,3.9801,11.102,-2.849,-40.825,4.572,0.013289,24.44,-37.509,-4.8396,18.468,0.2548,-8.6082,14.444,10.266,-24.601,-27.386,5.0096,0.75181,-5.3856,-13.322,7.6582,-6.4932,-3.4686,18.374,8.9743,4.2886,-12.356,-5.9378,-3.0072,-18.401,5.1002,5.0813,0,-13.194,-4.6667,18.641,-4.9685,-27.281,-7.4571,-8.4989,4.4744,19.667,6.4052,7.3685,-2.0154,8.3752,-10.404,6.7617,-12.709,6.5012,-0.43855,4.894,-37.178,-44.168,15.707,-24.667,-0.82098,21.731,-3.6474,-6.974,-15.812,9.8594,-5.7673,-12.238,7.2088,-6.8184,19.146,-8.7668,1.9465,2.1515,-12.005,9.6361,15.056,8.3829,1.217,22.881,-1.6401,-20.455,-2.6825,19.817,30.719,2.6792,-4.356,-11.663,-0.89553,7.6563,-8.1039,-13.194,0,20.01,1.4015,26.757,22.663,34.363,8.8276,7.6726,-12.756,-16.68,-10.264,17.819,10.482,20.03,-16.468,7.6556,2.3849,21.067,-8.2937,20.539,16.102,-20.022,4.287,2.4874,-4.7274,3.1923,-4.749,12.229,-5.6465,3.864,6.7891,2.3642,19.836,-2.7127,5.1315,9.7455,9.9496,5.5719,1.2796,-1.8155,-12.769,17.931,-5.9446,-13.782,6.9799,-5.0739,-14.348,-5.1571,-1.8356,-11.254,-31.994,-1.962,8.9307,-10.548,-4.6667,20.01,0,3.3619,18.38,10.728,29.358,-4.1713,18.879,-10.122,-12.654,-17.952,12.626,18.081,14.47,-18.738,6.8005,0.32264,28.978,-18.764,7.9304,4.9335,-3.574,-0.58036,8.3748,-2.8044,6.4361,-20.762,-2.1462,-1.2943,4.6213,-5.8451,-0.80441,24.204,3.0798,3.4168,2.9783,17.536,6.9035,12.297,10.734,0.68791,20.299,-6.3826,-11.56,8.5364,-19.004,-17.072,2.7242,-14.676,-11.132,-9.0377,-38.398,16.091,3.6915,18.641,1.4015,3.3619,0,9.0403,-9.6708,5.1771,-0.0044498,7.2817,13.797,-1.306,5.7801,11.64,21.656,-1.5967,-2.5005,-7.5961,15.193,11.613,2.1008,-11.481,-14.354,1.0824,-22.398,0.47946,21.29,-5.9511,-8.6193,-3.8783,8.7648,-7.3406,-5.4724,17.166,3.1393,17.154,-4.4201,15.709,6.3876,-14.37,10.979,12.558,-3.5693,12.39,27.309,-15.607,-20.424,-2.1468,12.827,26.453,-7.2179,-13.799,-14.066,-6.245,20.121,-0.26234,-4.9685,26.757,18.38,9.0403,0,9.5877,34.126,4.5091,5.8837,-2.3188,-8.0239,-3.0129,38.213,17.578,9.105,-23.941,9.3388,12.452,29.46,-10.63,9.7208,6.6741,-14.228,0.60778,8.3369,-1.4694,-4.663,-8.507,7.7081,3.6546,-4.7852,0.75099,12.067,26.759,-0.89856,9.0038,19.721,6.473,-3.726,8.6879,4.1629,-13.747,17.14,1.0439,-30.419,2.181,-2.8162,-7.6523,2.6309,14.714,5.981,-3.1563,8.0003,-3.913,-13.111,-27.281,22.663,10.728,-9.6708,9.5877,0,14.077,11.825,3.7311,-27.938,-17.742,-13.915,4.6487,-0.76962,23.61,-6.7584,5.9993,-7.6849,6.8947,-3.6195,40.053,33.793,-19.404,10.977,-3.24,-10.232,9.5175,2.6645,15.82,-15.871,11.705,13.863,-7.5714,8.5623,-7.5361,2.2196,-0.10467,6.8266,15.937,-8.3856,-10.899,-9.0479,8.1532,-15.559,-1.1854,12.884,-3.2057,-18.845,-18.054,-2.6748,-10.908,-19.488,-3.4607,13.039,-6.296,-7.4571,34.363,29.358,5.1771,34.126,14.077,0,2.671,11.116,-8.2907,-12.94,-10.294,22.35,17.341,14.96,-22.836,8.6519,5.3433,34.196,-13.606,12.472,8.9254,-12.003,1.2729,7.2008,-3.0521,1.5096,-11.701,5.4722,-0.69661,1.0117,0.06674,4.7627,28.889,0.016329,6.3504,10.747,11.846,2.7121,8.268,4.9476,-8.2622,21.145,-3.7081,-18.961,6.1285,-8.7684,-13.672,0.58012,10.676,12.38,8.2832,-2.8804,-3.6263,-3.4915,-8.4989,8.8276,-4.1713,-0.0044498,4.5091,11.825,2.671,0,-4.3743,-5.6881,-10.704,2.4099,3.3258,-3.1684,10.21,4.3326,-4.96,-0.44739,-0.64686,14.396,12.146,12.789,-24.813,1.4622,-15.41,2.6347,1.5568,16.524,30.328,-12.332,4.7895,38.309,1.8211,-3.6384,-1.893,-4.3849,7.8567,-0.11485,1.8863,-19.304,-20.873,-21.727,4.2262,2.4128,-1.3466,-5.23,9.9218,3.0535,-9.857,2.2599,-3.2498,-25.167,-9.131,1.0689,-19.767,4.4744,7.6726,18.879,7.2817,5.8837,3.7311,11.116,-4.3743,0,-7.8978,-17.099,-20.769,2.0248,18.047,14.93,-2.7217,-7.297,-6.1996,15.311,-5.4577,-1.0058,-3.228,3.5411,-12.764,-2.1822,8.7169,16.419,-19.301,-8.4034,-6.5985,12.906,-6.0094,-6.0948,5.9622,17.916,-10.864,-3.2679,43.374,9.756,8.0697,13.139,8.1527,23.151,0.24162,-2.7557,-1.1333,-34.089,-5.3969,8.5858,-22.012,-9.5972,4.0917,-10.267,10.932,22.469,19.667,-12.756,-10.122,13.797,-2.3188,-27.938,-8.2907,-5.6881,-7.8978,0,18.558,24.158,3.002,2.6785,-23.778,1.7073,-1.8976,18.326,-3.2831,3.3979,-20.903,-20.427,8.226,-8.2928,5.4483,8.8669,-19.871,-0.28061,-6.7736,22.574,-22.063,-8.9637,18.63,-3.8602,3.7964,2.9146,9.2615,-10.583,-33.183,8.3495,7.6693,-0.23211,-6.468,20.664,-6.0552,-14.589,9.3396,20.259,16.612,-13.583,-6.5838,9.6328,4.7892,4.0573,27.333,6.4052,-16.68,-12.654,-1.306,-8.0239,-17.742,-12.94,-10.704,-17.099,18.558,0,18.911,-2.7523,-8.0954,-45.123,0.43804,7.0275,9.3076,-11.01,-1.8282,-11.499,-9.6574,10.454,4.6128,11.19,-4.5826,-19.259,2.9568,-6.9299,20.754,-20.54,-9.8098,7.7845,-3.6684,-8.0495,10.974,0.47155,-23.802,-15.599,5.3061,2.8003,3.6286,-22.003,3.3347,1.2291,-0.32086,11.821,7.2348,3.6534,-11.854,-2.8108,14.352,-3.7198,6.4547,29.855,7.3685,-10.264,-17.952,5.7801,-3.0129,-13.915,-10.294,2.4099,-20.769,24.158,18.911,0,2.3217,-5.2176,-21.231,3.1659,0.93083,16.299,-8.6422,7.8513,-8.8264,-7.4091,0.12169,-0.1855,2.1792,2.8502,-25.509,10.362,3.0485,14.457,-22.007,0.77722,17.366,-6.1321,-4.3371,6.0632,10.649,-21.919,-26.688,-0.9245,-3.3699,-7.8394,-12.292,13.423,-3.682,-10.512,25.23,17.681,4.2405,-12.557,-17.672,-10.67,-7.5181,28.857,5.2254,-2.0154,17.819,12.626,11.64,38.213,4.6487,22.35,3.3258,2.0248,3.002,-2.7523,2.3217,0,16.306,3.4128,-23.435,10.309,20.086,22.524,-9.6309,5.8281,3.3449,-12.042,0.19374,10.816,-0.72486,-10.51,-7.2122,6.7908,8.8183,-10.693,-0.90344,19.33,23.186,-1.7266,11.783,27.617,2.0394,-9.6066,10.498,4.9821,-15.093,12.093,4.4115,-46.642,-0.20813,0.9599,-3.6494,5.0507,-10.609,-15.765,-26.528,-18.497,17.314,-3.7427,8.3752,10.482,18.081,21.656,17.578,-0.76962,17.341,-3.1684,18.047,2.6785,-8.0954,-5.2176,16.306,0,6.5027,-11.186,-1.5967,9.1615,29.46,-7.7734,-3.2897,-6.4448,-0.51804,-13.972,5.0906,10.452,0.29162,-20.819,-4.9303,4.9443,-1.7208,-8.1712,9.2177,13.682,14.079,-1.5719,11.235,16.002,-4.2645,17.119,17.919,-1.0914,25.24,8.9778,-19.24,-6.0961,-12.513,-0.37897,17.57,14.522,6.0503,-9.5266,-1.2991,-4.0602,-26.276,-10.404,20.03,14.47,-1.5967,9.105,23.61,14.96,10.21,14.93,-23.778,-45.123,-21.231,3.4128,6.5027,0,-2.7561,-3.2663,-9.8247,11.249,-0.68769,15.908,13.652,-12.136,-0.78461,-8.4751,0.58206,18.386,-2.7669,8.255,-20.725,19.883,10.086,-8.7605,5.8881,4.2098,-7.2715,-0.97194,20.349,17.976,-5.3791,-3.9308,-4.2066,19.265,-7.0243,-1.3159,4.1488,-11.373,-11.36,-6.6396,10.661,21.282,13.791,-1.827,-19.799,-3.5097,6.7617,-16.468,-18.738,-2.5005,-23.941,-6.7584,-22.836,4.3326,-2.7217,1.7073,0.43804,3.1659,-23.435,-11.186,-2.7561,0,-22.049,-11.402,-19.625,25.311,-8.3189,-5.8752,6.4389,-7.1622,-22.03,9.9888,7.3822,12.022,-1.7859,-9.2888,8.5133,6.401,-9.0664,-47.937,7.2447,-19.846,-11.145,-1.481,3.4634,-14.756,-7.4436,6.0815,-7.4165,5.268,20.77,-10.72,3.5771,14.024,-1.0531,-6.7227,-11.717,-2.1398,13.52,9.3294,8.5409,-12.709,7.6556,6.8005,-7.5961,9.3388,5.9993,8.6519,-4.96,-7.297,-1.8976,7.0275,0.93083,10.309,-1.5967,-3.2663,-22.049,0,7.288,4.7538,-20.054,10.021,9.466,-4.8583,21.104,23.428,-25.256,-10.438,-2.8179,3.3915,9.3795,-10.505,-4.0704,4.7674,17.812,-22.186,39.788,4.6081,-8.7154,-2.5444,6.9382,0.19172,-4.75,-4.4868,-12.219,-8.2301,19.471,3.4898,-15.215,-7.0551,-26.622,-18.726,-1.9525,-9.3845,29.94,20.008,6.5012,2.3849,0.32264,15.193,12.452,-7.6849,5.3433,-0.44739,-6.1996,18.326,9.3076,16.299,20.086,9.1615,-9.8247,-11.402,7.288,0,7.7635,-3.8917,-4.7013,-5.9852,-3.5544,-2.2891,11.817,2.6097,-27.676,-2.8253,1.9765,22.547,-29.006,-4.8037,51.173,9.1137,-1.5597,12.232,27.785,-7.5559,-30.764,11.263,6.0499,-11.118,1.2788,13.097,-23.676,-6.9393,9.0286,6.9559,10.738,-6.9613,-15.199,-27.534,-9.28,17.071,-5.2361,-0.43855,21.067,28.978,11.613,29.46,6.8947,34.196,-0.64686,15.311,-3.2831,-11.01,-8.6422,22.524,29.46,11.249,-19.625,4.7538,7.7635,0,-12.839,4.9757,1.837,-6.4302,-4.8165,7.6175,2.3547,0.77636,-17.815,0.37336,2.4585,-0.58278,-4.4239,7.2763,24.42,5.6779,3.4916,11.823,14.723,-0.52977,13.77,11.286,-4.8859,26.333,1.5477,-22.289,1.1833,-11.601,-8.0152,7.5764,8.4979,18.845,15.78,-6.3948,-10.881,-0.71623,4.894,-8.2937,-18.764,2.1008,-10.63,-3.6195,-13.606,14.396,-5.4577,3.3979,-1.8282,7.8513,-9.6309,-7.7734,-0.68769,25.311,-20.054,-3.8917,-12.839,0,-4.1862,-2.4231,-2.5016,-7.4118,-26.821,12.441,2.4191,18.134,6.6974,-8.619,4.5775,14.416,-1.227,-24.68,6.0772,-15.675,-0.75669,-2.7611,-1.2551,-18.723,-12.407,-4.3021,-3.5995,10.399,9.068,-16.656,9.8131,18.473,-1.4563,11.823,4.8433,-0.17866,10.843,-2.4634,-7.4307,-37.178,20.539,7.9304,-11.481,9.7208,40.053,12.472,12.146,-1.0058,-20.903,-11.499,-8.8264,5.8281,-3.2897,15.908,-8.3189,10.021,-4.7013,4.9757,-4.1862,0,50.154,-22.27,16.276,-0.77466,-14.488,4.6428,5.1688,19.404,-11.428,6.8473,14.512,-4.8572,9.1841,-12.98,6.5472,1.6775,1.7745,11.473,-8.7575,-13.495,-11.987,4.249,-16.379,-2.0856,14.816,1.0509,-18.345,-21.965,13.726,7.1834,2.6945,13.179,-4.74,-6.581,-44.168,16.102,4.9335,-14.354,6.6741,33.793,8.9254,12.789,-3.228,-20.427,-9.6574,-7.4091,3.3449,-6.4448,13.652,-5.8752,9.466,-5.9852,1.837,-2.4231,50.154,0,-20.883,18.604,-1.9228,-15.741,4.503,7.9238,20.403,-12.256,7.0189,16.369,-6.075,6.3647,-14.993,6.2201,0.12928,-0.29151,11.822,-11.507,-16.927,-11.464,1.4999,-17.463,0.35844,15.022,2.8941,-16.58,-27.68,-5.8984,-3.4559,-2.147,-0.53222,-3.0383,1.9792,15.707,-20.022,-3.574,1.0824,-14.228,-19.404,-12.003,-24.813,3.5411,8.226,10.454,0.12169,-12.042,-0.51804,-12.136,6.4389,-4.8583,-3.5544,-6.4302,-2.5016,-22.27,-20.883,0,-7.3959,4.0094,4.4225,1.5478,-8.7714,-37.006,7.2712,-1.1258,-21.248,-4.6874,-6.9028,7.5919,-4.5452,-12.487,0.013337,-1.5235,9.497,14.724,30.537,-6.8079,2.6242,8.533,-2.233,-7.5037,5.1036,11.505,4.7462,1.883,7.3237,29.826,-3.0475,3.9801,-24.667,4.287,-0.58036,-22.398,0.60778,10.977,1.2729,1.4622,-12.764,-8.2928,4.6128,-0.1855,0.19374,-13.972,-0.78461,-7.1622,21.104,-2.2891,-4.8165,-7.4118,16.276,18.604,-7.3959,0,7.5316,-41.164,-3.8644,7.6181,9.1391,-0.71148,-2.3037,5.0473,-3.8523,5.3561,-42.222,17.553,-2.7235,-11.91,4.6138,-5.5131,-11.589,-4.8905,-10.864,-21.16,2.6848,23.59,7.631,-14.813,-23.053,-17.842,-25.934,-8.0306,4.9908,16.242,11.102,-0.82098,2.4874,8.3748,0.47946,8.3369,-3.24,7.2008,-15.41,-2.1822,5.4483,11.19,2.1792,10.816,5.0906,-8.4751,-22.03,23.428,11.817,7.6175,-26.821,-0.77466,-1.9228,4.0094,7.5316,0,-11.251,-12.591,-12.014,-6.6933,20.405,-15.512,-16.693,8.4915,17.993,-8.7011,24.366,5.0365,-5.4816,-7.8874,20.773,11.854,1.8658,-2.4224,-4.2356,-11.278,10.382,-1.3693,-8.4085,4.1921,-3.039,1.118,-3.1356,-30.863,1.6544,-2.849,21.731,-4.7274,-2.8044,21.29,-1.4694,-10.232,-3.0521,2.6347,8.7169,8.8669,-4.5826,2.8502,-0.72486,10.452,0.58206,9.9888,-25.256,2.6097,2.3547,12.441,-14.488,-15.741,4.4225,-41.164,-11.251,0,2.8004,-2.7614,-4.9624,-0.69265,2.0696,-0.84113,4.7332,-8.2461,31.031,-19.131,4.0793,8.9856,-5.5887,1.4315,6.5552,1.567,9.0498,25.167,-1.8802,-32.425,-3.3882,19.396,17.982,20.564,12.403,-5.7126,1.5467,-16.002,-40.825,-3.6474,3.1923,6.4361,-5.9511,-4.663,9.5175,1.5096,1.5568,16.419,-19.871,-19.259,-25.509,-10.51,0.29162,18.386,7.3822,-10.438,-27.676,0.77636,2.4191,4.6428,4.503,1.5478,-3.8644,-12.591,2.8004,0,-3.0007,-2.3913,-24.815,47.386,3.8112,-25.14,-4.1821,8.4931,-16.961,-15.865,19.211,30.075,-6.4195,-1.2022,9.1625,8.289,-8.1268,11.696,3.2972,-17.057,-7.0915,-4.6738,9.9255,18.084,33.683,6.1056,-10.826,4.572,-6.974,-4.749,-20.762,-8.6193,-8.507,2.6645,-11.701,16.524,-19.301,-0.28061,2.9568,10.362,-7.2122,-20.819,-2.7669,12.022,-2.8179,-2.8253,-17.815,18.134,5.1688,7.9238,-8.7714,7.6181,-12.014,-2.7614,-3.0007,0,15.973,-6.679,0.25814,21.019,-1.3176,-14.017,-9.2667,-1.2117,-0.36151,-13.858,-0.52946,-27.689,-31.77,-10.087,-12.46,-0.30427,8.9669,-2.526,22.35,6.6439,-14.358,8.0602,7.7449,8.3198,2.7561,-0.74021,0.013289,-15.812,12.229,-2.1462,-3.8783,7.7081,15.82,5.4722,30.328,-8.4034,-6.7736,-6.9299,3.0485,6.7908,-4.9303,8.255,-1.7859,3.3915,1.9765,0.37336,6.6974,19.404,20.403,-37.006,9.1391,-6.6933,-4.9624,-2.3913,15.973,0,-8.0881,0.8636,29.161,3.3232,1.6447,-9.8733,3.6527,9.5151,-4.2241,1.0941,-15.397,-22.968,-29.041,1.5099,-2.5532,-3.8499,1.3596,12.689,-2.2587,-15.086,-38.808,-22.702,-1.8906,-3.3931,19.162,24.44,9.8594,-5.6465,-1.2943,8.7648,3.6546,-15.871,-0.69661,-12.332,-6.5985,22.574,20.754,14.457,8.8183,4.9443,-20.725,-9.2888,9.3795,22.547,2.4585,-8.619,-11.428,-12.256,7.2712,-0.71148,20.405,-0.69265,-24.815,-6.679,-8.0881,0,-32.815,-16.176,18.887,6.4976,-2.6247,14.053,9.8155,-10.506,-24.624,18.142,12.284,0.41665,-5.496,8.1108,-11.466,-2.4883,5.2712,5.3402,12.753,26.446,16.072,-3.029,2.4264,-18.352,-37.509,-5.7673,3.864,4.6213,-7.3406,-4.7852,11.705,1.0117,4.7895,12.906,-22.063,-20.54,-22.007,-10.693,-1.7208,19.883,8.5133,-10.505,-29.006,-0.58278,4.5775,6.8473,7.0189,-1.1258,-2.3037,-15.512,2.0696,47.386,0.25814,0.8636,-32.815,0,7.4472,-25.076,-5.3254,6.5633,-16.792,-14.65,16.262,31.609,-10.076,-4.7182,6.1543,7.2896,-8.5554,12.505,3.2103,-12.751,-6.7045,-7.4472,16.193,17.97,11.455,2.0648,-8.5793,-4.8396,-12.238,6.7891,-5.8451,-5.4724,0.75099,13.863,0.06674,38.309,-6.0094,-8.9637,-9.8098,0.77722,-0.90344,-8.1712,10.086,6.401,-4.0704,-4.8037,-4.4239,14.416,14.512,16.369,-21.248,5.0473,-16.693,-0.84113,3.8112,21.019,29.161,-16.176,7.4472,0,-2.7306,-5.8123,-4.7993,-4.3166,2.7748,-1.57,5.5976,-28.034,-30.311,-16.393,0.72086,-1.9598,3.3754,-1.5426,10.003,0.7191,-15.882,-22.797,-15.39,-0.99307,-11.596,26.261,18.468,7.2088,2.3642,-0.80441,17.166,12.067,-7.5714,4.7627,1.8211,-6.0948,18.63,7.7845,17.366,19.33,9.2177,-8.7605,-9.0664,4.7674,51.173,7.2763,-1.227,-4.8572,-6.075,-4.6874,-3.8523,8.4915,4.7332,-25.14,-1.3176,3.3232,18.887,-25.076,-2.7306,0,7.1969,-0.14635,9.4863,31.459,-6.914,-31.391,8.9677,4.6642,-12.829,2.0664,15.84,-22.786,-9.5565,9.9872,9.1086,10.919,-8.5321,-19.246,-17.437,0.58869,18.027,0.2548,-6.8184,19.836,24.204,3.1393,26.759,8.5623,28.889,-3.6384,5.9622,-3.8602,-3.6684,-6.1321,23.186,13.682,5.8881,-47.937,17.812,9.1137,24.42,-24.68,9.1841,6.3647,-6.9028,5.3561,17.993,-8.2461,-4.1821,-14.017,1.6447,6.4976,-5.3254,-5.8123,7.1969,0,-4.8023,15.161,10.21,4.9139,-1.1682,14.431,8.0883,-5.4603,10.884,-5.5,-20.415,10.321,-6.4076,-15.449,1.3629,-1.483,-0.31891,-9.6117,-23.172,0.57243,-8.6082,19.146,-2.7127,3.0798,17.154,-0.89856,-7.5361,0.016329,-1.893,17.916,3.7964,-8.0495,-4.3371,-1.7266,14.079,4.2098,7.2447,-22.186,-1.5597,5.6779,6.0772,-12.98,-14.993,7.5919,-42.222,-8.7011,31.031,8.4931,-9.2667,-9.8733,-2.6247,6.5633,-4.7993,-0.14635,-4.8023,0,-21.194,-0.35713,17.047,-0.10565,4.8381,11.623,7.1014,13.187,14.617,-0.77051,-17.368,-12.07,10.161,18.637,-10.711,-13.533,0.08866,10.068,12.349,14.444,-8.7668,5.1315,3.4168,-4.4201,9.0038,2.2196,6.3504,-4.3849,-10.864,2.9146,10.974,6.0632,11.783,-1.5719,-7.2715,-19.846,39.788,12.232,3.4916,-15.675,6.5472,6.2201,-4.5452,17.553,24.366,-19.131,-16.961,-1.2117,3.6527,14.053,-16.792,-4.3166,9.4863,15.161,-21.194,0,8.0185,-12.78,-7.7649,7.4684,0.31404,-6.7124,-6.2721,-6.9517,-10.249,12.844,7.421,-9.0242,-4.4264,-13.302,-11.588,-2.7965,-11.815,23.396,10.266,1.9465,9.7455,2.9783,15.709,19.721,-0.10467,10.747,7.8567,-3.2679,9.2615,0.47155,10.649,27.617,11.235,-0.97194,-11.145,4.6081,27.785,11.823,-0.75669,1.6775,0.12928,-12.487,-2.7235,5.0365,4.0793,-15.865,-0.36151,9.5151,9.8155,-14.65,2.7748,31.459,10.21,-0.35713,8.0185,0,-2.6127,-17.347,5.2735,1.0925,-21.19,7.4185,12.125,-28.866,-7.7729,8.2797,5.029,6.404,5.4318,-0.19219,-20.361,-9.1388,-0.60238,-24.601,2.1515,9.9496,17.536,6.3876,6.473,6.8266,11.846,-0.11485,43.374,-10.583,-23.802,-21.919,2.0394,16.002,20.349,-1.481,-8.7154,-7.5559,14.723,-2.7611,1.7745,-0.29151,0.013337,-11.91,-5.4816,8.9856,19.211,-13.858,-4.2241,-10.506,16.262,-1.57,-6.914,4.9139,17.047,-12.78,-2.6127,0,11.79,4.0769,8.3754,4.9784,26.569,-0.092615,-2.2417,-1.6135,-26.336,-5.4115,5.6477,25.212,12.562,-3.2758,9.6877,-17.235,-27.386,-12.005,5.5719,6.9035,-14.37,-3.726,15.937,2.7121,1.8863,9.756,-33.183,-15.599,-26.688,-9.6066,-4.2645,17.976,3.4634,-2.5444,-30.764,-0.52977,-1.2551,11.473,11.822,-1.5235,4.6138,-7.8874,-5.5887,30.075,-0.52946,1.0941,-24.624,31.609,5.5976,-31.391,-1.1682,-0.10565,-7.7649,-17.347,11.79,0,-8.2915,-5.2203,6.709,4.1483,-18.214,12.411,11.629,-12.492,-14.73,-12.68,-22.255,-33.718,-18.546,-6.1247,19.058,5.0096,9.6361,1.2796,12.297,10.979,8.6879,-8.3856,8.268,-19.304,8.0697,8.3495,5.3061,-0.9245,10.498,17.119,-5.3791,-14.756,6.9382,11.263,13.77,-18.723,-8.7575,-11.507,9.497,-5.5131,20.773,1.4315,-6.4195,-27.689,-15.397,18.142,-10.076,-28.034,8.9677,14.431,4.8381,7.4684,5.2735,4.0769,-8.2915,0,33.254,6.6727,5.8514,3.9137,-13.34,0.802,-9.7359,-2.4121,17.923,-15.892,-19.654,-19.696,-9.2268,11.896,0.75181,15.056,-1.8155,10.734,12.558,4.1629,-10.899,4.9476,-20.873,13.139,7.6693,2.8003,-3.3699,4.9821,17.919,-3.9308,-7.4436,0.19172,6.0499,11.286,-12.407,-13.495,-16.927,14.724,-11.589,11.854,6.5552,-1.2022,-31.77,-22.968,12.284,-4.7182,-30.311,4.6642,8.0883,11.623,0.31404,1.0925,8.3754,-5.2203,33.254,0,12.087,7.3248,5.9378,-7.894,-2.5965,-14.73,0.33347,23.778,0.64636,-0.020946,-4.7436,3.0214,-7.7607,-5.3856,8.3829,-12.769,0.68791,-3.5693,-13.747,-9.0479,-8.2622,-21.727,8.1527,-0.23211,3.6286,-7.8394,-15.093,-1.0914,-4.2066,6.0815,-4.75,-11.118,-4.8859,-4.3021,-11.987,-11.464,30.537,-4.8905,1.8658,1.567,9.1625,-10.087,-29.041,0.41665,6.1543,-16.393,-12.829,-5.4603,7.1014,-6.7124,-21.19,4.9784,6.709,6.6727,12.087,0,-3.7687,-3.6562,12.4,2.738,-14.056,-1.2111,5.9318,0.19693,-5.0395,-21.417,-13.889,7.4708,-13.322,1.217,17.931,20.299,12.39,17.14,8.1532,21.145,4.2262,23.151,-6.468,-22.003,-12.292,12.093,25.24,19.265,-7.4165,-4.4868,1.2788,26.333,-3.5995,4.249,1.4999,-6.8079,-10.864,-2.4224,9.0498,8.289,-12.46,1.5099,-5.496,7.2896,0.72086,2.0664,10.884,13.187,-6.2721,7.4185,26.569,4.1483,5.8514,7.3248,-3.7687,0,3.7739,-12.081,-3.7502,-14.324,-4.0751,6.9593,-11.539,-4.2236,0.51437,-28.062,8.6949,7.6582,22.881,-5.9446,-6.3826,27.309,1.0439,-15.559,-3.7081,2.4128,0.24162,20.664,3.3347,13.423,4.4115,8.9778,-7.0243,5.268,-12.219,13.097,1.5477,10.399,-16.379,-17.463,2.6242,-21.16,-4.2356,25.167,-8.1268,-0.30427,-2.5532,8.1108,-8.5554,-1.9598,15.84,-5.5,14.617,-6.9517,12.125,-0.092615,-18.214,3.9137,5.9378,-3.6562,3.7739,0,-7.4639,-37.492,4.6616,27.914,20.022,16.358,20.919,11.564,10.456,-36.884,-6.4932,-1.6401,-13.782,-11.56,-15.607,-30.419,-1.1854,-18.961,-1.3466,-2.7557,-6.0552,1.2291,-3.682,-46.642,-19.24,-1.3159,20.77,-8.2301,-23.676,-22.289,9.068,-2.0856,0.35844,8.533,2.6848,-11.278,-1.8802,11.696,8.9669,-3.8499,-11.466,12.505,3.3754,-22.786,-20.415,-0.77051,-10.249,-28.866,-2.2417,12.411,-13.34,-7.894,12.4,-12.081,-7.4639,0,2.7398,-0.39925,1.037,-8.8958,5.2683,-1.359,-2.6402,25.936,-2.9802,-3.4686,-20.455,6.9799,8.5364,-20.424,2.181,12.884,6.1285,-5.23,-1.1333,-14.589,-0.32086,-10.512,-0.20813,-6.0961,4.1488,-10.72,19.471,-6.9393,1.1833,-16.656,14.816,15.022,-2.233,23.59,10.382,-32.425,3.2972,-2.526,1.3596,-2.4883,3.2103,-1.5426,-9.5565,10.321,-17.368,12.844,-7.7729,-1.6135,11.629,0.802,-2.5965,2.738,-3.7502,-37.492,2.7398,0,-4.0647,-31.679,-15.135,-2.4638,3.8761,23.884,3.0413,0.85436,18.374,-2.6825,-5.0739,-19.004,-2.1468,-2.8162,-3.2057,-8.7684,9.9218,-34.089,9.3396,11.821,25.23,0.9599,-12.513,-11.373,3.5771,3.4898,9.0286,-11.601,9.8131,1.0509,2.8941,-7.5037,7.631,-1.3693,-3.3882,-17.057,22.35,12.689,5.2712,-12.751,10.003,9.9872,-6.4076,-12.07,7.421,8.2797,-26.336,-12.492,-9.7359,-14.73,-14.056,-14.324,4.6616,-0.39925,-4.0647,0,9.4227,-6.2429,-6.0523,2.6303,9.0471,-14.696,0.75017,8.9743,19.817,-14.348,-17.072,12.827,-7.6523,-18.845,-13.672,3.0535,-5.3969,20.259,7.2348,17.681,-3.6494,-0.37897,-11.36,14.024,-15.215,6.9559,-8.0152,18.473,-18.345,-16.58,5.1036,-14.813,-8.4085,19.396,-7.0915,6.6439,-2.2587,5.3402,-6.7045,0.7191,9.1086,-15.449,10.161,-9.0242,5.029,-5.4115,-14.73,-2.4121,0.33347,-1.2111,-4.0751,27.914,1.037,-31.679,9.4227,0,11.698,-18.021,-13.657,-10.462,-21.77,12.519,4.2886,30.719,-5.1571,2.7242,26.453,2.6309,-18.054,0.58012,-9.857,8.5858,16.612,3.6534,4.2405,5.0507,17.57,-6.6396,-1.0531,-7.0551,10.738,7.5764,-1.4563,-21.965,-27.68,11.505,-23.053,4.1921,17.982,-4.6738,-14.358,-15.086,12.753,-7.4472,-15.882,10.919,1.3629,18.637,-4.4264,6.404,5.6477,-12.68,17.923,23.778,5.9318,6.9593,20.022,-8.8958,-15.135,-6.2429,11.698,0
