0,2.6811,-10.775,-5.8966,2.4922,11.856,-9.9177,12.959,-7.2634,-0.10447,-14.947,21.529,5.7997,1.2317,-19.181,3.2207,-4.644,7.3135,-0.73161,4.6023,-4.4071,-2.6811,6.7616,6.0153,7.7286,5.6736,13.986,20.079,6.7648,-16.357,32.116,-13.219,-8.054,-8.4744,10.231,13.432,7.7797,-7.2671,5.6017,-0.11803,3.0544,-18.463,-9.837,0.10847,10.342,-21.547,-0.0090106,5.839,5.878,-2.1557,-6.5059,21.004,-5.858,-6.8438,-2.549,2.6811,0,-1.7675,12.469,-16.58,-4.3823,7.9572,-1.8351,-2.6781,-6.5846,-0.91745,-0.53593,-4.5364,-6.0493,-0.031723,-1.9808,9.4602,2.3973,0.25808,17.977,12.311,20.427,-16.275,-0.35184,-1.8914,-7.6745,6.8714,-7.8258,-6.9487,2.8719,-0.70657,1.8582,-5.6164,13.046,6.2407,-15.062,-16.328,2.2701,6.0547,-15.22,12.949,4.5722,-0.60928,-6.8464,0.34602,0.4593,20.482,-3.2148,-6.188,-13.153,-3.5988,7.828,25.325,19.816,-7.499,-10.775,-1.7675,0,-10.634,11,-7.1339,6.3098,-12.51,-5.3298,7.9878,10.566,-2.3895,-2.7322,1.6857,3.0903,-15.31,3.0895,-20.96,-7.6368,-5.7554,6.5476,3.0369,-4.9766,-28.56,-1.6366,-13.028,3.7343,-10.616,10.345,5.2703,-6.9517,7.1524,1.3502,-2.1206,-7.2266,-2.5775,-1.0187,0.61723,-12.226,8.5118,10.064,-0.14005,11.656,-14.726,6.3655,18.042,2.5263,3.0206,2.7096,2.4357,3.9566,-8.7769,2.9179,11.212,20.147,-5.8966,12.469,-10.634,0,-28.374,-7.7266,9.5617,-3.4601,7.0036,-9.9068,2.6797,-12.739,-7.0473,-7.6571,8.991,9.573,8.0813,7.2864,10.375,7.9692,5.6906,7.2813,-9.6229,10.971,-4.7614,2.7969,-11.368,-8.9687,-21.15,6.6998,-8.9468,3.6276,4.6588,23.532,-0.69396,-16.506,-18.074,7.0973,10.491,-17.587,-4.5385,19.155,-4.7052,4.6953,-13.483,1.3574,8.1802,-12.161,-10.046,-7.106,1.0399,-0.8556,15.842,6.2558,-16.511,2.4922,-16.58,11,-28.374,0,2.9607,-4.3053,-2.6727,-9.1881,17.023,2.2237,9.8254,-0.43235,1.5953,-10.153,-3.8158,-8.2085,-13.393,-3.2092,-18.838,-6.5789,-13.069,11.839,-10.537,9.057,0.76008,4.1451,7.3982,27.513,-5.675,8.3774,-6.9027,4.4565,-16.341,-6.9253,18.741,12.496,-6.9744,-11.592,22.42,-1.9317,-14.078,1.4085,-5.081,8.6408,-0.21075,-7.3848,9.1691,15.686,8.6397,3.6918,-3.9302,-13.972,-6.0531,25.46,11.856,-4.3823,-7.1339,-7.7266,2.9607,0,-42.644,23.612,7.4552,4.1612,-25.628,11.282,7.6498,0.73024,-7.6403,-6.5557,-22.935,14.314,-4.6153,2.7611,-21.894,-3.5175,16.698,8.5141,8.7806,2.0802,10.943,20.917,2.1418,-4.5633,9.9348,-10.934,-13.607,-21.997,9.6296,6.9902,20.524,-19.157,-3.5427,9.1543,-1.552,-18.809,5.6208,10.248,-1.335,-15.726,-12.211,17.932,-0.92727,7.8658,-18.692,8.5941,-12.709,-10.098,-3.5586,-9.9177,7.9572,6.3098,9.5617,-4.3053,-42.644,0,-24.472,-8.6534,-2.6044,22.36,-9.3917,-11.176,-4.3772,5.1439,6.5211,21.007,-14.196,5.9599,-1.7117,21.704,5.2265,-17.581,-7.9419,-5.605,-2.7624,-8.8061,-20.289,-1.8565,4.8207,-7.9468,7.664,13.645,24.875,-9.4177,-8.473,-26.64,14.99,3.4594,-9.8118,2.2278,16.885,-5.8541,-11.367,0.43269,13.108,16.457,-15.482,1.4562,-9.3892,16.044,-7.0205,17.281,13.825,3.37,12.959,-1.8351,-12.51,-3.4601,-2.6727,23.612,-24.472,0,5.4849,-5.1151,-17.439,10.754,14.084,7.2318,-4.9609,-1.2138,-11.474,21.102,-9.4787,10.076,-10.72,1.7758,7.0214,9.2083,0.52743,-0.082274,9.9767,13.726,-5.095,-2.0642,7.2891,-4.2285,-18.678,-12.671,22.531,4.0164,13.207,-5.7522,-0.38444,-1.0422,0.2666,-10.321,3.3566,15.645,-0.86375,-18.16,-6.9832,10.894,-1.4699,-1.0585,-9.9915,8.2794,-12.229,-12.254,-12.216,-7.2634,-2.6781,-5.3298,7.0036,-9.1881,7.4552,-8.6534,5.4849,0,-5.6337,-9.5265,-13.889,5.5045,1.4805,15.888,-5.0258,-4.8146,15.256,3.6667,3.4999,-9.1812,-1.9579,5.285,13.418,-5.0389,5.1716,-7.6729,1.4832,-12.108,2.4292,-10.635,4.9154,-4.5732,-0.87966,-0.56046,-6.6096,5.5571,-3.7946,4.7202,1.3087,-5.4748,5.2278,5.9428,9.6997,-10.708,2.9942,-13.987,-1.9992,-22.148,11.99,-13.822,0.54478,-1.2956,-4.5162,-10.404,-0.10447,-6.5846,7.9878,-9.9068,17.023,4.1612,-2.6044,-5.1151,-5.6337,0,1.0629,7.9248,-14.238,-14.418,-12.546,-3.4874,-14.723,-11.553,3.3093,-17.892,-11.024,-8.1428,12.082,-5.8223,25.489,-0.60709,2.9015,5.2675,17.626,0.75622,6.8166,-16.602,8.3701,-9.9838,-10.794,6.9884,4.4827,-17.105,-15.333,22.062,-5.7703,-11.29,4.4257,-2.873,-2.6528,-2.4872,-2.0976,14.172,13.713,7.7562,-0.47411,-6.0314,-3.648,1.7188,19.615,-14.947,-0.91745,10.566,2.6797,2.2237,-25.628,22.36,-17.439,-9.5265,1.0629,0,-6.5677,-8.9481,-0.80521,4.5858,5.4625,10.866,-18.882,-1.0417,-6.438,13.632,3.4946,-12.507,-13.996,-5.404,-7.1712,-8.9234,-20.945,-0.59306,11.557,-10.775,8.5971,13.683,11.705,-7.6934,-5.8211,-14.571,15.467,-6.2015,-4.3645,-0.9279,14.105,0.87274,-4.7071,-2.1335,12.593,10.531,-7.1255,7.3925,-8.9049,28.814,-19.963,5.8352,7.4151,6.7792,21.529,-0.53593,-2.3895,-12.739,9.8254,11.282,-9.3917,10.754,-13.889,7.9248,-6.5677,0,1.3237,-0.7771,-32.138,0.24954,-9.9622,-0.33358,-7.5495,0.14742,-5.4894,-0.42113,6.418,-3.055,12.653,-2.9044,19.518,13.376,11.494,-5.6565,24.356,-15.312,-6.3296,-13.808,9.8782,12.308,7.708,-9.0069,-7.0129,4.7332,3.2777,-23.701,-1.0471,0.84483,7.3827,-18.988,2.5159,16.711,16.992,-4.7829,-1.0891,6.7003,-8.5404,-4.0881,4.3061,5.7997,-4.5364,-2.7322,-7.0473,-0.43235,7.6498,-11.176,14.084,5.5045,-14.238,-8.9481,1.3237,0,31.29,5.176,-5.2794,1.6987,10.766,-11.615,9.2603,0.070802,0.22708,0.84586,2.1218,-13.805,0.55234,5.514,5.6782,-3.092,-6.8637,0.50065,9.6108,-17.73,-7.8334,13.345,4.881,12.99,4.438,5.5297,-2.3495,7.141,-3.7692,1.0495,3.3014,10.291,-1.1725,-9.7534,-0.99215,-7.6326,2.0133,-5.5579,8.6041,-10.848,-10.939,-6.9288,1.2317,-6.0493,1.6857,-7.6571,1.5953,0.73024,-4.3772,7.2318,1.4805,-14.418,-0.80521,-0.7771,31.29,0,7.2086,-3.6012,6.2317,3.8254,-13.535,6.208,5.1338,0.88903,-3.2623,-3.3196,-19.492,-1.9263,2.6026,-0.0076621,-2.3804,-3.7765,-2.9332,15.372,-11.194,-4.3516,9.7821,3.9585,8.2453,10.996,3.3452,-3.5975,7.578,0.3188,1.0803,0.81611,11.623,3.5964,-6.3763,-3.9842,-4.4543,-0.76081,1.7053,2.7502,-9.582,-8.6649,-3.4869,-19.181,-0.031723,3.0903,8.991,-10.153,-7.6403,5.1439,-4.9609,15.888,-12.546,4.5858,-32.138,5.176,7.2086,0,-3.775,9.5594,3.1233,0.51318,4.2003,5.9964,3.4888,-7.8506,1.4801,-20.268,-0.77853,-12.633,-13.145,-14.076,6.747,-28.61,23.834,-0.31791,9.4845,-3.2239,-12.957,-4.1789,10.846,5.5257,-5.9196,0.67512,19.927,4.8831,0.9935,-4.9915,18.346,-3.9554,-13.048,-20.599,3.3549,-0.2867,-5.7052,5.1817,2.3684,-6.6703,3.2207,-1.9808,-15.31,9.573,-3.8158,-6.5557,6.5211,-1.2138,-5.0258,-3.4874,5.4625,0.24954,-5.2794,-3.6012,-3.775,0,3.6198,1.7672,10.693,-4.1042,1.0961,-5.9593,0.19147,9.4466,1.2115,11.679,-12.011,1.6347,-4.9067,-1.937,4.0039,-4.8279,13.027,8.9306,-2.0177,4.1949,-6.8123,8.0497,7.4791,-8.6287,-14.916,6.4735,-18.317,7.4433,-5.1876,-8.1355,3.4356,-9.1191,7.1065,-6.8197,12.545,-2.0419,-1.055,-7.8088,-6.7002,-4.644,9.4602,3.0895,8.0813,-8.2085,-22.935,21.007,-11.474,-4.8146,-14.723,10.866,-9.9622,1.6987,6.2317,9.5594,3.6198,0,-5.1868,1.5325,6.4694,33.261,7.1163,-21.769,-4.8671,-17.163,-1.38,-4.9754,-14.874,-5.0701,-1.1351,-7.1954,16.31,2.7659,20.739,-1.577,-6.9545,-15.342,22.983,12.041,-16.433,8.8806,15.18,-7.9798,-11.802,7.7942,12.799,11.213,-23.831,-5.7281,-9.1968,9.2209,1.4975,13.317,8.6942,-2.6115,7.3135,2.3973,-20.96,7.2864,-13.393,14.314,-14.196,21.102,15.256,-11.553,-18.882,-0.33358,10.766,3.8254,3.1233,1.7672,-5.1868,0,0.20244,12.959,-8.2056,1.5019,4.3854,22.392,-3.1825,6.0216,0.88761,9.2786,-14.033,-2.6817,1.4683,-0.93122,-12.373,-2.3832,12.999,-1.868,6.1779,-3.0463,9.3216,-6.2794,-2.8134,-1.0605,-1.0066,15.346,-5.6087,-11.33,-7.2215,0.65329,-12.141,1.2842,-13.711,10.541,-3.7542,-9.2036,-25.147,-0.73161,0.25808,-7.6368,10.375,-3.2092,-4.6153,5.9599,-9.4787,3.6667,3.3093,-1.0417,-7.5495,-11.615,-13.535,0.51318,10.693,1.5325,0.20244,0,-8.8126,-3.3713,-11.828,5.8564,12.663,6.8295,20.626,-14.537,3.3153,0.59429,-7.443,2.2311,-7.6978,16.96,8.2987,-17.171,2.3116,-4.8041,-3.2086,11.794,1.1813,-13.41,4.4832,-15.179,-1.9074,-5.3044,-0.16791,-2.1257,-10.505,-2.6362,7.8743,-1.2693,2.7183,5.7483,-0.76452,-0.10693,4.6023,17.977,-5.7554,7.9692,-18.838,2.7611,-1.7117,10.076,3.4999,-17.892,-6.438,0.14742,9.2603,6.208,4.2003,-4.1042,6.4694,12.959,-8.8126,0,8.0627,21.403,-12.896,2.8012,-10.395,-8.3507,9.109,-3.7831,-14.033,2.7783,-2.4941,7.8282,-19.794,5.2425,21.169,-12.113,-4.8568,5.0156,6.5478,-17.946,14.289,3.0768,3.1304,1.7444,1.4612,-2.3704,8.0101,-1.2941,-11.299,-11.938,-6.6864,9.696,7.9596,5.9371,-17.804,-4.4071,12.311,6.5476,5.6906,-6.5789,-21.894,21.704,-10.72,-9.1812,-11.024,13.632,-5.4894,0.070802,5.1338,5.9964,1.0961,33.261,-8.2056,-3.3713,8.0627,0,12.858,-31.825,-10.654,-14.132,-8.1241,-0.13407,-18.778,-3.6773,2.7417,-6.6729,15.022,0.71421,17.712,1.2577,-9.0932,-17.89,20.792,5.3921,-16.245,13.525,12.254,-3.3588,-12.857,7.9458,11.808,18.039,-13.562,-1.9622,-14.924,11.055,-0.56671,14.776,13.447,-0.60432,-2.6811,20.427,3.0369,7.2813,-13.069,-3.5175,5.2265,1.7758,-1.9579,-8.1428,3.4946,-0.42113,0.22708,0.88903,3.4888,-5.9593,7.1163,1.5019,-11.828,21.403,12.858,0,-22.251,-6.8103,-7.4111,-22.218,8.6963,-13.968,-10.631,13.113,-7.3161,8.6987,-10.796,8.2158,13.065,-21.074,-12.497,6.3354,-2.8093,-14.887,16.016,6.269,9.6496,-1.5349,-1.7067,2.9353,17.922,1.4988,-4.5251,-18.709,0.3781,-0.58759,13.699,16.532,-7.677,6.7616,-16.275,-4.9766,-9.6229,11.839,16.698,-17.581,7.0214,5.285,12.082,-12.507,6.418,0.84586,-3.2623,-7.8506,0.19147,-21.769,4.3854,5.8564,-12.896,-31.825,-22.251,0,8.9832,14.269,13.266,-0.49237,24.418,9.532,-9.3592,10.685,-15.867,2.0055,-18.907,-4.8179,17.462,21.5,-18.554,-2.4852,20.64,-13.158,-15.108,-1.7272,6.8715,-1.7552,-10.175,-21.127,9.3929,4.0466,19.508,-8.799,2.9086,-17.519,-16.393,4.8653,6.0153,-0.35184,-28.56,10.971,-10.537,8.5141,-7.9419,9.2083,13.418,-5.8223,-13.996,-3.055,2.1218,-3.3196,1.4801,9.4466,-4.8671,22.392,12.663,2.8012,-10.654,-6.8103,8.9832,0,2.0969,18.269,-7.2809,11.305,-9.5695,-6.4125,3.507,-6.3603,-0.08761,1.1646,1.488,1.788,3.4939,-4.346,13.829,-3.389,-12.524,0.85313,-9.2183,12.811,-8.4257,-11.085,-8.3881,-4.0834,-8.5138,5.4774,-9.5288,8.6545,-2.4101,-10.858,-16.387,7.7286,-1.8914,-1.6366,-4.7614,9.057,8.7806,-5.605,0.52743,-5.0389,25.489,-5.404,12.653,-13.805,-19.492,-20.268,1.2115,-17.163,-3.1825,6.8295,-10.395,-14.132,-7.4111,14.269,2.0969,0,3.5905,4.8466,11.731,12.458,-2.9698,14.51,-36.538,5.7092,-8.7614,-5.4408,7.9522,3.9953,-22.558,-7.6737,13.38,-7.4072,-14.556,-0.92522,0.64497,-3.8719,-11.894,-0.63742,14.179,12.358,4.9788,-4.3476,1.102,-2.6284,-0.32519,8.7169,5.6736,-7.6745,-13.028,2.7969,0.76008,2.0802,-2.7624,-0.082274,5.1716,-0.60709,-7.1712,-2.9044,0.55234,-1.9263,-0.77853,11.679,-1.38,6.0216,20.626,-8.3507,-8.1241,-22.218,13.266,18.269,3.5905,0,-11.291,13.092,1.9141,-16.725,7.1672,-7.18,8.7078,-0.087834,-8.7606,12.384,5.6814,-2.8474,15.114,3.1996,-14.929,-1.2171,-19.672,2.7288,0.16317,-5.3286,-11.71,-8.8058,-2.1966,11.874,-3.0759,7.399,-5.5688,-13.87,-2.3559,13.986,6.8714,3.7343,-11.368,4.1451,10.943,-8.8061,9.9767,-7.6729,2.9015,-8.9234,19.518,5.514,2.6026,-12.633,-12.011,-4.9754,0.88761,-14.537,9.109,-0.13407,8.6963,-0.49237,-7.2809,4.8466,-11.291,0,6.0099,7.6657,-3.0316,11.443,-4.9015,-18.228,-11.188,14.174,2.6111,5.8185,-8.27,-6.0711,2.2576,17.347,-17.997,6.4134,-4.752,10.705,-7.5314,4.5982,15.59,4.3049,-4.7742,-7.913,10.183,-1.3906,4.2768,2.889,20.079,-7.8258,-10.616,-8.9687,7.3982,20.917,-20.289,13.726,1.4832,5.2675,-20.945,13.376,5.6782,-0.0076621,-13.145,1.6347,-14.874,9.2786,3.3153,-3.7831,-18.778,-13.968,24.418,11.305,11.731,13.092,6.0099,0,8.4461,-16.854,21.64,-17.144,-4.19,-17.539,2.923,20.502,20.177,-15.443,2.8997,10.15,-6.0047,-21.688,-6.4823,5.3855,4.127,-18.997,-13.23,8.4502,3.7598,10.123,-11.154,13.073,-15.189,-16.468,0.032322,6.7648,-6.9487,10.345,-21.15,27.513,2.1418,-1.8565,-5.095,-12.108,17.626,-0.59306,11.494,-3.092,-2.3804,-14.076,-4.9067,-5.0701,-14.033,0.59429,-14.033,-3.6773,-10.631,9.532,-9.5695,12.458,1.9141,7.6657,8.4461,0,-10.976,13.664,-10.174,3.9659,-11.891,-8.0816,17.338,8.4076,-9.8714,-6.1182,18.516,2.1438,-17.192,-2.3692,-12.594,13.261,-0.70789,-2.8903,7.248,13.158,7.8524,0.10292,2.6644,-6.0616,-0.6669,27.798,-16.357,2.8719,5.2703,6.6998,-5.675,-4.5633,4.8207,-2.0642,2.4292,0.75622,11.557,-5.6565,-6.8637,-3.7765,6.747,-1.937,-1.1351,-2.6817,-7.443,2.7783,2.7417,13.113,-9.3592,-6.4125,-2.9698,-16.725,-3.0316,-16.854,-10.976,0,-16.859,6.4065,0.87621,5.4653,2.3432,-18.794,-9.5665,4.5921,-13.833,-4.4145,-0.70214,11.068,16.908,7.2221,-16.317,5.4036,7.3587,4.2166,0.25178,-8.78,6.5968,-20.595,5.3136,8.3305,-2.872,32.116,-0.70657,-6.9517,-8.9468,8.3774,9.9348,-7.9468,7.2891,-10.635,6.8166,-10.775,24.356,0.50065,-2.9332,-28.61,4.0039,-7.1954,1.4683,2.2311,-2.4941,-6.6729,-7.3161,10.685,3.507,14.51,7.1672,11.443,21.64,13.664,-16.859,0,-20.438,-1.9381,-10.22,3.5204,18.968,8.1409,-10.589,2.0501,5.2729,-0.28139,-22.616,-10.496,-1.9379,9.6416,-19.386,-0.659,7.5581,11.593,0.67729,-3.973,14.251,-6.9318,-6.5432,3.7721,-13.219,1.8582,7.1524,3.6276,-6.9027,-10.934,7.664,-4.2285,4.9154,-16.602,8.5971,-15.312,9.6108,15.372,23.834,-4.8279,16.31,-0.93122,-7.6978,7.8282,15.022,8.6987,-15.867,-6.3603,-36.538,-7.18,-4.9015,-17.144,-10.174,6.4065,-20.438,0,-4.1641,8.8113,2.3198,-10.88,-5.3084,19.643,3.3926,-9.6931,8.6956,15.94,5.048,-3.0755,2.7346,18.811,1.5188,-11.891,-11.877,-3.7978,4.8771,-4.8337,4.5888,4.1776,-4.3529,-8.054,-5.6164,1.3502,4.6588,4.4565,-13.607,13.645,-18.678,-4.5732,8.3701,13.683,-6.3296,-17.73,-11.194,-0.31791,13.027,2.7659,-12.373,16.96,-19.794,0.71421,-10.796,2.0055,-0.08761,5.7092,8.7078,-18.228,-4.19,3.9659,0.87621,-1.9381,-4.1641,0,8.4239,-23.607,2.5999,-8.0662,2.9136,0.11551,3.0774,-15.123,7.6959,-8.9591,-2.5151,-5.8514,4.6062,1.6524,-8.1252,7.6366,2.6058,13.107,-10.831,2.8769,0.41221,8.0081,-8.4744,13.046,-2.1206,23.532,-16.341,-21.997,24.875,-12.671,-0.87966,-9.9838,11.705,-13.808,-7.8334,-4.3516,9.4845,8.9306,20.739,-2.3832,8.2987,5.2425,17.712,8.2158,-18.907,1.1646,-8.7614,-0.087834,-11.188,-17.539,-11.891,5.4653,-10.22,8.8113,8.4239,0,-4.2585,-14.621,-31.43,15.554,10.03,-19.376,0.57564,25.219,-6.9365,-4.2658,-4.556,8.6523,14.601,-20.23,-5.9791,-10.53,8.6975,-2.9169,21.735,11.405,-7.0612,10.231,6.2407,-7.2266,-0.69396,-6.9253,9.6296,-9.4177,22.531,-0.56046,-10.794,-7.6934,9.8782,13.345,9.7821,-3.2239,-2.0177,-1.577,12.999,-17.171,21.169,1.2577,13.065,-4.8179,1.488,-5.4408,-8.7606,14.174,2.923,-8.0816,2.3432,3.5204,2.3198,-23.607,-4.2585,0,-2.6413,3.0135,2.2027,-0.51602,-9.8676,9.1939,-4.5039,4.5801,8.2362,2.3069,-10.805,3.5361,6.9356,-1.2379,-12.12,-3.7918,6.9265,-3.4511,-2.6599,-13.434,13.432,-15.062,-2.5775,-16.506,18.741,6.9902,-8.473,4.0164,-6.6096,6.9884,-5.8211,12.308,4.881,3.9585,-12.957,4.1949,-6.9545,-1.868,2.3116,-12.113,-9.0932,-21.074,17.462,1.788,7.9522,12.384,2.6111,20.502,17.338,-18.794,18.968,-10.88,2.5999,-14.621,-2.6413,0,16.526,-6.1508,0.84934,12.222,-5.6678,-16.573,-9.9912,-0.7393,10.992,-9.1356,-11.039,3.6294,11.235,8.7257,0.27566,6.0853,-18.686,-16.951,8.7321,7.7797,-16.328,-1.0187,-18.074,12.496,20.524,-26.64,13.207,5.5571,4.4827,-14.571,7.708,12.99,8.2453,-4.1789,-6.8123,-15.342,6.1779,-4.8041,-4.8568,-17.89,-12.497,21.5,3.4939,3.9953,5.6814,5.8185,20.177,8.4076,-9.5665,8.1409,-5.3084,-8.0662,-31.43,3.0135,16.526,0,-11.63,-3.1808,16.332,-2.6218,-17.779,3.0561,5.3224,5.2776,-6.8813,-24.626,10.61,0.80828,15.499,-10.401,5.3316,-25.578,-17.723,3.5492,-7.2671,2.2701,0.61723,7.0973,-6.9744,-19.157,14.99,-5.7522,-3.7946,-17.105,15.467,-9.0069,4.438,10.996,10.846,8.0497,22.983,-3.0463,-3.2086,5.0156,20.792,6.3354,-18.554,-4.346,-22.558,-2.8474,-8.27,-15.443,-9.8714,4.5921,-10.589,19.643,2.9136,15.554,2.2027,-6.1508,-11.63,0,6.0643,-17.833,2.9791,18.823,-4.6788,-1.3219,2.4954,9.0975,7.7295,-17.624,-2.0897,-12.464,17.174,-5.6108,4.5705,1.4804,-5.8167,5.6017,6.0547,-12.226,10.491,-11.592,-3.5427,3.4594,-0.38444,4.7202,-15.333,-6.2015,-7.0129,5.5297,3.3452,5.5257,7.4791,12.041,9.3216,11.794,6.5478,5.3921,-2.8093,-2.4852,13.829,-7.6737,15.114,-6.0711,2.8997,-6.1182,-13.833,2.0501,3.3926,0.11551,10.03,-0.51602,0.84934,-3.1808,6.0643,0,-10.734,0.013805,5.5798,-19.057,-2.9597,4.969,-0.22795,-0.86449,-19.869,-12.033,1.109,-4.028,15.334,5.5158,-2.6911,-10.847,-0.11803,-15.22,8.5118,-17.587,22.42,9.1543,-9.8118,-1.0422,1.3087,22.062,-4.3645,4.7332,-2.3495,-3.5975,-5.9196,-8.6287,-16.433,-6.2794,1.1813,-17.946,-16.245,-14.887,20.64,-3.389,13.38,3.1996,2.2576,10.15,18.516,-4.4145,5.2729,-9.6931,3.0774,-19.376,-9.8676,12.222,16.332,-17.833,-10.734,0,-5.068,-14.309,5.5311,-1.8943,1.4936,-0.065643,-14.241,12.166,5.9656,20.391,-5.776,-2.6615,-11.548,-5.2281,18.246,3.0544,12.949,10.064,-4.5385,-1.9317,-1.552,2.2278,0.2666,-5.4748,-5.7703,-0.9279,3.2777,7.141,7.578,0.67512,-14.916,8.8806,-2.8134,-13.41,14.289,13.525,16.016,-13.158,-12.524,-7.4072,-14.929,17.347,-6.0047,2.1438,-0.70214,-0.28139,8.6956,-15.123,0.57564,9.1939,-5.6678,-2.6218,2.9791,0.013805,-5.068,0,-2.7096,5.8552,-13.806,14.473,5.9461,9.271,1.2419,-4.167,-7.1527,-3.6909,7.742,7.8207,12.94,1.7243,-18.463,4.5722,-0.14005,19.155,-14.078,-18.809,16.885,-10.321,5.2278,-11.29,14.105,-23.701,-3.7692,0.3188,19.927,6.4735,15.18,-1.0605,4.4832,3.0768,12.254,6.269,-15.108,0.85313,-14.556,-1.2171,-17.997,-21.688,-17.192,11.068,-22.616,15.94,7.6959,25.219,-4.5039,-16.573,-17.779,18.823,5.5798,-14.309,-2.7096,0,-0.86165,1.2627,-8.9972,13.251,6.2251,-18.26,-8.7646,-6.1933,9.6271,-10.051,11.673,6.1201,-7.8532,-9.837,-0.60928,11.656,-4.7052,1.4085,5.6208,-5.8541,3.3566,5.9428,4.4257,0.87274,-1.0471,1.0495,1.0803,4.8831,-18.317,-7.9798,-1.0066,-15.179,3.1304,-3.3588,9.6496,-1.7272,-9.2183,-0.92522,-19.672,6.4134,-6.4823,-2.3692,16.908,-10.496,5.048,-8.9591,-6.9365,4.5801,-9.9912,3.0561,-4.6788,-19.057,5.5311,5.8552,-0.86165,0,3.4229,-6.2853,5.4368,-1.2656,13.801,-2.6283,0.79169,-4.4034,-9.6724,-0.88017,5.9931,2.4274,0.10847,-6.8464,-14.726,4.6953,-5.081,10.248,-11.367,15.645,9.6997,-2.873,-4.7071,0.84483,3.3014,0.81611,0.9935,7.4433,-11.802,15.346,-1.9074,1.7444,-12.857,-1.5349,6.8715,12.811,0.64497,2.7288,-4.752,5.3855,-12.594,7.2221,-1.9379,-3.0755,-2.5151,-4.2658,8.2362,-0.7393,5.3224,-1.3219,-2.9597,-1.8943,-13.806,1.2627,3.4229,0,-16.379,-11.848,-7.3817,5.4909,-0.26175,-0.76745,-1.0364,-4.9777,-10.438,-13.777,-13.951,10.342,0.34602,6.3655,-13.483,8.6408,-1.335,0.43269,-0.86375,-10.708,-2.6528,-2.1335,7.3827,10.291,11.623,-4.9915,-5.1876,7.7942,-5.6087,-5.3044,1.4612,7.9458,-1.7067,-1.7552,-8.4257,-3.8719,0.16317,10.705,4.127,13.261,-16.317,9.6416,2.7346,-5.8514,-4.556,2.3069,10.992,5.2776,2.4954,4.969,1.4936,14.473,-8.9972,-6.2853,-16.379,0,2.0579,0.55297,-2.4343,2.5458,0.25555,-0.082052,12.04,-2.4978,-0.24449,8.0058,-21.547,0.4593,18.042,1.3574,-0.21075,-15.726,13.108,-18.16,2.9942,-2.4872,12.593,-18.988,-1.1725,3.5964,18.346,-8.1355,12.799,-11.33,-0.16791,-2.3704,11.808,2.9353,-10.175,-11.085,-11.894,-5.3286,-7.5314,-18.997,-0.70789,5.4036,-19.386,18.811,4.6062,8.6523,-10.805,-9.1356,-6.8813,9.0975,-0.22795,-0.065643,5.9461,13.251,5.4368,-11.848,2.0579,0,1.3586,-10.392,-8.1575,3.1712,4.4691,-8.4175,8.6718,10.525,6.8562,-0.0090106,20.482,2.5263,8.1802,-7.3848,-12.211,16.457,-6.9832,-13.987,-2.0976,10.531,2.5159,-9.7534,-6.3763,-3.9554,3.4356,11.213,-7.2215,-2.1257,8.0101,18.039,17.922,-21.127,-8.3881,-0.63742,-11.71,4.5982,-13.23,-2.8903,7.3587,-0.659,1.5188,1.6524,14.601,3.5361,-11.039,-24.626,7.7295,-0.86449,-14.241,9.271,6.2251,-1.2656,-7.3817,0.55297,1.3586,0,-2.5914,4.8765,-24.968,9.0549,-1.364,18.657,19.17,-1.0663,5.839,-3.2148,3.0206,-12.161,9.1691,17.932,-15.482,10.894,-1.9992,14.172,-7.1255,16.711,-0.99215,-3.9842,-13.048,-9.1191,-23.831,0.65329,-10.505,-1.2941,-13.562,1.4988,9.3929,-4.0834,14.179,-8.8058,15.59,8.4502,7.248,4.2166,7.5581,-11.891,-8.1252,-20.23,6.9356,3.6294,10.61,-17.624,-19.869,12.166,1.2419,-18.26,13.801,5.4909,-2.4343,-10.392,-2.5914,0,8.9493,1.5095,-6.7386,-1.3663,-8.6062,-1.3085,5.2926,5.878,-6.188,2.7096,-10.046,15.686,-0.92727,1.4562,-1.4699,-22.148,13.713,7.3925,16.992,-7.6326,-4.4543,-20.599,7.1065,-5.7281,-12.141,-2.6362,-11.299,-1.9622,-4.5251,4.0466,-8.5138,12.358,-2.1966,4.3049,3.7598,13.158,0.25178,11.593,-11.877,7.6366,-5.9791,-1.2379,11.235,0.80828,-2.0897,-12.033,5.9656,-4.167,-8.7646,-2.6283,-0.26175,2.5458,-8.1575,4.8765,8.9493,0,-5.5971,12.79,-6.1455,-7.0672,-2.8032,11.676,-2.1557,-13.153,2.4357,-7.106,8.6397,7.8658,-9.3892,-1.0585,11.99,7.7562,-8.9049,-4.7829,2.0133,-0.76081,3.3549,-6.8197,-9.1968,1.2842,7.8743,-11.938,-14.924,-18.709,19.508,5.4774,4.9788,11.874,-4.7742,10.123,7.8524,-8.78,0.67729,-3.7978,2.6058,-10.53,-12.12,8.7257,15.499,-12.464,1.109,20.391,-7.1527,-6.1933,0.79169,-0.76745,0.25555,3.1712,-24.968,1.5095,-5.5971,0,-11.476,2.0449,-8.2418,-7.8027,7.2086,-6.5059,-3.5988,3.9566,1.0399,3.6918,-18.692,16.044,-9.9915,-13.822,-0.47411,28.814,-1.0891,-5.5579,1.7053,-0.2867,12.545,9.2209,-13.711,-1.2693,-6.6864,11.055,0.3781,-8.799,-9.5288,-4.3476,-3.0759,-7.913,-11.154,0.10292,6.5968,-3.973,4.8771,13.107,8.6975,-3.7918,0.27566,-10.401,17.174,-4.028,-5.776,-3.6909,9.6271,-4.4034,-1.0364,-0.082052,4.4691,9.0549,-6.7386,12.79,-11.476,0,-14.527,0.44013,0.59871,4.2865,21.004,7.828,-8.7769,-0.8556,-3.9302,8.5941,-7.0205,8.2794,0.54478,-6.0314,-19.963,6.7003,8.6041,2.7502,-5.7052,-2.0419,1.4975,10.541,2.7183,9.696,-0.56671,-0.58759,2.9086,8.6545,1.102,7.399,10.183,13.073,2.6644,-20.595,14.251,-4.8337,-10.831,-2.9169,6.9265,6.0853,5.3316,-5.6108,15.334,-2.6615,7.742,-10.051,-9.6724,-4.9777,12.04,-8.4175,-1.364,-1.3663,-6.1455,2.0449,-14.527,0,1.0543,-1.9222,-5.402,-5.858,25.325,2.9179,15.842,-13.972,-12.709,17.281,-12.229,-1.2956,-3.648,5.8352,-8.5404,-10.848,-9.582,5.1817,-1.055,13.317,-3.7542,5.7483,7.9596,14.776,13.699,-17.519,-2.4101,-2.6284,-5.5688,-1.3906,-15.189,-6.0616,5.3136,-6.9318,4.5888,2.8769,21.735,-3.4511,-18.686,-25.578,4.5705,5.5158,-11.548,7.8207,11.673,-0.88017,-10.438,-2.4978,8.6718,18.657,-8.6062,-7.0672,-8.2418,0.44013,1.0543,0,27.646,-2.6343,-6.8438,19.816,11.212,6.2558,-6.0531,-10.098,13.825,-12.254,-4.5162,1.7188,7.4151,-4.0881,-10.939,-8.6649,2.3684,-7.8088,8.6942,-9.2036,-0.76452,5.9371,13.447,16.532,-16.393,-10.858,-0.32519,-13.87,4.2768,-16.468,-0.6669,8.3305,-6.5432,4.1776,0.41221,11.405,-2.6599,-16.951,-17.723,1.4804,-2.6911,-5.2281,12.94,6.1201,5.9931,-13.777,-0.24449,10.525,19.17,-1.3085,-2.8032,-7.8027,0.59871,-1.9222,27.646,0,3.7403,-2.549,-7.499,20.147,-16.511,25.46,-3.5586,3.37,-12.216,-10.404,19.615,6.7792,4.3061,-6.9288,-3.4869,-6.6703,-6.7002,-2.6115,-25.147,-0.10693,-17.804,-0.60432,-7.677,4.8653,-16.387,8.7169,-2.3559,2.889,0.032322,27.798,-2.872,3.7721,-4.3529,8.0081,-7.0612,-13.434,8.7321,3.5492,-5.8167,-10.847,18.246,1.7243,-7.8532,2.4274,-13.951,8.0058,6.8562,-1.0663,5.2926,11.676,7.2086,4.2865,-5.402,-2.6343,3.7403,0
