0,-3.7042,-6.3171,-9.5627,-8.004,1.211,-12.165,35.82,-26.023,-3.447,-2.9945,14.644,-11.776,13.796,3.8649,17.548,-6.2609,0.88722,19.571,-5.7603,-10.243,-12.617,5.5324,9.2426,-6.0112,5.6296,-23.236,-10.95,5.556,-15.277,12.468,-10.013,-24.97,-9.3539,7.9122,14.423,26.143,3.1318,-3.4556,-4.9336,-15.974,-17.79,-24.638,11.063,-1.4053,11.554,17.857,0.12491,-22.591,13.573,0.063262,9.4505,-8.7268,7.1445,-11.834,-3.7042,0,-9.1861,-11.064,-0.034499,10.783,-2.5415,-1.2992,-4.7123,8.0076,12.444,11.816,6.0209,-11.978,6.1702,-2.6528,-4.334,-15.406,-3.4288,11.17,-0.1242,-2.0188,13.193,-12.956,-14.905,15.883,8.011,-11.934,13.994,8.5213,1.6785,15.042,2.9158,-5.2323,0.87347,5.247,0.75614,7.6225,3.4807,7.0389,1.015,-3.6055,-3.9229,-23.117,10.419,-8.9253,-4.0912,-13.402,1.9925,4.0182,-20.755,-2.6495,1.5491,-10.854,10.862,-6.3171,-9.1861,0,17.541,6.8657,-9.282,4.2304,-6.5997,7.6654,-0.87477,-5.4832,-13.495,3.9217,4.6113,0.59653,-0.13035,10.677,7.167,-7.6752,6.648,-4.8463,4.3649,-16.606,9.5829,9.781,-12.386,3.4709,2.7469,-12.504,-6.8467,1.347,-1.2975,-1.1824,16.102,-5.1163,-15.096,-6.2738,-21.066,-6.1321,-2.8896,9.6627,5.9395,11.729,5.028,1.1025,-1.5328,1.6978,-2.7341,7.765,-14.611,5.1362,-13.23,13.441,3.4978,-1.6482,-9.5627,-11.064,17.541,0,7.3693,-7.3085,0.90725,-15.241,12.86,-10.215,-12.801,-27.713,-3.0236,-5.3337,-11.593,-13.432,8.3831,21.596,-7.0166,-0.086211,-0.22599,18.618,-12.858,10.643,29.679,-17.58,7.9988,8.7183,-29.674,-6.6234,1.6123,0.29435,1.7573,28.314,-9.8651,-6.8257,-17.385,-19.614,1.3856,0.52991,20.342,18.644,14.646,8.3048,-8.9239,-5.8871,-4.6755,8.4076,11.576,-12.671,5.4066,-3.7479,18.879,-1.1295,1.1351,-8.004,-0.034499,6.8657,7.3693,0,-16.711,15.384,-9.0796,4.2433,1.8421,11.222,-6.9921,14.523,-7.6195,-3.1689,-3.2289,9.9167,1.0967,4.2834,14.609,13.212,0.90519,-14.514,1.55,1.9945,-18.019,-1.0649,0.68168,-7.4696,3.156,3.2343,18.328,6.1122,3.4372,-22.077,-12.823,-12.698,-2.524,-13.159,-15.074,4.1402,8.2108,5.7749,-6.3212,7.6112,0.85445,6.3833,-4.0703,19.133,-27.845,0.91337,-21.165,8.9375,-8.0852,-3.7178,1.211,10.783,-9.282,-7.3085,-16.711,0,-11.727,1.8572,-0.78482,6.4094,-3.626,10.41,-9.8622,-3.388,-3.4512,-3.2377,-22.033,-2.6477,-8.1937,-1.3344,-11.439,5.5063,11.992,-2.3874,-6.2506,19.828,8.32,-7.9746,5.3834,2.6028,-4.7092,-1.4173,-2.406,0.88524,20.247,13.066,5.5977,-0.16137,25.402,28.647,-1.3358,-0.12446,-7.5,-1.4566,-7.7855,-15.481,-10.517,2.9884,-11.679,14.617,-4.0404,12.297,0.11568,5.5571,19.836,-12.165,-2.5415,4.2304,0.90725,15.384,-11.727,0,-8.6602,11.895,10.248,14.171,-6.1826,23.584,-0.49893,0.47171,0.29693,6.4997,-6.0615,-1.8979,7.0479,19.676,-2.7114,-14.248,-6.5783,-2.1037,-12.162,0.15721,9.1037,-1.5341,16.008,-12.549,7.7431,18.033,-2.7963,-8.0814,-25.726,-9.2888,3.2337,-9.4433,-10.592,-2.1561,6.1727,9.7239,-8.0842,7.3868,2.9685,-0.22624,-2.1294,13.295,-19.299,8.9626,-16.718,-2.267,-0.48124,-1.2605,35.82,-1.2992,-6.5997,-15.241,-9.0796,1.8572,-8.6602,0,-25.755,0.97214,0.85012,19.319,-6.6585,17.528,8.9974,25.766,-5.9863,-4.8695,15.968,-4.0009,-9.3733,-19.47,6.5205,4.6374,-11.485,8.7324,-22.416,-11.398,11.01,-9.864,8.5201,-9.8695,-18.755,-14.131,10.244,10.523,40.554,5.922,-5.0364,-4.9904,-21.415,-25.966,-23.133,6.5182,2.7859,12.942,17.072,-3.9538,-23.346,13.968,-0.59784,6.6873,-12.816,7.7405,-11.043,-26.023,-4.7123,7.6654,12.86,4.2433,-0.78482,11.895,-25.755,0,2.7716,-2.8517,-18.743,5.3436,-6.8028,-9.7164,-15.19,2.3268,5.0874,-18.539,-0.056659,7.9327,16.07,-10.513,-3.0442,10.897,-9.5249,16.211,16.644,-11.631,11.528,-18.843,2.248,20.009,12.061,-2.8664,-14.294,-21.153,-6.6767,6.7492,5.801,11.497,23.391,21.629,-1.4886,-6.6403,-10.227,-18.003,8.5023,12.958,-12.126,9.6858,-4.37,6.5827,1.5132,10.69,-3.447,8.0076,-0.87477,-10.215,1.8421,6.4094,10.248,0.97214,2.7716,0,15.235,10.164,10.722,2.7492,2.5731,6.9046,-9.9154,-13.566,-4.3779,13.521,0.34523,-5.278,-4.4696,-4.4323,-17.738,4.2547,0.7621,-7.2767,6.5832,12.347,-11.159,6.9382,4.9681,-4.5816,9.0523,-7.2744,3.779,1.1843,0.94913,2.3372,-10.114,-0.88326,-4.0029,-9.2253,5.7355,-6.0128,0.04954,-6.2632,-2.2734,-4.0108,3.9038,-8.8629,-2.0977,8.4156,9.8125,-2.9945,12.444,-5.4832,-12.801,11.222,-3.626,14.171,0.85012,-2.8517,15.235,0,9.2877,22.191,-2.8883,8.0477,6.0456,1.0025,-20.64,4.5206,14.577,11.528,-11.976,-0.60112,-11.526,-19.402,1.6008,-3.2266,-5.6397,11.866,13.938,-2.472,15.97,7.5041,-13.11,-4.6514,-6.9564,0.74382,11.811,-10.209,-8.9435,-8.5105,-4.7138,-2.8975,-20.536,19.212,2.7503,5.4761,-13.997,5.6204,-6.4984,-4.5024,-13.869,-4.9931,-5.9334,-0.3364,14.644,11.816,-13.495,-27.713,-6.9921,10.41,-6.1826,19.319,-18.743,10.164,9.2877,0,-1.7004,5.1315,7.4833,14.377,-13.381,-13.229,8.8687,3.8502,-6.6862,-14.34,10.81,-2.4127,-27.418,17.483,-9.278,-19.996,18.136,-0.087838,4.0434,1.0857,-9.4374,-15.501,12.212,11.493,22.009,9.3069,0.50027,1.2908,-18.95,-17.097,-26.111,-4.3276,5.6931,1.9321,8.4996,-7.8513,-16.423,12.849,-6.2617,3.9691,-9.2406,3.7244,0.68473,-11.776,6.0209,3.9217,-3.0236,14.523,-9.8622,23.584,-6.6585,5.3436,10.722,22.191,-1.7004,0,-2.4506,9.5303,2.0195,10.443,-15.062,-2.8242,13.009,14.458,-7.1897,-5.8756,-12.615,-7.7911,-4.2265,2.2856,2.8276,5.8591,15.286,-6.1237,12.353,14.649,-5.5044,-9.8572,-20.453,-6.3688,5.9375,-13.358,-9.5963,-0.29611,-0.0059826,8.8648,-19.151,20.811,2.9023,0.81264,-14.232,15.232,-14.597,-2.0414,-24.155,-1.4086,-7.4555,-1.1302,13.796,-11.978,4.6113,-5.3337,-7.6195,-3.388,-0.49893,17.528,-6.8028,2.7492,-2.8883,5.1315,-2.4506,0,8.5417,24.626,-0.64998,-1.7441,5.5509,-5.4255,-7.8303,-14.144,-3.6721,6.5021,-3.9578,0.46749,-15.658,-0.92577,3.5825,-7.4809,-0.36684,-18.509,-9.7076,-6.4278,10.195,-2.1911,18.014,-0.93104,-6.8699,-5.8723,-14.747,-13.672,-6.2815,11.242,0.93025,13.838,11.192,-1.1992,-14.132,4.6415,9.8278,1.328,-10.891,16.555,-11.425,3.8649,6.1702,0.59653,-11.593,-3.1689,-3.4512,0.47171,8.9974,-9.7164,2.5731,8.0477,7.4833,9.5303,8.5417,0,13.517,9.0314,-19.362,1.2665,2.1133,-1.3816,-20.888,8.0351,-10.476,-12.084,9.5846,-4.023,-3.4043,20.616,1.1149,3.2052,-2.6113,-1.5036,-13.098,0.21513,-2.976,10.338,9.2885,-12.463,-5.3595,-5.1078,-22.016,-0.43091,-9.0936,23.486,11.457,5.6424,-24.388,-1.3525,4.538,-10.441,-5.6286,-9.6923,-5.0962,-8.2988,17.548,-2.6528,-0.13035,-13.432,-3.2289,-3.2377,0.29693,25.766,-15.19,6.9046,6.0456,14.377,2.0195,24.626,13.517,0,-1.5688,-8.9534,11.582,1.4149,-5.6635,-27.932,-0.48956,3.0744,-13.973,3.8989,-21.48,-8.803,10.557,-5.2729,3.9807,-7.2154,-11.187,-13.693,7.4645,-0.15592,25.001,4.202,-11.689,-9.726,-22.824,-22.709,-13.139,3.109,8.5646,14.976,19.541,-8.6945,-13.288,4.5725,2.7127,-2.399,-11.973,9.3647,-12.089,-6.2609,-4.334,10.677,8.3831,9.9167,-22.033,6.4997,-5.9863,2.3268,-9.9154,1.0025,-13.381,10.443,-0.64998,9.0314,-1.5688,0,-0.28025,-0.16738,0.42945,8.2107,-2.8134,-3.661,-3.8943,7.5872,-9.4342,0.84396,9.5816,-1.5938,-1.2291,4.7199,1.1646,4.9757,1.2388,-20.937,-11.652,-8.1857,0.56577,-17.113,-12.514,9.6713,-0.61941,15.373,-3.6178,11.356,10.113,2.3031,-8.066,16.413,-9.747,-4.3911,-10.914,1.8775,-13.293,-12.565,0.88722,-15.406,7.167,21.596,1.0967,-2.6477,-6.0615,-4.8695,5.0874,-13.566,-20.64,-13.229,-15.062,-1.7441,-19.362,-8.9534,-0.28025,0,0.60094,-6.6413,-4.2484,16.306,-8.4087,19.753,25.81,-12.813,0.54948,4.9595,-28.995,-13.28,4.5065,-5.1955,-5.7812,18.217,-2.9304,3.1323,-7.0658,-15.894,5.7202,1.6212,8.9539,12.915,2.6426,20.723,-21.058,-3.6518,-0.85242,19.14,0.37417,-3.1936,8.7944,6.1886,11.299,4.4828,-0.85126,19.571,-3.4288,-7.6752,-7.0166,4.2834,-8.1937,-1.8979,15.968,-18.539,-4.3779,4.5206,8.8687,-2.8242,5.5509,1.2665,11.582,-0.16738,0.60094,0,-1.7934,2.5428,-12.634,0.62338,5.9851,-4.6766,-2.8659,-28.736,-6.4457,2.9424,-8.2641,13.212,-0.40062,-11.233,-11.668,-3.8739,7.374,10.085,7.4846,-11.331,-17.138,-13.628,-10.404,-16.018,5.0653,2.7217,16.036,23.998,-0.24048,-6.6049,2.9053,0.30625,2.1662,-7.5751,-0.61477,-18.109,-5.7603,11.17,6.648,-0.086211,14.609,-1.3344,7.0479,-4.0009,-0.056659,13.521,14.577,3.8502,13.009,-5.4255,2.1133,1.4149,0.42945,-6.6413,-1.7934,0,-0.07654,-1.3451,-7.1341,0.56901,-8.7373,-2.027,2.8743,-12.837,0.24304,3.1544,3.0912,21.359,0.84003,3.4263,-4.7749,-7.8088,-3.2798,-5.4526,-5.7356,-2.7822,1.3257,2.4172,-0.63535,-11.841,11.253,-7.6483,4.9038,-13.476,7.7187,-13.234,-5.1162,-22.022,11.706,-3.0664,5.9691,-10.243,-0.1242,-4.8463,-0.22599,13.212,-11.439,19.676,-9.3733,7.9327,0.34523,11.528,-6.6862,14.458,-7.8303,-1.3816,-5.6635,8.2107,-4.2484,2.5428,-0.07654,0,-0.89208,-3.8476,-11.743,0.78739,-9.1352,0.51365,12.962,0.38311,16.123,-7.4986,8.6558,20.255,-6.455,-14.47,-9.7799,-12.157,11.878,-7.177,-10.671,0.48543,5.8501,8.6911,-9.5361,5.4864,5.2474,-2.5658,1.0364,15.31,-10.09,2.4358,-6.3832,-5.2958,-9.9593,-3.7474,-12.617,-2.0188,4.3649,18.618,0.90519,5.5063,-2.7114,-19.47,16.07,-5.278,-11.976,-14.34,-7.1897,-14.144,-20.888,-27.932,-2.8134,16.306,-12.634,-1.3451,-0.89208,0,-3.9896,4.7533,17.507,-5.6908,17.643,6.1639,-18.534,0.17173,-3.9968,3.0533,5.2366,24.018,-2.0278,0.61392,-18.036,-12.81,16.123,12.851,19.183,28.305,9.6992,3.8936,-16.651,-19.528,-16.101,13.923,7.1089,-4.6315,2.8355,3.7201,16.748,-0.72095,14.306,5.5324,13.193,-16.606,-12.858,-14.514,11.992,-14.248,6.5205,-10.513,-4.4696,-0.60112,10.81,-5.8756,-3.6721,8.0351,-0.48956,-3.661,-8.4087,0.62338,-7.1341,-3.8476,-3.9896,0,-11.331,-7.1007,26.093,2.4956,-4.4502,17.323,0.91776,3.8885,-2.5211,-2.7581,-9.9533,5.5818,17.733,7.9671,13.384,6.3434,8.6246,-1.1103,-11.27,-6.324,-6.2027,2.7947,0.33904,-4.6581,-4.6883,-7.2811,24.072,-17.754,13.36,-8.2795,-8.1857,1.969,9.2426,-12.956,9.5829,10.643,1.55,-2.3874,-6.5783,4.6374,-3.0442,-4.4323,-11.526,-2.4127,-12.615,6.5021,-10.476,3.0744,-3.8943,19.753,5.9851,0.56901,-11.743,4.7533,-11.331,0,8.6492,-9.57,-7.7577,-5.6333,-16.705,-21.707,9.2817,-4.9357,-16.948,11.846,1.9543,3.073,2.8926,-19.36,0.39317,-2.1046,-0.3741,3.5466,-6.3211,22.512,-11.65,-0.83913,9.966,8.5705,-6.4893,-2.8769,9.2665,1.4965,9.8729,11.692,-3.5352,-6.0112,-14.905,9.781,29.679,1.9945,-6.2506,-2.1037,-11.485,10.897,-17.738,-19.402,-27.418,-7.7911,-3.9578,-12.084,-13.973,7.5872,25.81,-4.6766,-8.7373,0.78739,17.507,-7.1007,8.6492,0,-13.951,5.9086,14.009,-23.058,-7.1762,0.90644,-5.2825,1.5157,18.006,-7.8485,-2.194,-13.866,-11.795,3.4941,1.2271,16.882,14.733,12.962,12.242,-13.373,-2.1666,-6.3263,14.14,7.4134,-5.5157,6.1609,3.4597,9.8267,-1.1777,-1.5407,5.6296,15.883,-12.386,-17.58,-18.019,19.828,-12.162,8.7324,-9.5249,4.2547,1.6008,17.483,-4.2265,0.46749,9.5846,3.8989,-9.4342,-12.813,-2.8659,-2.027,-9.1352,-5.6908,26.093,-9.57,-13.951,0,2.9156,-9.562,20.657,2.3393,0.16378,-2.6469,-3.919,-9.2111,14.258,13.395,12.814,8.869,8.4179,12.861,-4.9706,-12.741,-9.0611,-6.8679,3.4465,-3.2855,-4.2975,-7.2317,-11.95,22.422,-13.042,9.5555,-7.5293,-0.89257,6.8477,-23.236,8.011,3.4709,7.9988,-1.0649,8.32,0.15721,-22.416,16.211,0.7621,-3.2266,-9.278,2.2856,-15.658,-4.023,-21.48,0.84396,0.54948,-28.736,2.8743,0.51365,17.643,2.4956,-7.7577,5.9086,2.9156,0,5.2427,-3.4565,8.8093,-8.2134,6.208,12.526,12.296,-1.1705,-3.3842,-15.796,-5.0964,12.615,17.059,20.549,13.826,15.411,-8.5795,-2.5772,-20.474,-27.882,0.48751,10.908,-3.0658,-5.5995,-1.2701,10.966,-6.4779,20.415,-10.95,-11.934,2.7469,8.7183,0.68168,-7.9746,9.1037,-11.398,16.644,-7.2767,-5.6397,-19.996,2.8276,-0.92577,-3.4043,-8.803,9.5816,4.9595,-6.4457,-12.837,12.962,6.1639,-4.4502,-5.6333,14.009,-9.562,5.2427,0,-6.3039,7.2787,-12.388,-6.5082,15.717,2.2678,-6.111,-9.6007,-12.308,2.2501,0.16372,-1.7717,6.8207,8.7866,19.314,2.5205,-4.7638,4.0477,-10.814,9.6746,9.3355,-4.7536,9.0113,1.7201,-4.1918,-1.8275,-2.8931,5.556,13.994,-12.504,-29.674,-7.4696,5.3834,-1.5341,11.01,-11.631,6.5832,11.866,18.136,5.8591,3.5825,20.616,10.557,-1.5938,-28.995,2.9424,0.24304,0.38311,-18.534,17.323,-16.705,-23.058,20.657,-3.4565,-6.3039,0,6.9213,-0.35599,-0.092929,0.22553,-23.99,5.8672,4.6024,13.295,20.3,-3.4058,0.023033,-10.874,-21.184,-7.3706,-12.892,14.965,6.4319,2.0027,-14.957,-6.3639,12.107,-11.703,1.524,-16.187,-4.4013,-1.8296,-15.277,8.5213,-6.8467,-6.6234,3.156,2.6028,16.008,-9.864,11.528,12.347,13.938,-0.087838,15.286,-7.4809,1.1149,-5.2729,-1.2291,-13.28,-8.2641,3.1544,16.123,0.17173,0.91776,-21.707,-7.1762,2.3393,8.8093,7.2787,6.9213,0,-20.456,8.4715,28.486,-6.5065,-0.60364,-8.8082,-7.6592,11.136,2.4395,2.4196,-1.0381,4.8799,7.3433,-17.821,5.3987,-4.3199,-11.789,-1.9848,8.3472,-4.2638,0.63993,-4.7821,-5.9276,-3.9407,9.093,12.468,1.6785,1.347,1.6123,3.2343,-4.7092,-12.549,8.5201,-18.843,-11.159,-2.472,4.0434,-6.1237,-0.36684,3.2052,3.9807,4.7199,4.5065,13.212,3.0912,-7.4986,-3.9968,3.8885,9.2817,0.90644,0.16378,-8.2134,-12.388,-0.35599,-20.456,0,2.1269,-19.198,0.80788,-6.8581,9.9442,5.506,-2.769,-7.6575,-6.6735,1.5953,-7.6367,-8.6914,3.6813,3.8598,5.1776,14.93,-6.1661,-2.1942,2.6611,-11.333,-0.011727,5.8185,-7.1746,-10.083,-10.013,15.042,-1.2975,0.29435,18.328,-1.4173,7.7431,-9.8695,2.248,6.9382,15.97,1.0857,12.353,-18.509,-2.6113,-7.2154,1.1646,-5.1955,-0.40062,21.359,8.6558,3.0533,-2.5211,-4.9357,-5.2825,-2.6469,6.208,-6.5082,-0.092929,8.4715,2.1269,0,7.1509,1.7072,-11.274,-4.0195,-10.529,1.0584,-2.7344,-2.452,4.9108,7.1853,1.544,-17.488,8.4574,-8.767,-0.22598,-7.5931,14.087,-11.964,-8.2907,-13.536,10.015,-12.155,7.1429,-24.97,2.9158,-1.1824,1.7573,6.1122,-2.406,18.033,-18.755,20.009,4.9681,7.5041,-9.4374,14.649,-9.7076,-1.5036,-11.187,4.9757,-5.7812,-11.233,0.84003,20.255,5.2366,-2.7581,-16.948,1.5157,-3.919,12.526,15.717,0.22553,28.486,-19.198,7.1509,0,-0.51042,-6.3578,-13.372,-16.696,6.2437,1.3512,1.072,5.9693,10.783,17.391,-12.858,2.9941,-4.0226,-15.257,0.97675,16.321,-9.0361,2.2961,-6.0339,-1.7135,-6.517,6.8557,-9.3539,-5.2323,16.102,28.314,3.4372,0.88524,-2.7963,-14.131,12.061,-4.5816,-13.11,-15.501,-5.5044,-6.4278,-13.098,-13.693,1.2388,18.217,-11.668,3.4263,-6.455,24.018,-9.9533,11.846,18.006,-9.2111,12.296,2.2678,-23.99,-6.5065,0.80788,1.7072,-0.51042,0,-2.9292,-3.5172,-13.251,-29.618,7.5927,7.8384,19.463,19.163,9.8027,6.9486,-11.047,-14.815,-7.1809,7.3094,6.8887,-8.9871,3.5036,-2.4695,27.87,2.0272,8.8161,7.9122,0.87347,-5.1163,-9.8651,-22.077,20.247,-8.0814,10.244,-2.8664,9.0523,-4.6514,12.212,-9.8572,10.195,0.21513,7.4645,-20.937,-2.9304,-3.8739,-4.7749,-14.47,-2.0278,5.5818,1.9543,-7.8485,14.258,-1.1705,-6.111,5.8672,-0.60364,-6.8581,-11.274,-6.3578,-2.9292,0,7.9146,15.155,-0.81861,13.179,13.879,-10.629,-5.9747,-10.575,5.6386,-7.624,-4.5379,-2.9171,3.77,-24.054,14.993,4.7467,11.487,-6.7105,18.995,8.0764,14.423,5.247,-15.096,-6.8257,-12.823,13.066,-25.726,10.523,-14.294,-7.2744,-6.9564,11.493,-20.453,-2.1911,-2.976,-0.15592,-11.652,3.1323,7.374,-7.8088,-9.7799,0.61392,17.733,3.073,-2.194,13.395,-3.3842,-9.6007,4.6024,-8.8082,9.9442,-4.0195,-13.372,-3.5172,7.9146,0,10.102,3.9802,10.071,7.92,-3.3251,-6.4774,-16.493,5.0322,-7.5515,-1.672,1.1863,4.4289,-14.961,22.824,-8.04,21.653,-2.6904,-0.59948,1.2554,26.143,0.75614,-6.2738,-17.385,-12.698,5.5977,-9.2888,40.554,-21.153,3.779,0.74382,22.009,-6.3688,18.014,10.338,25.001,-8.1857,-7.0658,10.085,-3.2798,-12.157,-18.036,7.9671,2.8926,-13.866,12.814,-15.796,-12.308,13.295,-7.6592,5.506,-10.529,-16.696,-13.251,15.155,10.102,0,5.2386,-2.194,-1.0215,-20.538,-26.231,-21.271,4.9166,2.8013,9.1271,12.217,-5.0219,-27.222,16.215,-1.1388,6.9737,-12.659,9.5117,-6.623,3.1318,7.6225,-21.066,-19.614,-2.524,-0.16137,3.2337,5.922,-6.6767,1.1843,11.811,9.3069,5.9375,-0.93104,9.2885,4.202,0.56577,-15.894,7.4846,-5.4526,11.878,-12.81,13.384,-19.36,-11.795,8.869,-5.0964,2.2501,20.3,11.136,-2.769,1.0584,6.2437,-29.618,-0.81861,3.9802,5.2386,0,-4.0756,-4.8674,-9.8873,-10.95,-4.2939,-10.732,9.1565,10.232,0.53451,-4.8256,-1.512,8.3275,-6.2424,4.1032,-22.053,-8.0893,-5.3463,-3.4556,3.4807,-6.1321,1.3856,-13.159,25.402,-9.4433,-5.0364,6.7492,0.94913,-10.209,0.50027,-13.358,-6.8699,-12.463,-11.689,-17.113,5.7202,-11.331,-5.7356,-7.177,16.123,6.3434,0.39317,3.4941,8.4179,12.615,0.16372,-3.4058,2.4395,-7.6575,-2.7344,1.3512,7.5927,13.179,10.071,-2.194,-4.0756,0,31.855,4.5821,8.8366,-1.0588,3.1253,-18.158,-19.231,-17.728,12.576,-6.2644,9.1415,1.2096,15.011,3.6552,5.5612,21.416,-4.9336,7.0389,-2.8896,0.52991,-15.074,28.647,-10.592,-4.9904,5.801,2.3372,-8.9435,1.2908,-9.5963,-5.8723,-5.3595,-9.726,-12.514,1.6212,-17.138,-2.7822,-10.671,12.851,8.6246,-2.1046,1.2271,12.861,17.059,-1.7717,0.023033,2.4196,-6.6735,-2.452,1.072,7.8384,13.879,7.92,-1.0215,-4.8674,31.855,0,6.6893,5.4807,0.90073,-0.34092,-10.374,-20.687,-19.202,5.0297,-5.2281,9.5629,-3.172,10.552,4.7721,3.6794,24.01,-15.974,1.015,9.6627,20.342,4.1402,-1.3358,-2.1561,-21.415,11.497,-10.114,-8.5105,-18.95,-0.29611,-14.747,-5.1078,-22.824,9.6713,8.9539,-13.628,1.3257,0.48543,19.183,-1.1103,-0.3741,16.882,-4.9706,20.549,6.8207,-10.874,-1.0381,1.5953,4.9108,5.9693,19.463,-10.629,-3.3251,-20.538,-9.8873,4.5821,6.6893,0,14.52,18.591,-2.1451,-2.9103,-10.673,-12.706,1.3862,16.081,-6.8673,-6.1429,-2.7676,18.021,-11.095,6.6512,-17.79,-3.6055,5.9395,18.644,8.2108,-0.12446,6.1727,-25.966,23.391,-0.88326,-4.7138,-17.097,-0.0059826,-13.672,-22.016,-22.709,-0.61941,12.915,-10.404,2.4172,5.8501,28.305,-11.27,3.5466,14.733,-12.741,13.826,8.7866,-21.184,4.8799,-7.6367,7.1853,10.783,19.163,-5.9747,-6.4774,-26.231,-10.95,8.8366,5.4807,14.52,0,12.409,1.3109,-11.646,-15.165,-12.364,12.723,12.682,-13.154,7.3474,-2.6568,15.073,-0.42911,11.616,-24.638,-3.9229,11.729,14.646,5.7749,-7.5,9.7239,-23.133,21.629,-4.0029,-2.8975,-26.111,8.8648,-6.2815,-0.43091,-13.139,15.373,2.6426,-16.018,-0.63535,8.6911,9.6992,-6.324,-6.3211,12.962,-9.0611,15.411,19.314,-7.3706,7.3433,-8.6914,1.544,17.391,9.8027,-10.575,-16.493,-21.271,-4.2939,-1.0588,0.90073,18.591,12.409,0,-4.259,1.2683,-3.1482,-13.391,0.52635,21.193,-12.051,1.5422,-7.6796,6.158,-6.9141,2.6319,11.063,-23.117,5.028,8.3048,-6.3212,-1.4566,-8.0842,6.5182,-1.4886,-9.2253,-20.536,-4.3276,-19.151,11.242,-9.0936,3.109,-3.6178,20.723,5.0653,-11.841,-9.5361,3.8936,-6.2027,22.512,12.242,-6.8679,-8.5795,2.5205,-12.892,-17.821,3.6813,-17.488,-12.858,6.9486,5.6386,5.0322,4.9166,-10.732,3.1253,-0.34092,-2.1451,1.3109,-4.259,0,-18.007,3.9065,5.0338,16.007,-10.792,3.5916,13.696,10.237,0.80098,14.586,-6.3934,-1.4053,10.419,1.1025,-8.9239,7.6112,-7.7855,7.3868,2.7859,-6.6403,5.7355,19.212,5.6931,20.811,0.93025,23.486,8.5646,11.356,-21.058,2.7217,11.253,5.4864,-16.651,2.7947,-11.65,-13.373,3.4465,-2.5772,-4.7638,14.965,5.3987,3.8598,8.4574,2.9941,-11.047,-7.624,-7.5515,2.8013,9.1565,-18.158,-10.374,-2.9103,-11.646,1.2683,-18.007,0,7.9395,7.109,-33.959,6.7466,-4.1413,-11.756,-15.587,-4.0205,-10.916,-6.4088,11.554,-8.9253,-1.5328,-5.8871,0.85445,-15.481,2.9685,12.942,-10.227,-6.0128,2.7503,1.9321,2.9023,13.838,11.457,14.976,10.113,-3.6518,16.036,-7.6483,5.2474,-19.528,0.33904,-0.83913,-2.1666,-3.2855,-20.474,4.0477,6.4319,-4.3199,5.1776,-8.767,-4.0226,-14.815,-4.5379,-1.672,9.1271,10.232,-19.231,-20.687,-10.673,-15.165,-3.1482,3.9065,7.9395,0,14.667,-3.7946,-3.1033,2.2456,2.1495,-0.26861,-15.882,-0.9188,-36.321,17.857,-4.0912,1.6978,-4.6755,6.3833,-10.517,-0.22624,17.072,-18.003,0.04954,5.4761,8.4996,0.81264,11.192,5.6424,19.541,2.3031,-0.85242,23.998,4.9038,-2.5658,-16.101,-4.6581,9.966,-6.3263,-4.2975,-27.882,-10.814,2.0027,-11.789,14.93,-0.22598,-15.257,-7.1809,-2.9171,1.1863,12.217,0.53451,-17.728,-19.202,-12.706,-12.364,-13.391,5.0338,7.109,14.667,0,-6.3497,-5.8795,-1.6202,0.93296,-5.3152,-2.9522,2.766,-17.952,0.12491,-13.402,-2.7341,8.4076,-4.0703,2.9884,-2.1294,-3.9538,8.5023,-6.2632,-13.997,-7.8513,-14.232,-1.1992,-24.388,-8.6945,-8.066,19.14,-0.24048,-13.476,1.0364,13.923,-4.6883,8.5705,14.14,-7.2317,0.48751,9.6746,-14.957,-1.9848,-6.1661,-7.5931,0.97675,7.3094,3.77,4.4289,-5.0219,-4.8256,12.576,5.0297,1.3862,12.723,0.52635,16.007,-33.959,-3.7946,-6.3497,0,-3.7153,1.5846,15.496,13.531,0.6911,8.8769,2.9841,-22.591,1.9925,7.765,11.576,19.133,-11.679,13.295,-23.346,12.958,-2.2734,5.6204,-16.423,15.232,-14.132,-1.3525,-13.288,16.413,0.37417,-6.6049,7.7187,15.31,7.1089,-7.2811,-6.4893,7.4134,-11.95,10.908,9.3355,-6.3639,8.3472,-2.1942,14.087,16.321,6.8887,-24.054,-14.961,-27.222,-1.512,-6.2644,-5.2281,16.081,12.682,21.193,-10.792,6.7466,-3.1033,-5.8795,-3.7153,0,-20.288,-3.1469,-15.194,9.5764,-15.45,1.2602,13.573,4.0182,-14.611,-12.671,-27.845,14.617,-19.299,13.968,-12.126,-4.0108,-6.4984,12.849,-14.597,4.6415,4.538,4.5725,-9.747,-3.1936,2.9053,-13.234,-10.09,-4.6315,24.072,-2.8769,-5.5157,22.422,-3.0658,-4.7536,12.107,-4.2638,2.6611,-11.964,-9.0361,-8.9871,14.993,22.824,16.215,8.3275,9.1415,9.5629,-6.8673,-13.154,-12.051,3.5916,-4.1413,2.2456,-1.6202,1.5846,-20.288,0,-6.2229,23.975,-11.436,2.5092,0.21103,0.063262,-20.755,5.1362,5.4066,0.91337,-4.0404,8.9626,-0.59784,9.6858,3.9038,-4.5024,-6.2617,-2.0414,9.8278,-10.441,2.7127,-4.3911,8.7944,0.30625,-5.1162,2.4358,2.8355,-17.754,9.2665,6.1609,-13.042,-5.5995,9.0113,-11.703,0.63993,-11.333,-8.2907,2.2961,3.5036,4.7467,-8.04,-1.1388,-6.2424,1.2096,-3.172,-6.1429,7.3474,1.5422,13.696,-11.756,2.1495,0.93296,15.496,-3.1469,-6.2229,0,0.6232,-2.5465,19.742,-1.6015,9.4505,-2.6495,-13.23,-3.7479,-21.165,12.297,-16.718,6.6873,-4.37,-8.8629,-13.869,3.9691,-24.155,1.328,-5.6286,-2.399,-10.914,6.1886,2.1662,-22.022,-6.3832,3.7201,13.36,1.4965,3.4597,9.5555,-1.2701,1.7201,1.524,-4.7821,-0.011727,-13.536,-6.0339,-2.4695,11.487,21.653,6.9737,4.1032,15.011,10.552,-2.7676,-2.6568,-7.6796,10.237,-15.587,-0.26861,-5.3152,13.531,-15.194,23.975,0.6232,0,-7.4432,4.3481,1.4461,-8.7268,1.5491,13.441,18.879,8.9375,0.11568,-2.267,-12.816,6.5827,-2.0977,-4.9931,-9.2406,-1.4086,-10.891,-9.6923,-11.973,1.8775,11.299,-7.5751,11.706,-5.2958,16.748,-8.2795,9.8729,9.8267,-7.5293,10.966,-4.1918,-16.187,-5.9276,5.8185,10.015,-1.7135,27.87,-6.7105,-2.6904,-12.659,-22.053,3.6552,4.7721,18.021,15.073,6.158,0.80098,-4.0205,-15.882,-2.9522,0.6911,9.5764,-11.436,-2.5465,-7.4432,0,-2.9824,8.8025,7.1445,-10.854,3.4978,-1.1295,-8.0852,5.5571,-0.48124,7.7405,1.5132,8.4156,-5.9334,3.7244,-7.4555,16.555,-5.0962,9.3647,-13.293,4.4828,-0.61477,-3.0664,-9.9593,-0.72095,-8.1857,11.692,-1.1777,-0.89257,-6.4779,-1.8275,-4.4013,-3.9407,-7.1746,-12.155,-6.517,2.0272,18.995,-0.59948,9.5117,-8.0893,5.5612,3.6794,-11.095,-0.42911,-6.9141,14.586,-10.916,-0.9188,2.766,8.8769,-15.45,2.5092,19.742,4.3481,-2.9824,0,2.1615,-11.834,10.862,-1.6482,1.1351,-3.7178,19.836,-1.2605,-11.043,10.69,9.8125,-0.3364,0.68473,-1.1302,-11.425,-8.2988,-12.089,-12.565,-0.85126,-18.109,5.9691,-3.7474,14.306,1.969,-3.5352,-1.5407,6.8477,20.415,-2.8931,-1.8296,9.093,-10.083,7.1429,6.8557,8.8161,8.0764,1.2554,-6.623,-5.3463,21.416,24.01,6.6512,11.616,2.6319,-6.3934,-6.4088,-36.321,-17.952,2.9841,1.2602,0.21103,-1.6015,1.4461,8.8025,2.1615,0
