0,-6.6572,-9.0717,-7.8045,3.7311,4.4703,1.0248,0.82446,5.6351,-3.7953,-2.0609,-4.1831,1.3137,1.2007,-5.0164,-0.061454,-0.76356,-0.22474,4.3209,-0.83066,7.9596,-6.6572,0,7.4998,8.0105,-4.8562,-4.1957,2.7978,3.0373,-7.2857,3.5195,0.68045,3.1939,-0.70579,1.6945,2.6308,2.0236,2.2404,1.7148,0.086433,4.5466,-4.7252,-9.0717,7.4998,0,4.7873,-3.3657,-4.9508,-1.2442,-0.78436,-6.8817,7.1705,2.4405,6.8105,-3.4356,0.78304,3.6999,-0.010076,2.3231,0.78022,-1.6474,2.3901,-5.0735,-7.8045,8.0105,4.7873,0,-3.6224,-5.5485,1.9156,5.0447,-5.184,3.3078,2.2716,0.74597,-0.37688,0.32668,3.5178,-0.13902,0.49393,1.4056,-2.8782,3.8089,-7.7843,3.7311,-4.8562,-3.3657,-3.6224,0,1.9622,-0.086247,2.3414,4.7595,0.19948,-1.381,-1.9013,-0.32594,0.99882,-8.0968,1.8587,-3.9619,-2.2138,1.0833,4.0874,2.4237,4.4703,-4.1957,-4.9508,-5.5485,1.9622,0,1.2916,-2.1424,2.8122,-3.9487,-0.61371,-4.0142,5.0999,-3.7258,-1.8705,-1.1738,-3.9361,2.0326,2.6203,-4.1182,4.5956,1.0248,2.7978,-1.2442,1.9156,-0.086247,1.2916,0,0.46307,-1.4928,-3.5569,-0.018215,-4.3098,-0.86104,2.9512,-3.4653,1.0273,1.5297,-0.96129,0.0087812,4.8273,-2.1367,0.82446,3.0373,-0.78436,5.0447,2.3414,-2.1424,0.46307,0,-0.89169,1.5994,-1.0308,0.36435,3.6533,-0.49487,-0.13192,3.4507,-3.5496,1.7241,3.8885,6.3044,0.099467,5.6351,-7.2857,-6.8817,-5.184,4.7595,2.8122,-1.4928,-0.89169,0,-3.3097,-1.9849,-4.2631,1.939,-2.4894,-4.7502,0.10356,-1.3581,-0.82969,0.22627,-2.2413,5.5303,-3.7953,3.5195,7.1705,3.3078,0.19948,-3.9487,-3.5569,1.5994,-3.3097,0,1.5564,9.0691,-3.5091,1.5531,2.2573,-0.45833,0.64977,1.1807,-1.4805,3.4719,-4.1982,-2.0609,0.68045,2.4405,2.2716,-1.381,-0.61371,-0.018215,-1.0308,-1.9849,1.5564,0,0.43097,-1.7843,-0.26927,1.1078,-0.46086,3.165,6.3185,0.18657,0.51657,-3.0166,-4.1831,3.1939,6.8105,0.74597,-1.9013,-4.0142,-4.3098,0.36435,-4.2631,9.0691,0.43097,0,-2.7483,-1.0211,3.7893,1.3,2.1362,0.29924,0.36395,0.8974,-2.4331,1.3137,-0.70579,-3.4356,-0.37688,-0.32594,5.0999,-0.86104,3.6533,1.939,-3.5091,-1.7843,-2.7483,0,-8.5383,1.0216,3.6305,-7.9801,4.1675,3.2897,-2.6905,6.1679,1.2007,1.6945,0.78304,0.32668,0.99882,-3.7258,2.9512,-0.49487,-2.4894,1.5531,-0.26927,-1.0211,-8.5383,0,-2.219,-1.6792,3.9686,-2.5736,-0.54804,4.3539,-3.2218,-5.0164,2.6308,3.6999,3.5178,-8.0968,-1.8705,-3.4653,-0.13192,-4.7502,2.2573,1.1078,3.7893,1.0216,-2.219,0,-2.4534,0.76379,1.5677,1.4193,-4.3624,-2.8577,-0.061454,2.0236,-0.010076,-0.13902,1.8587,-1.1738,1.0273,3.4507,0.10356,-0.45833,-0.46086,1.3,3.6305,-1.6792,-2.4534,0,-3.583,1.2619,1.038,4.3123,2.5154,-0.76356,2.2404,2.3231,0.49393,-3.9619,-3.9361,1.5297,-3.5496,-1.3581,0.64977,3.165,2.1362,-7.9801,3.9686,0.76379,-3.583,0,0.42517,-0.65496,-0.20865,-3.3055,-0.22474,1.7148,0.78022,1.4056,-2.2138,2.0326,-0.96129,1.7241,-0.82969,1.1807,6.3185,0.29924,4.1675,-2.5736,1.5677,1.2619,0.42517,0,3.2253,-0.36416,1.483,4.3209,0.086433,-1.6474,-2.8782,1.0833,2.6203,0.0087812,3.8885,0.22627,-1.4805,0.18657,0.36395,3.2897,-0.54804,1.4193,1.038,-0.65496,3.2253,0,-0.49972,5.3386,-0.83066,4.5466,2.3901,3.8089,4.0874,-4.1182,4.8273,6.3044,-2.2413,3.4719,0.51657,0.8974,-2.6905,4.3539,-4.3624,4.3123,-0.20865,-0.36416,-0.49972,0,-3.8618,7.9596,-4.7252,-5.0735,-7.7843,2.4237,4.5956,-2.1367,0.099467,5.5303,-4.1982,-3.0166,-2.4331,6.1679,-3.2218,-2.8577,2.5154,-3.3055,1.483,5.3386,-3.8618,0
