0,25.782,-4.5277,-1.7434,-3.8008,-12.89,10.474,-4.3477,3.1519,10.255,-12.637,-32.49,-5.4823,5.8548,-3.2171,-13.579,-7.149,-31.173,2.1568,-4.6974,2.6981,12.746,13.41,-7.1083,0.2465,-0.54462,19.317,3.2358,9.7637,28.883,-20.503,-1.4849,14.781,21.942,1.0372,-5.8414,-27.49,9.0574,14.435,-5.9974,1.7432,-8.2374,-21.135,-18.517,17.013,-18.441,-2.7482,-5.4467,23.229,-16.203,-10.857,-1.6801,-16.873,-12.694,-32.325,25.782,0,-0.83154,-4.3539,-8.2792,-2.2854,5.4612,-14.8,8.2419,14.6,-9.2573,-31.396,2.3918,-1.5098,-8.026,-17.995,-14.381,-33.408,-6.2017,0.33689,-2.0308,21.864,2.7301,-3.3363,2.7334,-1.2171,10.082,-2.2559,8.5393,32.099,-30.342,-1.7702,27.141,21.269,6.2021,-16.607,-18.001,0.1876,10.071,2.7428,-5.1322,-5.1506,-12.601,-24.887,13.54,-9.1061,-8.87,-3.7934,16.809,-12.503,-0.095169,-1.5123,-8.5567,-4.4774,-18.248,-4.5277,-0.83154,0,-28.627,-8.5534,15.307,-37.724,-7.7488,13.196,-7.3823,-12.662,0.91019,2.9663,5.8025,-13.869,12.532,10.567,6.6213,-1.6909,-6.1387,-24.946,-4.0084,-4.2094,-8.6479,1.7894,-33.527,-15.794,-4.7386,-8.4703,1.9134,3.0242,-6.1974,-5.442,-11.481,-6.1209,-12.689,13.897,-5.0113,-27.157,22.456,-6.6161,-8.1355,12.89,7.9671,4.1963,16.9,2.2403,-21.596,-11.573,23.511,10.442,-4.5244,-3.0349,12.233,12.654,-1.7434,-4.3539,-28.627,0,3.7025,-9.6523,21.645,11.85,-8.0103,-0.12452,21.84,2.9504,3.1693,-10.896,24.858,-10.345,-9.4271,-1.8345,4.5363,2.825,34.022,-2.4555,2.0323,5.9468,-8.4975,27.492,5.8627,9.5551,11.444,-9.3432,-0.84942,0.17174,2.7988,2.9164,0.98115,15.018,-5.0416,5.6375,17.488,-16.536,0.6695,18.374,-3.2782,-5.5047,-4.4627,-12.23,3.3074,23.591,8.3546,-15.285,-7.0392,-1.4083,10.831,-11.862,-5.7796,-3.8008,-8.2792,-8.5534,3.7025,0,-6.5651,5.236,4.27,-44.012,7.5554,2.6304,11.744,-18.761,7.2946,-1.9655,7.8793,6.215,7.6489,-3.5233,12.91,0.74685,1.3887,-0.89201,16.345,15.22,9.498,9.5933,-9.7438,-15.073,-3.9997,14.75,28.875,-9.9545,3.749,10.329,12.24,-3.3676,-4.1978,1.5127,-10.722,30.771,-7.5789,-9.0867,10.922,-18.557,1.3807,-7.8943,8.2792,-7.5547,-0.14728,-4.9463,26.702,-4.2612,4.3709,1.0246,-12.89,-2.2854,15.307,-9.6523,-6.5651,0,-19.84,-13.968,9.1694,-1.1873,2.9065,6.8091,14.463,-9.6856,-9.9218,4.6524,-1.402,8.1167,-14.154,6.4767,-15.534,1.2956,-25.247,4.4118,4.3585,-7.2353,-22.923,-11.236,-7.7704,-4.2756,2.7752,-1.3875,0.30391,-9.3736,4.5631,-14.24,16.86,-20.704,-17.252,33.009,-12.464,3.0472,18.234,4.5436,-6.142,26.417,-6.2116,-1.5994,-14.687,15.425,41.56,-0.19854,11.569,23.544,19.178,10.474,5.4612,-37.724,21.645,5.236,-19.84,0,6.59,-9.1841,8.1566,7.2849,-6.5521,-3.6262,-3.5951,12.328,-16.422,-11.616,-12.321,3.4546,2.6604,24.216,5.8259,8.3139,4.1556,-3.1237,22.451,20.932,6.8494,12.221,2.9007,-7.7263,3.541,8.7253,15.688,4.2453,9.5086,-20.488,8.4831,42.143,-23.201,5.5534,5.665,-17.386,-12.609,1.1889,-25.575,-1.3093,14.3,18.64,-34.594,-13.858,2.0238,-0.87905,-17.428,-20.401,-4.3477,-14.8,-7.7488,11.85,4.27,-13.968,6.59,0,-6.6229,-15.48,5.0724,6.7153,-6.2816,5.4768,21.915,5.4076,9.8107,7.1715,25.287,-10.922,15.662,-21.522,13.821,-6.0276,-13.224,4.0664,1.7482,18.432,4.7724,-13.1,9.0132,-4.635,-13.392,-8.4848,-15.266,31.215,2.4747,18.426,3.3142,-17.799,6.3277,5.8002,1.3515,7.1062,0.2419,-8.132,20.922,2.2376,1.5313,-1.4073,-17.44,-5.8018,0.78153,-13.717,-0.16176,3.1519,8.2419,13.196,-8.0103,-44.012,9.1694,-9.1841,-6.6229,0,-7.1762,-5.4128,-10.842,16.557,-5.0775,-1.7751,-4.8544,-3.8765,-6.0556,1.8958,-12.147,-4.9607,-0.93289,-0.36752,-16.268,-11.255,-13.782,-11.342,6.4559,10.209,5.0767,-12.632,-24.1,8.2907,-4.6684,-9.5575,-15.595,4.9483,2.0832,-4.9634,14.808,-27.272,4.1832,10.123,-8.2606,17.401,1.7129,6.3728,-11.708,4.5323,3.3705,6.9772,-21.68,2.5726,-1.1443,0.97514,10.255,14.6,-7.3823,-0.12452,7.5554,-1.1873,8.1566,-15.48,-7.1762,0,-1.2087,-6.7535,-3.7237,-2.6098,-10.863,-10.355,-12.97,-11.814,-18.576,18.706,-2.6019,36.657,-5.6663,14.475,18.409,8.8716,14.084,-15.846,-3.3071,14.076,-7.8655,16.586,13.708,26.779,29.208,-7.8606,-16.625,-10.418,9.5887,-0.74582,5.7911,-6.7685,-17.425,-9.6706,-4.4274,-2.9083,-30.856,7.2299,4.8471,-10.722,2.9626,16.568,-4.9008,4.0787,-10.192,-12.637,-9.2573,-12.662,21.84,2.6304,2.9065,7.2849,5.0724,-5.4128,-1.2087,0,11.217,10.425,-20.795,14.36,-5.1005,-9.0396,5.6627,-3.0748,8.8206,13.031,-3.0156,-9.9887,12.018,-4.5975,19.76,-4.4509,1.9802,4.0464,-17.529,3.9207,1.393,0.59561,-3.6395,4.5596,8.3203,4.6735,-4.8094,5.2425,-3.6849,-4.1111,25.296,6.1653,-0.19166,-12.671,0.60067,-0.54499,28.043,-1.7815,-4.2691,4.9065,0.4196,27.727,0.32213,5.193,-32.49,-31.396,0.91019,2.9504,11.744,6.8091,-6.5521,6.7153,-10.842,-6.7535,11.217,0,-1.451,-1.3864,2.7323,16.54,9.8922,34.996,-1.7412,7.2958,-1.5895,-11.406,-9.9389,10.799,3.7511,3.3216,-10.21,-5.1498,-14.291,-25.86,32.125,7.5969,-19.799,-15.422,1.3624,10.795,17.351,-7.9779,-11.19,0.65954,5.743,3.9194,11.47,24.386,-24.386,14.668,0.85217,7.1282,-24.044,13.309,5.7631,7.555,10.609,11.523,22.359,-5.4823,2.3918,2.9663,3.1693,-18.761,14.463,-3.6262,-6.2816,16.557,-3.7237,10.425,-1.451,0,-25.662,4.0563,-9.0785,-12.964,-1.7611,-4.9472,-0.10449,1.3592,0.43314,-11.528,-1.2668,-9.5613,0.58588,-14.664,3.0041,9.9751,-4.2702,-8.1606,-12.847,9.9911,-5.0855,-0.84075,-9.5466,7.6628,-5.6953,-1.2967,12.468,-35.421,19.28,14.211,-8.1036,2.5501,4.1805,0.97472,4.2339,1.4351,0.32339,15.036,-12.576,20.496,2.5041,5.2934,5.8548,-1.5098,5.8025,-10.896,7.2946,-9.6856,-3.5951,5.4768,-5.0775,-2.6098,-20.795,-1.3864,-25.662,0,-6.2567,13.038,20.566,2.2116,9.183,-8.0968,-6.2633,-4.4419,14.821,-7.7624,4.5629,-11.097,7.0066,0.29293,-8.3512,5.9,6.3492,3.5668,-11.562,-0.20359,-6.6629,4.5102,-2.8024,8.7682,-4.7475,-5.3732,15.984,-23.642,-7.0862,9.066,4.333,-1.6087,4.6173,-15.868,-2.2098,5.2739,-12.909,3.9505,-26.535,-2.3637,-2.6496,-3.2171,-8.026,-13.869,24.858,-1.9655,-9.9218,12.328,21.915,-1.7751,-10.863,14.36,2.7323,4.0563,-6.2567,0,-5.1265,-2.3475,1.0429,15.22,-7.4019,30.744,-12.33,7.5639,-3.6816,-20.788,11.094,0.62765,22.471,15.101,-12.649,0.55731,-8.7488,-2.0222,-4.6524,-10.259,17.748,0.33104,13.915,10.069,-14.385,-2.5763,19.399,2.4526,-2.3084,1.5269,-11.725,15.491,9.826,7.6158,-8.4276,-10.237,-10.502,9.4261,-16.953,-2.9337,-13.579,-17.995,12.532,-10.345,7.8793,4.6524,-16.422,5.4076,-4.8544,-10.355,-5.1005,16.54,-9.0785,13.038,-5.1265,0,32.798,25.002,3.5064,-2.1842,-11.217,-13.666,-0.99468,-0.73131,4.7484,-11.145,-8.9819,-4.2835,-20.029,-9.3968,26.497,3.875,-32.393,-16.884,-5.7187,5.5595,16.029,-2.1667,-22.734,3.6358,8.5024,-8.7725,9.0739,40.013,-7.8557,15.313,4.8818,-8.7313,-23.947,26.104,1.2821,4.6386,-3.0756,10.479,17.915,-7.149,-14.381,10.567,-9.4271,6.215,-1.402,-11.616,9.8107,-3.8765,-12.97,-9.0396,9.8922,-12.964,20.566,-2.3475,32.798,0,16.215,10.238,-8.2952,-7.3126,-16.425,6.45,-6.3739,0.89569,-12.84,-4.6721,1.1808,-12.533,-6.2528,18.761,0.67056,-30.442,-14.09,-11.249,8.0331,10.426,4.9083,-15.425,-0.73382,9.9938,-10.572,5.3023,24.891,-1.8549,7.3155,9.9741,-12.755,-13.084,17.41,-5.3384,1.1771,-7.982,3.1797,9.9505,-31.173,-33.408,6.6213,-1.8345,7.6489,8.1167,-12.321,7.1715,-6.0556,-11.814,5.6627,34.996,-1.7611,2.2116,1.0429,25.002,16.215,0,1.2701,1.9663,-5.014,-16.238,-7.1894,4.5287,1.7787,-3.0487,-14.292,-3.3013,-15.06,-22.783,34.965,3.4638,-27.031,-23.187,-3.4601,8.6659,24.386,-5.5216,-18.133,3.4103,4.138,1.3731,15.611,34.417,-15.397,17.674,4.6048,0.58366,-29.038,21.231,5.4475,3.7871,7.4648,11.708,28.761,2.1568,-6.2017,-1.6909,4.5363,-3.5233,-14.154,3.4546,25.287,1.8958,-18.576,-3.0748,-1.7412,-4.9472,9.183,15.22,3.5064,10.238,1.2701,0,-25.969,10.666,-18.989,23.965,-18.656,-19.016,-3.7478,1.4883,28.044,9.2249,-4.5089,1.8905,-12.749,-8.4702,-7.2484,-28.809,13.876,0.66997,33.947,2.3151,-11.844,1.6576,2.1629,0.98489,2.471,10.899,-10.801,33.197,-6.6597,6.1856,-1.216,-19.999,-13.771,-4.6463,-19.046,-3.7736,-4.6974,0.33689,-6.1387,2.825,12.91,6.4767,2.6604,-10.922,-12.147,18.706,8.8206,7.2958,-0.10449,-8.0968,-7.4019,-2.1842,-8.2952,1.9663,-25.969,0,-3.3373,13.791,-18.531,42.637,20.013,12.445,2.7942,-22.695,-10.641,-0.79018,3.5001,22.905,3.6534,7.6621,37.118,-2.6694,-2.2716,-23.213,1.6879,2.2221,5.4073,-0.30893,-4.1185,0.80086,-21.18,7.0281,-27.787,15.495,-6.705,-1.763,10.848,22.897,5.785,13.794,2.978,2.6981,-2.0308,-24.946,34.022,0.74685,-15.534,24.216,15.662,-4.9607,-2.6019,13.031,-1.5895,1.3592,-6.2633,30.744,-11.217,-7.3126,-5.014,10.666,-3.3373,0,-4.1823,8.8067,-0.45919,-13.431,18.034,8.1715,16.759,17.124,-5.8449,-3.6695,-3.9775,3.142,3.4803,-4.0811,15.643,-7.5723,13.166,20.599,-21.002,0.44345,14.889,-5.1398,-7.6455,1.794,-19.767,8.0804,13.678,13.866,-18.051,-13.27,-5.6905,5.6528,-21.312,-10.174,12.746,21.864,-4.0084,-2.4555,1.3887,1.2956,5.8259,-21.522,-0.93289,36.657,-3.0156,-11.406,0.43314,-4.4419,-12.33,-13.666,-16.425,-16.238,-18.989,13.791,-4.1823,0,-5.9741,9.3524,13.841,5.2224,10.669,-13.591,-0.23433,18.678,-13.499,9.6702,20.35,25.825,22.27,-14.059,-15.705,-10.084,8.6426,3.1014,0.37009,-5.6975,-13.943,-14.335,0.035317,-2.7994,-26.28,4.0667,7.0303,-10.43,5.2187,9.9607,-4.4213,3.7025,-10.874,13.41,2.7301,-4.2094,2.0323,-0.89201,-25.247,8.3139,13.821,-0.36752,-5.6663,-9.9887,-9.9389,-11.528,14.821,7.5639,-0.99468,6.45,-7.1894,23.965,-18.531,8.8067,-5.9741,0,-16.232,-9.3865,-2.8689,11.967,16.928,9.0045,5.7616,-3.8667,-6.5435,-2.2319,3.2996,-14.352,8.9093,-9.8505,35.455,8.1638,-15.695,6.4436,-5.2255,-9.8672,-3.1131,15.297,-19.197,13.985,-8.2621,13.196,-7.4977,-33.767,-7.2651,-15.349,-23.933,-14.305,-7.1083,-3.3363,-8.6479,5.9468,16.345,4.4118,4.1556,-6.0276,-16.268,14.475,12.018,10.799,-1.2668,-7.7624,-3.6816,-0.73131,-6.3739,4.5287,-18.656,42.637,-0.45919,9.3524,-16.232,0,16.646,15.667,2.8582,-17.692,-10.58,-4.4214,6.5625,23.844,0.69936,5.5269,26.964,1.7195,-1.1924,-18.621,2.2217,-0.7957,7.3741,1.4589,-3.4853,3.0192,-27.359,6.1783,-20.01,19.391,-7.5666,-1.8065,8.1967,22.996,7.2409,11.65,3.9105,0.2465,2.7334,1.7894,-8.4975,15.22,4.3585,-3.1237,-13.224,-11.255,18.409,-4.5975,3.7511,-9.5613,4.5629,-20.788,4.7484,0.89569,1.7787,-19.016,20.013,-13.431,13.841,-9.3865,16.646,0,1.0197,5.3251,-35.131,-21.184,6.3901,5.0062,27.991,-0.522,8.2423,22.046,-5.5896,-3.5381,-17.123,-3.7366,3.8901,12.212,-15.18,-7.7623,4.8803,-12.523,8.7868,-25.407,1.5053,-9.0099,3.3778,6.5638,31.665,-6.4321,16.211,1.9401,-0.54462,-1.2171,-33.527,27.492,9.498,-7.2353,22.451,4.0664,-13.782,8.8716,19.76,3.3216,0.58588,-11.097,11.094,-11.145,-12.84,-3.0487,-3.7478,12.445,18.034,5.2224,-2.8689,15.667,1.0197,0,9.6593,0.096043,4.8413,-5.0461,-0.72464,8.8479,5.3205,8.9755,10.885,9.9074,-8.6139,-1.5484,18.204,-13.637,4.5625,10.926,-8.0022,-5.8206,-10.078,-8.7548,-6.1347,37.706,5.9298,-16.457,-3.2281,7.2431,8.5395,-5.1207,-6.42,19.317,10.082,-15.794,5.8627,9.5933,-22.923,20.932,1.7482,-11.342,14.084,-4.4509,-10.21,-14.664,7.0066,0.62765,-8.9819,-4.6721,-14.292,1.4883,2.7942,8.1715,10.669,11.967,2.8582,5.3251,9.6593,0,0.3008,3.522,12.482,-6.7528,9.3211,6.4968,24.616,6.4278,4.8598,-34.376,7.2315,20.536,-18.45,14.174,-7.6881,-49.142,-8.9368,2.9173,-19.58,-5.611,3.8966,14.554,-20.008,-16.684,8.284,-14.088,-11.626,-25.926,3.2358,-2.2559,-4.7386,9.5551,-9.7438,-11.236,6.8494,18.432,6.4559,-15.846,1.9802,-5.1498,3.0041,0.29293,22.471,-4.2835,1.1808,-3.3013,28.044,-22.695,16.759,-13.591,16.928,-17.692,-35.131,0.096043,0.3008,0,20.417,-4.205,-4.4398,-19.933,-0.82692,-4.9594,-23.221,9.6141,-0.69572,27.936,6.9022,-9.8556,-5.5884,10.016,2.2174,-4.6186,13.748,-14.351,27.852,-2.0812,11.963,-6.1681,-14.085,-22.291,1.2449,-24.784,-6.0832,9.7637,8.5393,-8.4703,11.444,-15.073,-7.7704,12.221,4.7724,10.209,-3.3071,4.0464,-14.291,9.9751,-8.3512,15.101,-20.029,-12.533,-15.06,9.2249,-10.641,17.124,-0.23433,9.0045,-10.58,-21.184,4.8413,3.522,20.417,0,3.0538,-18.372,-17.053,13.327,4.5119,-8.0482,0.38249,-7.7888,13.803,15.612,-5.9697,-12.128,13.31,-2.127,-20.273,16.15,-18.947,9.1324,2.6357,25.059,-16.306,-7.1028,-18.882,3.5578,-21.986,-13.413,28.883,32.099,1.9134,-9.3432,-3.9997,-4.2756,2.9007,-13.1,5.0767,14.076,-17.529,-25.86,-4.2702,5.9,-12.649,-9.3968,-6.2528,-22.783,-4.5089,-0.79018,-5.8449,18.678,5.7616,-4.4214,6.3901,-5.0461,12.482,-4.205,3.0538,0,-17.95,1.1757,14.96,19.869,5.1314,-14.234,-18.018,1.2553,6.4276,1.7673,0.58359,-13.514,-15.755,-14.26,12.97,-7.5286,-8.5298,-8.715,12.188,-8.2328,-2.8502,1.6598,-17.439,-3.1551,-17.027,-20.503,-30.342,3.0242,-0.84942,14.75,2.7752,-7.7263,9.0132,-12.632,-7.8655,3.9207,32.125,-8.1606,6.3492,0.55731,26.497,18.761,34.965,1.8905,3.5001,-3.6695,-13.499,-3.8667,6.5625,5.0062,-0.72464,-6.7528,-4.4398,-18.372,-17.95,0,8.4333,-32.872,-14.836,-1.4484,12.698,14.453,-3.8892,-13.01,-1.4428,11.284,-2.3677,7.7984,40.51,-17.675,12.631,2.8772,1.4766,-23.931,15.618,0.91231,8.5476,2.8135,9.4359,18.065,-1.4849,-1.7702,-6.1974,0.17174,28.875,-1.3875,3.541,-4.635,-24.1,16.586,1.393,7.5969,-12.847,3.5668,-8.7488,3.875,0.67056,3.4638,-12.749,22.905,-3.9775,9.6702,-6.5435,23.844,27.991,8.8479,9.3211,-19.933,-17.053,1.1757,8.4333,0,-3.0126,8.5408,21.423,3.0023,-5.3203,-11.69,1.3177,-4.1309,19.591,-9.39,-10.461,5.9908,-18.832,3.9777,-18.966,8.5007,-7.23,-0.79314,1.249,62.393,-3.9274,9.6001,0.31517,14.781,27.141,-5.442,2.7988,-9.9545,0.30391,8.7253,-13.392,8.2907,13.708,0.59561,-19.799,9.9911,-11.562,-2.0222,-32.393,-30.442,-27.031,-8.4702,3.6534,3.142,20.35,-2.2319,0.69936,-0.522,5.3205,6.4968,-0.82692,13.327,14.96,-32.872,-3.0126,0,17.87,8.3239,-13.843,-14.072,-2.2801,13.732,2.6499,-10.426,4.0461,-7.9274,-37.226,8.641,-8.9033,-9.1976,4.0987,17.419,-16.471,3.466,-3.1491,1.003,-4.5011,-14.522,21.942,21.269,-11.481,2.9164,3.749,-9.3736,15.688,-8.4848,-4.6684,26.779,-3.6395,-15.422,-5.0855,-0.20359,-4.6524,-16.884,-14.09,-23.187,-7.2484,7.6621,3.4803,25.825,3.2996,5.5269,8.2423,8.9755,24.616,-4.9594,4.5119,19.869,-14.836,8.5408,17.87,0,13.733,-4.9156,-35.524,-0.33927,19.138,-6.7387,5.1844,-5.7705,-29.147,-17.401,3.4674,-13.26,-14.055,4.8611,15.496,-21.135,-5.0787,8.0327,-9.1138,-5.6104,-24.123,1.0372,6.2021,-6.1209,0.98115,10.329,4.5631,4.2453,-15.266,-9.5575,29.208,4.5596,1.3624,-0.84075,-6.6629,-10.259,-5.7187,-11.249,-3.4601,-28.809,37.118,-4.0811,22.27,-14.352,26.964,22.046,10.885,6.4278,-23.221,-8.0482,5.1314,-1.4484,21.423,8.3239,13.733,0,-6.2065,-7.1155,-19.915,4.356,2.2642,4.967,-3.0084,-8.461,-3.6258,-13.163,3.7647,-42.368,12.029,-2.3085,-4.9248,9.1179,21.632,1.7805,10.962,-1.7415,-5.8414,-16.607,-12.689,15.018,12.24,-14.24,9.5086,31.215,-15.595,-7.8606,8.3203,10.795,-9.5466,4.5102,17.748,5.5595,8.0331,8.6659,13.876,-2.6694,15.643,-14.059,8.9093,1.7195,-5.5896,9.9074,4.8598,9.6141,0.38249,-14.234,12.698,3.0023,-13.843,-4.9156,-6.2065,0,0.56258,10.773,4.9588,-22.374,12.33,4.5688,-1.8756,8.799,-6.5519,-6.7138,10.387,7.9123,-0.76323,-2.7512,-15.244,1.7481,1.4316,-9.2375,0.077191,-27.49,-18.001,13.897,-5.0416,-3.3676,16.86,-20.488,2.4747,4.9483,-16.625,4.6735,17.351,7.6628,-2.8024,0.33104,16.029,10.426,24.386,0.66997,-2.2716,-7.5723,-15.705,-9.8505,-1.1924,-3.5381,-8.6139,-34.376,-0.69572,-7.7888,-18.018,14.453,-5.3203,-14.072,-35.524,-7.1155,0.56258,0,-6.0897,-24.393,12.321,-6.6975,5.3675,36.586,16.977,-6.8178,21.489,6.9669,-3.3125,-21.324,26.025,11.916,-4.5598,11.818,12.167,37.792,9.0574,0.1876,-5.0113,5.6375,-4.1978,-20.704,8.4831,18.426,2.0832,-10.418,-4.8094,-7.9779,-5.6953,8.7682,13.915,-2.1667,4.9083,-5.5216,33.947,-23.213,13.166,-10.084,35.455,-18.621,-17.123,-1.5484,7.2315,27.936,13.803,1.2553,-3.8892,-11.69,-2.2801,-0.33927,-19.915,10.773,-6.0897,0,8.2422,-15.03,1.9191,0.92921,-4.8412,-3.5696,15.656,-19.17,21.16,-5.8139,13.596,-7.4012,-26.929,-12.879,-7.9024,-30.097,-11.239,14.435,10.071,-27.157,17.488,1.5127,-17.252,42.143,3.3142,-4.9634,9.5887,5.2425,-11.19,-1.2967,-4.7475,10.069,-22.734,-15.425,-18.133,2.3151,1.6879,20.599,8.6426,8.1638,2.2217,-3.7366,18.204,20.536,6.9022,15.612,6.4276,-13.01,1.3177,13.732,19.138,4.356,4.9588,-24.393,8.2422,0,-17.315,2.3231,5.4327,-17.991,-18.698,4.5191,-28.479,-2.1336,11.618,25.147,-57.059,-11.896,-0.0082913,-1.5374,-18.147,-25.828,-5.9974,2.7428,22.456,-16.536,-10.722,33.009,-23.201,-17.799,14.808,-0.74582,-3.6849,0.65954,12.468,-5.3732,-14.385,3.6358,-0.73382,3.4103,-11.844,2.2221,-21.002,3.1014,-15.695,-0.7957,3.8901,-13.637,-18.45,-9.8556,-5.9697,1.7673,-1.4428,-4.1309,2.6499,-6.7387,2.2642,-22.374,12.321,-15.03,-17.315,0,-13.862,-1.2198,14.083,1.6915,0.19619,20.055,-5.3173,-7.9573,-10.047,14.626,26.885,-2.6292,5.0474,18.412,12.825,1.7432,-5.1322,-6.6161,0.6695,30.771,-12.464,5.5534,6.3277,-27.272,5.7911,-4.1111,5.743,-35.421,15.984,-2.5763,8.5024,9.9938,4.138,1.6576,5.4073,0.44345,0.37009,6.4436,7.3741,12.212,4.5625,14.174,-5.5884,-12.128,0.58359,11.284,19.591,-10.426,5.1844,4.967,12.33,-6.6975,1.9191,2.3231,-13.862,0,-13.6,-13.439,9.4513,-8.7056,-2.6328,-3.9124,1.7202,-3.6043,-1.0522,-11.63,18.675,-12.447,-0.24171,-3.2402,-8.2374,-5.1506,-8.1355,18.374,-7.5789,3.0472,5.665,5.8002,4.1832,-6.7685,25.296,3.9194,19.28,-23.642,19.399,-8.7725,-10.572,1.3731,2.1629,-0.30893,14.889,-5.6975,-5.2255,1.4589,-15.18,10.926,-7.6881,10.016,13.31,-13.514,-2.3677,-9.39,4.0461,-5.7705,-3.0084,4.5688,5.3675,0.92921,5.4327,-1.2198,-13.6,0,9.8172,-5.1031,-1.8655,-2.4772,6.1396,14.134,3.4308,-4.991,3.8116,-10.487,27.548,-4.8507,2.9439,-21.135,-12.601,12.89,-3.2782,-9.0867,18.234,-17.386,1.3515,10.123,-17.425,6.1653,11.47,14.211,-7.0862,2.4526,9.0739,5.3023,15.611,0.98489,-4.1185,-5.1398,-13.943,-9.8672,-3.4853,-7.7623,-8.0022,-49.142,2.2174,-2.127,-15.755,7.7984,-10.461,-7.9274,-29.147,-8.461,-1.8756,36.586,-4.8412,-17.991,14.083,-13.439,9.8172,0,9.5389,-2.9782,16.39,8.2506,-2.7299,-13.499,18.158,13.275,-9.6469,15.534,8.8699,25.076,-18.517,-24.887,7.9671,-5.5047,10.922,4.5436,-12.609,7.1062,-8.2606,-9.6706,-0.19166,24.386,-8.1036,9.066,-2.3084,40.013,24.891,34.417,2.471,0.80086,-7.6455,-14.335,-3.1131,3.0192,4.8803,-5.8206,-8.9368,-4.6186,-20.273,-14.26,40.51,5.9908,-37.226,-17.401,-3.6258,8.799,16.977,-3.5696,-18.698,1.6915,9.4513,-5.1031,9.5389,0,-12.855,15.374,3.965,-3.3698,-27.208,21.939,1.8054,6.4855,0.52066,10.869,20.222,17.013,13.54,4.1963,-4.4627,-18.557,-6.142,1.1889,0.2419,17.401,-4.4274,-12.671,-24.386,2.5501,4.333,1.5269,-7.8557,-1.8549,-15.397,10.899,-21.18,1.794,0.035317,15.297,-27.359,-12.523,-10.078,2.9173,13.748,16.15,12.97,-17.675,-18.832,8.641,3.4674,-13.163,-6.5519,-6.8178,15.656,4.5191,0.19619,-8.7056,-1.8655,-2.9782,-12.855,0,-11.789,9.8521,-14.26,16.851,-5.6407,-7.876,-18.521,-9.1062,-14.404,-12.324,-18.441,-9.1061,16.9,-12.23,1.3807,26.417,-25.575,-8.132,1.7129,-2.9083,0.60067,14.668,4.1805,-1.6087,-11.725,15.313,7.3155,17.674,-10.801,7.0281,-19.767,-2.7994,-19.197,6.1783,8.7868,-8.7548,-19.58,-14.351,-18.947,-7.5286,12.631,3.9777,-8.9033,-13.26,3.7647,-6.7138,21.489,-19.17,-28.479,20.055,-2.6328,-2.4772,16.39,15.374,-11.789,0,-5.1371,-3.271,-31.686,27.359,21.613,5.2645,6.6328,33.983,30.041,-2.7482,-8.87,2.2403,3.3074,-7.8943,-6.2116,-1.3093,20.922,6.3728,-30.856,-0.54499,0.85217,0.97472,4.6173,15.491,4.8818,9.9741,4.6048,33.197,-27.787,8.0804,-26.28,13.985,-20.01,-25.407,-6.1347,-5.611,27.852,9.1324,-8.5298,2.8772,-18.966,-9.1976,-14.055,-42.368,10.387,6.9669,21.16,-2.1336,-5.3173,-3.9124,6.1396,8.2506,3.965,9.8521,-5.1371,0,-7.0522,2.5792,3.0632,-10.537,-19.917,0.7446,-12.823,1.7288,-5.4467,-3.7934,-21.596,23.591,8.2792,-1.5994,14.3,2.2376,-11.708,7.2299,28.043,7.1282,4.2339,-15.868,9.826,-8.7313,-12.755,0.58366,-6.6597,15.495,13.678,4.0667,-8.2621,19.391,1.5053,37.706,3.8966,-2.0812,2.6357,-8.715,1.4766,8.5007,4.0987,4.8611,12.029,7.9123,-3.3125,-5.8139,11.618,-7.9573,1.7202,14.134,-2.7299,-3.3698,-14.26,-3.271,-7.0522,0,1.5458,-10.523,1.9235,7.1708,14.457,-0.5862,-1.1054,23.229,16.809,-11.573,8.3546,-7.5547,-14.687,18.64,1.5313,4.5323,4.8471,-1.7815,-24.044,1.4351,-2.2098,7.6158,-23.947,-13.084,-29.038,6.1856,-6.705,13.866,7.0303,13.196,-7.5666,-9.0099,5.9298,14.554,11.963,25.059,12.188,-23.931,-7.23,17.419,15.496,-2.3085,-0.76323,-21.324,13.596,25.147,-10.047,-3.6043,3.4308,-13.499,-27.208,16.851,-31.686,2.5792,1.5458,0,-27.509,-12.046,-8.2348,-5.0619,-23.907,-31.735,-16.203,-12.503,23.511,-15.285,-0.14728,15.425,-34.594,-1.4073,3.3705,-10.722,-4.2691,13.309,0.32339,5.2739,-8.4276,26.104,17.41,21.231,-1.216,-1.763,-18.051,-10.43,-7.4977,-1.8065,3.3778,-16.457,-20.008,-6.1681,-16.306,-8.2328,15.618,-0.79314,-16.471,-21.135,-4.9248,-2.7512,26.025,-7.4012,-57.059,14.626,-1.0522,-4.991,18.158,21.939,-5.6407,27.359,3.0632,-10.523,-27.509,0,10.432,0.41946,1.8408,17.141,27.801,-10.857,-0.095169,10.442,-7.0392,-4.9463,41.56,-13.858,-17.44,6.9772,2.9626,4.9065,5.7631,15.036,-12.909,-10.237,1.2821,-5.3384,5.4475,-19.999,10.848,-13.27,5.2187,-33.767,8.1967,6.5638,-3.2281,-16.684,-14.085,-7.1028,-2.8502,0.91231,1.249,3.466,-5.0787,9.1179,-15.244,11.916,-26.929,-11.896,26.885,-11.63,3.8116,13.275,1.8054,-7.876,21.613,-10.537,1.9235,-12.046,10.432,0,2.2858,12.634,23.659,14.835,-1.6801,-1.5123,-4.5244,-1.4083,26.702,-0.19854,2.0238,-5.8018,-21.68,16.568,0.4196,7.555,-12.576,3.9505,-10.502,4.6386,1.1771,3.7871,-13.771,22.897,-5.6905,9.9607,-7.2651,22.996,31.665,7.2431,8.284,-22.291,-18.882,1.6598,8.5476,62.393,-3.1491,8.0327,21.632,1.7481,-4.5598,-12.879,-0.0082913,-2.6292,18.675,-10.487,-9.6469,6.4855,-18.521,5.2645,-19.917,7.1708,-8.2348,0.41946,2.2858,0,-4.2866,11.142,1.1059,-16.873,-8.5567,-3.0349,10.831,-4.2612,11.569,-0.87905,0.78153,2.5726,-4.9008,27.727,10.609,20.496,-26.535,9.4261,-3.0756,-7.982,7.4648,-4.6463,5.785,5.6528,-4.4213,-15.349,7.2409,-6.4321,8.5395,-14.088,1.2449,3.5578,-17.439,2.8135,-3.9274,1.003,-9.1138,1.7805,1.4316,11.818,-7.9024,-1.5374,5.0474,-12.447,27.548,15.534,0.52066,-9.1062,6.6328,0.7446,14.457,-5.0619,1.8408,12.634,-4.2866,0,4.7268,11.226,-12.694,-4.4774,12.233,-11.862,4.3709,23.544,-17.428,-13.717,-1.1443,4.0787,0.32213,11.523,2.5041,-2.3637,-16.953,10.479,3.1797,11.708,-19.046,13.794,-21.312,3.7025,-23.933,11.65,16.211,-5.1207,-11.626,-24.784,-21.986,-3.1551,9.4359,9.6001,-4.5011,-5.6104,10.962,-9.2375,12.167,-30.097,-18.147,18.412,-0.24171,-4.8507,8.8699,10.869,-14.404,33.983,-12.823,-0.5862,-23.907,17.141,23.659,11.142,4.7268,0,18.636,-32.325,-18.248,12.654,-5.7796,1.0246,19.178,-20.401,-0.16176,0.97514,-10.192,5.193,22.359,5.2934,-2.6496,-2.9337,17.915,9.9505,28.761,-3.7736,2.978,-10.174,-10.874,-14.305,3.9105,1.9401,-6.42,-25.926,-6.0832,-13.413,-17.027,18.065,0.31517,-14.522,-24.123,-1.7415,0.077191,37.792,-11.239,-25.828,12.825,-3.2402,2.9439,25.076,20.222,-12.324,30.041,1.7288,-1.1054,-31.735,27.801,14.835,1.1059,11.226,18.636,0
