0,-11.265,-2.2298,-3.5248,40.225,23.204,3.399,-26.075,10.734,-3.5814,19.406,0.45299,19.527,-23.173,-5.4327,-18.374,-8.5849,0.17632,12.029,3.716,9.8559,-19.434,-0.9705,3.2979,-1.5812,-29.248,15.45,13.678,2.7041,0.79815,6.8357,-1.2755,-3.1486,-10.296,-1.3899,24.282,-18.496,-10.679,-8.0256,30.566,-9.1777,-13.898,4.7946,0.88981,9.2904,-7.4629,-6.8701,-0.57017,11.957,5.243,-24.377,8.6746,19.003,-1.7198,1.873,-11.265,0,15.561,21.665,-11.965,-10.674,-28.246,7.8439,-5.8846,-15.055,-36.251,2.9286,-22.144,25.608,-14.687,16.417,-11.984,16.939,3.8529,15.787,-35.029,30.036,4.7554,11.175,6.421,17.371,-2.516,-6.6995,-13.941,1.316,6.8478,-4.4668,-2.4571,4.4262,8.3495,-16.281,11.777,-9.5953,-4.9759,-21.669,9.5815,25.882,-7.4095,-8.2757,-54.609,-10.14,3.5529,-1.2276,-23.462,-0.41114,13.492,-10.357,-24.492,5.3421,1.4173,-2.2298,15.561,0,21.469,0.33973,-8.886,-16.108,5.0967,4.1812,-30.027,-12.68,-4.727,-5.2623,13.719,-22.786,18.237,-8.9921,12.619,16.835,6.2432,-8.4186,7.3867,24.244,21.987,-2.8098,1.8966,10.008,-15.007,-2.4326,-14.582,10.205,-12.73,6.8476,-0.80427,-6.2888,-1.2679,-4.8804,-15.153,3.7056,-9.8113,16.233,3.8179,-14.028,-20.584,-14.5,-14.446,9.3698,14.885,-3.6391,8.0598,7.7096,6.258,-4.3191,-4.0814,-13.708,-3.5248,21.665,21.469,0,-3.9025,-2.7563,-34.516,-0.11311,-7.2043,-25.617,-16.71,8.0149,-14.853,16.286,-24.736,15.193,-12.02,33.22,7.1043,12.635,-15.11,11.336,7.7933,9.5914,10.423,7.9469,9.6821,-6.1977,-2.7611,-2.9078,21.474,-0.38598,6.623,-7.5452,4.5841,-9.2748,0.90362,-12.176,-5.5488,-11.771,18.675,11.134,-19.85,-5.6849,-23.086,-8.3414,-2.337,3.1883,-14.357,12.841,12.716,-4.5156,-8.3069,9.0051,-2.3466,40.225,-11.965,0.33973,-3.9025,0,16.082,4.9079,-18.127,15.468,-4.5152,19.46,-3.8174,24.64,-20.915,-5.4841,-14.019,-6.5013,-1.8569,15.431,0.88297,12.322,-21.497,3.5536,5.8109,-6.0015,-40.6,16.722,8.1345,4.1781,-4.0681,5.0478,-5.0109,-1.0464,-8.2475,-6.3815,33.722,-24.997,-10.788,-3.1222,26.997,-7.2215,-18.145,3.8853,-2.963,10.6,-8.4179,-2.3105,4.2752,16.745,5.3082,-23.111,14.573,22.156,-6.2233,-3.0099,23.204,-10.674,-8.886,-2.7563,16.082,0,1.8519,-46.58,-1.0301,1.0641,16.488,11.876,8.9971,-19.73,-1.7311,-21.294,-6.1049,3.5182,1.2149,4.6053,7.1432,-14.875,-11.229,-6.2285,8.9989,-13.474,11.148,24.256,4.3823,9.6923,9.8541,10.592,-2.2422,-17.144,7.0357,9.9119,-8.8223,-3.8242,-15.525,22.577,-8.1012,-7.6667,2.7157,12.818,7.9479,0.56111,-21.578,-9.397,4.1449,7.436,-14.024,-1.0963,13.529,9.2691,10.732,3.399,-28.246,-16.108,-34.516,4.9079,1.8519,0,0.90334,7.2345,22.128,19.045,-8.9058,16.993,-15.306,24.123,-10.817,17.949,-33.994,-6.4882,-21.178,23.743,-15.707,-3.3722,-10.151,-12.174,-9.9594,-5.3,1.7977,9.2067,-2.5394,-17.604,0.56854,0.047709,4.1483,-10.463,11.034,-5.31,14.517,10.855,11.609,-10.718,-17.539,11.364,4.6845,32.997,11.181,3.2727,2.2835,20.637,-6.7245,-9.6398,9.4968,13.069,-10.64,-3.1222,-26.075,7.8439,5.0967,-0.11311,-18.127,-46.58,0.90334,0,-0.13978,2.5897,-13.888,-11.215,-8.4704,16.969,5.4253,17.828,9.3415,-6.1111,-4.4576,-7.0456,-5.2851,13.338,8.1657,2.7678,-8.8094,14.063,-14.256,-21.283,-3.1485,-8.0079,-12.895,-8.013,2.0831,18.098,-6.7163,-10.458,10.207,7.4703,16.716,-20.692,6.4531,6.8311,-1.2266,-9.2685,-5.3387,2.5984,19.3,7.6746,-3.398,-8.8973,13.767,0.27779,-12.724,-8.7701,-9.1922,10.734,-5.8846,4.1812,-7.2043,15.468,-1.0301,7.2345,-0.13978,0,-3.1893,8.2365,-24.529,20.147,-8.9704,-2.3311,-5.1409,-3.5339,-10.055,18.545,-1.6312,7.1132,-8.2022,11.498,14.913,-26.067,-16.96,3.227,-1.9538,-3.3981,-10.331,-7.1666,-24.309,-5.934,7.9751,-13.484,22.161,-12.057,-9.4438,6.4491,9.5872,-8.69,-11.415,9.9999,-16.974,6.687,-13.645,15.005,10.277,16.953,-6.6382,-16.63,19.462,8.3044,-27.314,-9.7166,-3.5814,-15.055,-30.027,-25.617,-4.5152,1.0641,22.128,2.5897,-3.1893,0,9.4046,-0.41627,4.3152,-8.3985,46.939,-9.6201,17.957,-19.935,-20.316,-13.586,10.018,-5.479,-14.154,-21.267,-2.0434,0.71028,-14.584,5.4259,4.5507,7.2179,-17.752,8.7872,-3.211,5.2774,0.49621,-0.43314,5.8456,25.152,4.2288,4.599,-11.071,-4.5775,11.867,13.857,15.757,19.32,-2.4262,-7.5602,5.4609,-10.076,-3.126,-3.0322,2.8961,-0.70392,6.157,19.406,-36.251,-12.68,-16.71,19.46,16.488,19.045,-13.888,8.2365,9.4046,0,-1.9115,27.787,-39.575,8.3182,-21.94,5.233,-11.771,0.6915,-8.9904,26.885,-38.096,-4.5628,-7.0441,-5.2562,-25.32,6.3237,10.614,10.634,-0.099433,-2.9385,3.0919,0.15387,-6.7261,-6.2107,22.506,-15.322,3.4034,0.57178,35.257,-11.596,-25.873,8.0497,6.87,30.736,4.6658,-5.405,0.10987,22.674,1.6821,-20.138,10.657,29.25,-4.4876,0.20111,0.45299,2.9286,-4.727,8.0149,-3.8174,11.876,-8.9058,-11.215,-24.529,-0.41627,-1.9115,0,-10.823,1.1509,-2.6486,-2.3414,-3.5065,14.903,-9.5687,7.1649,-5.126,2.0276,-14.464,-11.8,47.635,6.313,3.9539,10.669,2.9183,14.431,15.217,26.932,3.0968,-16.799,18.094,-10.042,4.9484,1.9976,-16.474,-0.46842,4.1747,7.1552,-7.993,20.023,-4.8515,7.2818,-32.391,-14.098,-12.961,10.714,5.8757,-16.664,-2.195,51.402,14.728,19.527,-22.144,-5.2623,-14.853,24.64,8.9971,16.993,-8.4704,20.147,4.3152,27.787,-10.823,0,-25.759,4.2925,-15.22,2.4247,-13.793,8.2344,-7.76,21.88,-26.556,2.8803,1.6221,-14.492,-35.154,6.5795,4.9289,6.1307,-5.9639,-5.358,-6.4627,-1.6647,-1.0781,-12.254,41.444,-19.27,-1.7772,4.4425,25.976,-11.502,-27.538,9.7189,-2.586,22.009,-2.3833,3.0048,5.951,33.25,-1.2903,-24.565,19.361,24.312,-13.93,-5.4914,-23.173,25.608,13.719,16.286,-20.915,-19.73,-15.306,16.969,-8.9704,-8.3985,-39.575,1.1509,-25.759,0,-6.5167,31.773,-1.0001,10.08,-1.894,4.0298,-18.026,26.382,7.1026,5.3276,4.0237,24.292,-4.9731,-15.93,-5.274,-3.6455,2.7154,-2.4024,4.6864,5.2306,2.2103,-21.995,12.075,-0.4991,3.6349,-46.345,16.952,18.227,-11.967,-6.8659,-22.118,-1.4957,6.4978,3.6152,-17.244,0.93072,27.89,-7.298,-21.31,3.3763,-4.1046,-5.4327,-14.687,-22.786,-24.736,-5.4841,-1.7311,24.123,5.4253,-2.3311,46.939,8.3182,-2.6486,4.2925,-6.5167,0,-6.5311,22.912,-22.701,-19.419,-17.614,11.051,-5.2009,-10.068,-19.12,-4.2605,1.1118,-14.646,1.8068,6.0072,3.7531,-20.076,6.844,-1.0085,6.4152,-2.5018,-0.52184,5.0573,29.038,7.9879,2.8853,-8.391,-5.4944,9.9147,10.848,16.102,20.371,0.30901,-4.0924,6.7035,-9.6225,-1.3905,-0.87675,2.9711,-2.906,2.6753,-18.374,16.417,18.237,15.193,-14.019,-21.294,-10.817,17.828,-5.1409,-9.6201,-21.94,-2.3414,-15.22,31.773,-6.5311,0,2.3726,7.4944,0.77797,-1.2355,-9.318,14.573,14.36,6.5471,-0.24801,14.309,-0.49537,-27.193,0.61838,-11.709,3.004,-4.7229,11.239,3.0542,-5.1072,-13.095,4.4524,0.0037334,9.9655,-27.329,24.901,8.6187,-16.906,-10.162,-13.918,-0.73925,9.7305,11.684,-8.3959,4.8024,26.148,0.10773,-11.209,-0.88373,-12.261,-8.5849,-11.984,-8.9921,-12.02,-6.5013,-6.1049,17.949,9.3415,-3.5339,17.957,5.233,-3.5065,2.4247,-1.0001,22.912,2.3726,0,-15.478,-15.211,-35.919,13.973,-5.7438,-0.62766,-15.237,-5.2677,1.6197,-6.5217,-7.874,15.908,-5.9724,-11.917,5.6988,10.783,1.9061,-10.66,-1.3539,-0.10636,31.212,18.473,-1.3466,2.8816,-8.6497,-1.1822,6.1818,14.109,24.811,3.0963,5.682,8.5018,-0.52552,5.7123,4.8221,5.276,-4.1641,-7.1509,0.17632,16.939,12.619,33.22,-1.8569,3.5182,-33.994,-6.1111,-10.055,-19.935,-11.771,14.903,-13.793,10.08,-22.701,7.4944,-15.478,0,4.9821,17.374,-14.816,8.8235,1.283,5.5897,17.686,6.4142,10.364,0.94713,-3.4051,3.1733,28.991,4.3834,3.5704,-11.632,10.62,-8.6423,1.5514,-12.391,-13.036,-6.7705,12.059,11.56,-15.203,-0.040484,-19.715,-7.1494,-9.2129,-2.8411,-16.47,13.319,8.4604,-8.6474,-6.8222,15.828,3.9017,12.029,3.8529,16.835,7.1043,15.431,1.2149,-6.4882,-4.4576,18.545,-20.316,0.6915,-9.5687,8.2344,-1.894,-19.419,0.77797,-15.211,4.9821,0,8.1408,-1.1926,-2.8472,16.301,29.588,-8.8593,-11.916,13.424,-2.5713,-4.8807,-10.209,6.6521,-19.426,-1.9611,-0.42827,-7.0102,13.224,-13.352,-28.194,-0.70638,4.7403,0.53032,-4.3575,-0.90241,-20.522,-3.9656,-28.209,7.9914,10.479,5.6541,3.0808,-8.6134,12.737,4.5088,-10.192,-8.8883,3.716,15.787,6.2432,12.635,0.88297,4.6053,-21.178,-7.0456,-1.6312,-13.586,-8.9904,7.1649,-7.76,4.0298,-17.614,-1.2355,-35.919,17.374,8.1408,0,-20.762,10.649,-3.4728,10.186,9.7114,3.9073,1.9951,8.8761,-19.49,10.988,10.74,-1.8801,-12.454,-0.70576,17.791,-4.3455,6.0769,-19.676,-23.106,-2.2897,-2.6589,15.388,1.2776,-2.5198,-18.677,-17.046,-5.2778,-10.691,-15.411,-1.2411,-1.9903,-11.618,-10.632,8.6027,12.087,9.8559,-35.029,-8.4186,-15.11,12.322,7.1432,23.743,-5.2851,7.1132,10.018,26.885,-5.126,21.88,-18.026,11.051,-9.318,13.973,-14.816,-1.1926,-20.762,0,-32.103,1.2352,-7.8747,-8.8316,-18.369,6.0781,0.87819,20.199,-7.7818,-4.8528,1.9956,8.0864,-5.7808,-15.177,17.379,-17.241,8.562,9.9719,16.898,-3.5717,-38.499,2.1877,4.1062,37.895,9.3723,-0.50873,7.7114,30.437,4.2593,-9.4518,16.847,30.311,-7.8961,-7.86,-19.434,30.036,7.3867,11.336,-21.497,-14.875,-15.707,13.338,-8.2022,-5.479,-38.096,2.0276,-26.556,26.382,-5.2009,14.573,-5.7438,8.8235,-2.8472,10.649,-32.103,0,0.22288,5.2313,5.4854,28.516,-11.314,-6.2318,-15.65,4.61,-0.26375,-2.3676,-5.1757,10.147,10.016,-24.016,22.722,-2.2809,-2.9529,-28.037,5.6842,35.917,-2.6761,-4.6214,-27.244,-4.347,4.5732,-4.6795,-25.939,-6.5183,15.227,-15.1,-49.728,4.9102,4.1885,-0.9705,4.7554,24.244,7.7933,3.5536,-11.229,-3.3722,8.1657,11.498,-14.154,-4.5628,-14.464,2.8803,7.1026,-10.068,14.36,-0.62766,1.283,16.301,-3.4728,1.2352,0.22288,0,18.076,-13.361,-3.8279,8.7008,-21.821,2.986,-33.065,2.0403,-18.601,9.5277,2.1934,-19.877,5.3767,-10.764,-8.142,14.404,-4.9964,12.143,-5.0473,-9.2733,-26.303,-3.2512,-9.5434,17.866,33.47,6.4315,5.412,3.6612,18.184,2.35,-14.676,-31.112,3.2979,11.175,21.987,9.5914,5.8109,-6.2285,-10.151,2.7678,14.913,-21.267,-7.0441,-11.8,1.6221,5.3276,-19.12,6.5471,-15.237,5.5897,29.588,10.186,-7.8747,5.2313,18.076,0,-9.2955,-3.3513,5.7312,-6.9294,-10.789,-9.5424,3.3668,-26.455,-4.1285,5.932,-5.0327,5.2301,-4.781,-24.671,0.78105,-3.0433,2.2207,2.5102,-0.74172,-31.402,-10.542,-33.317,13.691,9.6933,0.022321,-1.4254,-2.8468,7.6686,-3.568,-10.806,-8.6432,-1.5812,6.421,-2.8098,10.423,-6.0015,8.9989,-12.174,-8.8094,-26.067,-2.0434,-5.2562,47.635,-14.492,4.0237,-4.2605,-0.24801,-5.2677,17.686,-8.8593,9.7114,-8.8316,5.4854,-13.361,-9.2955,0,9.2135,2.5394,9.2354,0.1655,15.046,15.291,22.144,1.8257,-13.575,21.078,-13.102,7.4897,0.65448,-17.521,-3.2706,4.9534,10.915,-8.2505,16.435,-8.4294,5.3212,-25.49,-14.707,-17.5,9.133,7.7141,-20.165,-5.562,66.395,15.322,-29.248,17.371,1.8966,7.9469,-40.6,-13.474,-9.9594,14.063,-16.96,0.71028,-25.32,6.313,-35.154,24.292,1.1118,14.309,1.6197,6.4142,-11.916,3.9073,-18.369,28.516,-3.8279,-3.3513,9.2135,0,-13.562,-6.2048,-7.0379,5.9797,-1.2471,4.9834,-0.37822,6.5027,10.073,-47.403,27.104,6.0277,-0.87265,-29.358,7.8215,25.782,-5.0062,2.4142,-16.239,4.7641,0.46931,-6.111,-24.527,-3.9839,23.076,-18.583,-28.682,9.1418,5.1328,15.45,-2.516,10.008,9.6821,16.722,11.148,-5.3,-14.256,3.227,-14.584,6.3237,3.9539,6.5795,-4.9731,-14.646,-0.49537,-6.5217,10.364,13.424,1.9951,6.0781,-11.314,8.7008,5.7312,2.5394,-13.562,0,0.30518,10.171,-8.58,21.039,-0.013667,11.397,-21.613,-5.7096,10.738,-23.529,-11.284,-2.4678,8.7213,8.2564,-10.347,-12.653,-2.6315,1.4832,-5.6707,-5.7971,8.9975,6.2639,24.856,-3.4944,10.592,14.487,1.8824,-7.3525,13.678,-6.6995,-15.007,-6.1977,8.1345,24.256,1.7977,-21.283,-1.9538,5.4259,10.614,10.669,4.9289,-15.93,1.8068,-27.193,-7.874,0.94713,-2.5713,8.8761,0.87819,-6.2318,-21.821,-6.9294,9.2354,-6.2048,0.30518,0,-4.5544,22.622,2.7888,9.5976,-12.962,-5.7319,15.711,4.5062,1.0854,-2.4142,-22.521,15.368,-17.592,-0.15167,11.463,14.247,4.433,-0.30683,-17.88,-22.303,-1.129,-2.7189,-14.826,-8.7056,3.963,9.7088,24.202,2.7041,-13.941,-2.4326,-2.7611,4.1781,4.3823,9.2067,-3.1485,-3.3981,4.5507,10.634,2.9183,6.1307,-5.274,6.0072,0.61838,15.908,-3.4051,-4.8807,-19.49,20.199,-15.65,2.986,-10.789,0.1655,-7.0379,10.171,-4.5544,0,-9.7075,3.4834,8.685,25.2,-14.273,-12.035,5.1118,-13.408,10.697,9.959,5.6395,8.9682,-17.323,-11.017,6.7605,14.272,15.235,-4.7054,9.757,11.743,16.159,2.84,10.262,17.632,0.70612,-9.9228,0.79815,1.316,-14.582,-2.9078,-4.0681,9.6923,-2.5394,-8.0079,-10.331,7.2179,-0.099433,14.431,-5.9639,-3.6455,3.7531,-11.709,-5.9724,3.1733,-10.209,10.988,-7.7818,4.61,-33.065,-9.5424,15.046,5.9797,-8.58,22.622,-9.7075,0,0.33925,12.817,-14.718,-0.40037,32.346,-7.2723,13.954,1.8396,-22.105,2.3164,-11.995,10.858,9.4256,16.476,-2.9619,2.7662,-15.627,-90.456,-11.805,-6.8419,-3.379,-24.646,-7.1553,15.763,66.783,6.8357,6.8478,10.205,21.474,5.0478,9.8541,-17.604,-12.895,-7.1666,-17.752,-2.9385,15.217,-5.358,2.7154,-20.076,3.004,-11.917,28.991,6.6521,10.74,-4.8528,-0.26375,2.0403,3.3668,15.291,-1.2471,21.039,2.7888,3.4834,0.33925,0,6.1729,7.9587,-22.852,5.5883,-1.4213,-6.4465,-11.529,-11.189,0.53895,11.492,2.2623,-17.114,1.9596,-8.6921,-4.9309,-12.762,0.045189,-6.7829,23.708,3.7265,-2.4376,2.1817,13.95,1.2668,-1.2755,-4.4668,-12.73,-0.38598,-5.0109,10.592,0.56854,-8.013,-24.309,8.7872,3.0919,26.932,-6.4627,-2.4024,6.844,-4.7229,5.6988,4.3834,-19.426,-1.8801,1.9956,-2.3676,-18.601,-26.455,22.144,4.9834,-0.013667,9.5976,8.685,12.817,6.1729,0,5.1756,-13.681,11.371,-8.2313,4.6143,11.835,-8.1386,1.6724,1.8212,1.7987,-4.8223,37.267,3.0975,18.758,-26.707,-12.727,-6.1828,7.7396,5.1379,-12.671,1.502,24.397,12.391,-3.1486,-2.4571,6.8476,6.623,-1.0464,-2.2422,0.047709,2.0831,-5.934,-3.211,0.15387,3.0968,-1.6647,4.6864,-1.0085,11.239,10.783,3.5704,-1.9611,-12.454,8.0864,-5.1757,9.5277,-4.1285,1.8257,-0.37822,11.397,-12.962,25.2,-14.718,7.9587,5.1756,0,-12.727,-11.65,-1.1006,-9.5653,6.0105,11.257,-3.3796,23.403,-7.8066,-24.91,0.85612,3.0577,9.5362,-1.1764,14.871,4.1419,21.803,11.861,8.1698,7.6834,1.8134,-14.955,-10.296,4.4262,-0.80427,-7.5452,-8.2475,-17.144,4.1483,18.098,7.9751,5.2774,-6.7261,-16.799,-1.0781,5.2306,6.4152,3.0542,1.9061,-11.632,-0.42827,-0.70576,-5.7808,10.147,2.1934,5.932,-13.575,6.5027,-21.613,-5.7319,-14.273,-0.40037,-22.852,-13.681,-12.727,0,-1.913,-2.9689,11.337,1.9423,7.0328,-7.7317,-7.8391,6.4698,13.744,-9.9429,-2.7514,-4.2941,19.476,0.086077,-0.97562,-29.758,-0.40899,-0.83583,-11.757,-13.411,-1.0688,-1.3899,8.3495,-6.2888,4.5841,-6.3815,7.0357,-10.463,-6.7163,-13.484,0.49621,-6.2107,18.094,-12.254,2.2103,-2.5018,-5.1072,-10.66,10.62,-7.0102,17.791,-15.177,10.016,-19.877,-5.0327,21.078,10.073,-5.7096,15.711,-12.035,32.346,5.5883,11.371,-11.65,-1.913,0,-11.897,15.611,-2.2318,-27.107,-2.542,-5.3251,17.975,3.4361,11.773,-10.438,-0.56639,-15.194,-31.722,-20.755,-3.2393,1.2685,-33.13,-11.94,21.004,33.237,24.282,-16.281,-1.2679,-9.2748,33.722,9.9119,11.034,-10.458,22.161,-0.43314,22.506,-10.042,41.444,-21.995,-0.52184,-13.095,-1.3539,-8.6423,13.224,-4.3455,17.379,-24.016,5.3767,5.2301,-13.102,-47.403,10.738,4.5062,5.1118,-7.2723,-1.4213,-8.2313,-1.1006,-2.9689,-11.897,0,-24.121,-6.2548,2.7009,24.968,-8.9726,-24.558,6.9385,-5.01,15.817,-6.1609,2.8176,7.3539,27.021,1.2224,-24.266,20.964,23.86,-13.044,-6.4793,-18.496,11.777,-4.8804,0.90362,-24.997,-8.8223,-5.31,10.207,-12.057,5.8456,-15.322,4.9484,-19.27,12.075,5.0573,4.4524,-0.10636,1.5514,-13.352,6.0769,-17.241,22.722,-10.764,-4.781,7.4897,27.104,-23.529,1.0854,-13.408,13.954,-6.4465,4.6143,-9.5653,11.337,15.611,-24.121,0,6.0994,-4.9063,-15.435,-2.1367,25.651,4.4709,4.853,-11.441,3.577,-0.51498,-14.253,-20.683,-12.603,9.8908,-24.828,-28.177,7.7404,12.758,-10.679,-9.5953,-15.153,-12.176,-10.788,-3.8242,14.517,7.4703,-9.4438,25.152,3.4034,1.9976,-1.7772,-0.4991,29.038,0.0037334,31.212,-12.391,-28.194,-19.676,8.562,-2.2809,-8.142,-24.671,0.65448,6.0277,-11.284,-2.4142,10.697,1.8396,-11.529,11.835,6.0105,1.9423,-2.2318,-6.2548,6.0994,0,9.3756,-2.4323,0.19028,-2.9547,0.99363,13.093,10.725,35.978,-1.9173,-2.1165,2.4544,-2.8262,6.6236,-2.862,1.0323,1.8568,0.67138,-8.0256,-4.9759,3.7056,-5.5488,-3.1222,-15.525,10.855,16.716,6.4491,4.2288,0.57178,-16.474,4.4425,3.6349,7.9879,9.9655,18.473,-13.036,-0.70638,-23.106,9.9719,-2.9529,14.404,0.78105,-17.521,-0.87265,-2.4678,-22.521,9.959,-22.105,-11.189,-8.1386,11.257,7.0328,-27.107,2.7009,-4.9063,9.3756,0,-4.6638,6.8937,-9.2334,-3.2582,-8.7933,7.4558,5.8977,17.932,21.467,11.638,-0.90394,5.4008,15.432,3.9655,-16.943,-24.347,30.566,-21.669,-9.8113,-11.771,26.997,22.577,11.609,-20.692,9.5872,4.599,35.257,-0.46842,25.976,-46.345,2.8853,-27.329,-1.3466,-6.7705,4.7403,-2.2897,16.898,-28.037,-4.9964,-3.0433,-3.2706,-29.358,8.7213,15.368,5.6395,2.3164,0.53895,1.6724,-3.3796,-7.7317,-2.542,24.968,-15.435,-2.4323,-4.6638,0,-13.81,-18.889,9.0147,5.343,18.648,-0.69049,-7.1074,-2.2161,16.918,1.7865,-28.02,8.5341,23.804,-2.8467,2.9845,-9.1777,9.5815,16.233,18.675,-7.2215,-8.1012,-10.718,6.4531,-8.69,-11.071,-11.596,4.1747,-11.502,16.952,-8.391,24.901,2.8816,12.059,0.53032,-2.6589,-3.5717,5.6842,12.143,2.2207,4.9534,7.8215,8.2564,-17.592,8.9682,-11.995,11.492,1.8212,23.403,-7.8391,-5.3251,-8.9726,-2.1367,0.19028,6.8937,-13.81,0,2.8534,-39.89,-3.9331,-8.7849,2.6183,1.2049,12.179,-5.5371,17.29,22.606,1.8234,-2.8075,4.3497,-12.097,-13.898,25.882,3.8179,11.134,-18.145,-7.6667,-17.539,6.8311,-11.415,-4.5775,-25.873,7.1552,-27.538,18.227,-5.4944,8.6187,-8.6497,11.56,-4.3575,15.388,-38.499,35.917,-5.0473,2.5102,10.915,25.782,-10.347,-0.15167,-17.323,10.858,2.2623,1.7987,-7.8066,6.4698,17.975,-24.558,25.651,-2.9547,-9.2334,-18.889,2.8534,0,-1.2945,0.064383,-26.673,-3.8349,-1.1634,-10.87,-38.655,-5.7644,11.793,-23.551,-38.645,10.308,10.535,4.7946,-7.4095,-14.028,-19.85,3.8853,2.7157,11.364,-1.2266,9.9999,11.867,8.0497,-7.993,9.7189,-11.967,9.9147,-16.906,-1.1822,-15.203,-0.90241,1.2776,2.1877,-2.6761,-9.2733,-0.74172,-8.2505,-5.0062,-12.653,11.463,-11.017,9.4256,-17.114,-4.8223,-24.91,13.744,3.4361,6.9385,4.4709,0.99363,-3.2582,9.0147,-39.89,-1.2945,0,0.97166,7.3437,-2.8552,3.2712,-9.6855,5.0652,-25.261,-17.504,-1.3731,-0.049805,-7.592,9.2358,0.88981,-8.2757,-20.584,-5.6849,-2.963,12.818,4.6845,-9.2685,-16.974,13.857,6.87,20.023,-2.586,-6.8659,10.848,-10.162,6.1818,-0.040484,-20.522,-2.5198,4.1062,-4.6214,-26.303,-31.402,16.435,2.4142,-2.6315,14.247,6.7605,16.476,1.9596,37.267,0.85612,-9.9429,11.773,-5.01,4.853,13.093,-8.7933,5.343,-3.9331,0.064383,0.97166,0,6.7076,18.602,-24.768,-16.472,-3.4076,3.0815,0.35737,-12.066,2.9,18.296,15.872,9.2904,-54.609,-14.5,-23.086,10.6,7.9479,32.997,-5.3387,6.687,15.757,30.736,-4.8515,22.009,-22.118,16.102,-13.918,14.109,-19.715,-3.9656,-18.677,37.895,-27.244,-3.2512,-10.542,-8.4294,-16.239,1.4832,4.433,14.272,-2.9619,-8.6921,3.0975,3.0577,-2.7514,-10.438,15.817,-11.441,10.725,7.4558,18.648,-8.7849,-26.673,7.3437,6.7076,0,10.531,-1.3607,2.8356,25.608,-0.42248,-12.145,11.738,22.944,-7.2582,-3.1735,-7.4629,-10.14,-14.446,-8.3414,-8.4179,0.56111,11.181,2.5984,-13.645,19.32,4.6658,7.2818,-2.3833,-1.4957,20.371,-0.73925,24.811,-7.1494,-28.209,-17.046,9.3723,-4.347,-9.5434,-33.317,5.3212,4.7641,-5.6707,-0.30683,15.235,2.7662,-4.9309,18.758,9.5362,-4.2941,-0.56639,-6.1609,3.577,35.978,5.8977,-0.69049,2.6183,-3.8349,-2.8552,18.602,10.531,0,-7.3486,-2.9381,1.6095,2.7076,7.2304,-3.6654,3.4327,6.5577,1.8099,-6.8701,3.5529,9.3698,-2.337,-2.3105,-21.578,3.2727,19.3,15.005,-2.4262,-5.405,-32.391,3.0048,6.4978,0.30901,9.7305,3.0963,-9.2129,7.9914,-5.2778,-0.50873,4.5732,17.866,13.691,-25.49,0.46931,-5.7971,-17.88,-4.7054,-15.627,-12.762,-26.707,-1.1764,19.476,-15.194,2.8176,-0.51498,-1.9173,17.932,-7.1074,1.2049,-1.1634,3.2712,-24.768,-1.3607,-7.3486,0,15.262,5.7907,-9.6992,1.1717,11.364,-3.824,-26.776,-16.253,-0.57017,-1.2276,14.885,3.1883,4.2752,-9.397,2.2835,7.6746,10.277,-7.5602,0.10987,-14.098,5.951,3.6152,-4.0924,11.684,5.682,-2.8411,10.479,-10.691,7.7114,-4.6795,33.47,9.6933,-14.707,-6.111,8.9975,-22.303,9.757,-90.456,0.045189,-12.727,14.871,0.086077,-31.722,7.3539,-14.253,-2.1165,21.467,-2.2161,12.179,-10.87,-9.6855,-16.472,2.8356,-2.9381,15.262,0,11.713,7.1829,3.3424,24.668,7.2691,-15.438,-62.053,11.957,-23.462,-3.6391,-14.357,16.745,4.1449,20.637,-3.398,16.953,5.4609,22.674,-12.961,33.25,-17.244,6.7035,-8.3959,8.5018,-16.47,5.6541,-15.411,30.437,-25.939,6.4315,0.022321,-17.5,-24.527,6.2639,-1.129,11.743,-11.805,-6.7829,-6.1828,4.1419,-0.97562,-20.755,27.021,-20.683,2.4544,11.638,16.918,-5.5371,-38.655,5.0652,-3.4076,25.608,1.6095,5.7907,11.713,0,0.80125,-13.777,26.898,25.746,-16.619,-11.611,5.243,-0.41114,8.0598,12.841,5.3082,7.436,-6.7245,-8.8973,-6.6382,-10.076,1.6821,10.714,-1.2903,0.93072,-9.6225,4.8024,-0.52552,13.319,3.0808,-1.2411,4.2593,-6.5183,5.412,-1.4254,9.133,-3.9839,24.856,-2.7189,16.159,-6.8419,23.708,7.7396,21.803,-29.758,-3.2393,1.2224,-12.603,-2.8262,-0.90394,1.7865,17.29,-5.7644,-25.261,3.0815,-0.42248,2.7076,-9.6992,7.1829,0.80125,0,5.7755,4.3697,9.1749,8.6505,-6.2062,-24.377,13.492,7.7096,12.716,-23.111,-14.024,-9.6398,13.767,-16.63,-3.126,-20.138,5.8757,-24.565,27.89,-1.3905,26.148,5.7123,8.4604,-8.6134,-1.9903,-9.4518,15.227,3.6612,-2.8468,7.7141,23.076,-3.4944,-14.826,2.84,-3.379,3.7265,5.1379,11.861,-0.40899,1.2685,-24.266,9.8908,6.6236,5.4008,-28.02,22.606,11.793,-17.504,0.35737,-12.145,7.2304,1.1717,3.3424,-13.777,5.7755,0,-7.3777,-12.877,7.4859,-4.0682,8.6746,-10.357,6.258,-4.5156,14.573,-1.0963,9.4968,0.27779,19.462,-3.0322,10.657,-16.664,19.361,-7.298,-0.87675,0.10773,4.8221,-8.6474,12.737,-11.618,16.847,-15.1,18.184,7.6686,-20.165,-18.583,10.592,-8.7056,10.262,-24.646,-2.4376,-12.671,8.1698,-0.83583,-33.13,20.964,-24.828,-2.862,15.432,8.5341,1.8234,-23.551,-1.3731,-12.066,11.738,-3.6654,11.364,24.668,26.898,4.3697,-7.3777,0,17.582,-20.483,-23.562,19.003,-24.492,-4.3191,-8.3069,22.156,13.529,13.069,-12.724,8.3044,2.8961,29.25,-2.195,24.312,-21.31,2.9711,-11.209,5.276,-6.8222,4.5088,-10.632,30.311,-49.728,2.35,-3.568,-5.562,-28.682,14.487,3.963,17.632,-7.1553,2.1817,1.502,7.6834,-11.757,-11.94,23.86,-28.177,1.0323,3.9655,23.804,-2.8075,-38.645,-0.049805,2.9,22.944,3.4327,-3.824,7.2691,25.746,9.1749,-12.877,17.582,0,-5.1474,-6.6204,-1.7198,5.3421,-4.0814,9.0051,-6.2233,9.2691,-10.64,-8.7701,-27.314,-0.70392,-4.4876,51.402,-13.93,3.3763,-2.906,-0.88373,-4.1641,15.828,-10.192,8.6027,-7.8961,4.9102,-14.676,-10.806,66.395,9.1418,1.8824,9.7088,0.70612,15.763,13.95,24.397,1.8134,-13.411,21.004,-13.044,7.7404,1.8568,-16.943,-2.8467,4.3497,10.308,-7.592,18.296,-7.2582,6.5577,-26.776,-15.438,-16.619,8.6505,7.4859,-20.483,-5.1474,0,15.944,1.873,1.4173,-13.708,-2.3466,-3.0099,10.732,-3.1222,-9.1922,-9.7166,6.157,0.20111,14.728,-5.4914,-4.1046,2.6753,-12.261,-7.1509,3.9017,-8.8883,12.087,-7.86,4.1885,-31.112,-8.6432,15.322,5.1328,-7.3525,24.202,-9.9228,66.783,1.2668,12.391,-14.955,-1.0688,33.237,-6.4793,12.758,0.67138,-24.347,2.9845,-12.097,10.535,9.2358,15.872,-3.1735,1.8099,-16.253,-62.053,-11.611,-6.2062,-4.0682,-23.562,-6.6204,15.944,0
