0,-5.0169,-2.0077,-1.7339,2.5364,3.3169,2.3006,-2.2794,9.7974,3.1308,3.4721,1.4039,1.0187,5.3185,-0.62264,-2.0261,-5.9839,-6.7158,0.52372,-3.2209,-5.8227,-5.0169,0,6.9471,-5.4276,2.0235,2.568,5.4365,1.5452,-7.6059,3.8961,1.1136,-1.4635,0.68259,-8.0068,-6.2338,-6.5885,-0.53365,-2.5031,2.594,-4.1045,1.2582,-2.0077,6.9471,0,-8.0075,8.9393,5.0228,7.9124,-6.0739,-4.4667,5.82,-1.5222,-2.2576,-5.7404,-2.3556,-1.9438,-2.4641,-0.5509,-3.1702,-1.8617,-2.0963,-4.3217,-1.7339,-5.4276,-8.0075,0,-10.666,-6.0871,-6.861,4.1056,-0.62451,-6.1117,0.055459,3.7991,2.5109,4.3406,2.489,3.5832,4.1825,4.7742,0.54162,4.627,5.4983,2.5364,2.0235,8.9393,-10.666,0,7.3312,9.0742,-9.6247,0.50627,6.2393,-1.4814,-2.6396,-7.7202,-0.91065,-0.99343,-3.137,-3.207,-4.3996,-3.1817,-1.8889,-9.073,3.3169,2.568,5.0228,-6.0871,7.3312,0,9.0327,-7.3784,0.59721,8.0499,2.8478,0.077833,-0.5207,-2.8996,-5.5321,-7.4689,-5.6952,-6.342,-3.0755,-2.4722,-5.7715,2.3006,5.4365,7.9124,-6.861,9.0742,9.0327,0,-6.0993,-1.864,5.2575,-0.65286,-1.8351,-3.1757,-1.5856,-4.2345,-7.4683,-5.1215,-6.1937,-1.769,-1.4245,-5.8367,-2.2794,1.5452,-6.0739,4.1056,-9.6247,-7.3784,-6.0993,0,-0.24721,-3.6021,2.5631,0.96085,6.3078,-1.6932,-1.3806,0.56074,0.39388,0.72306,9.6803,-2.5087,6.489,9.7974,-7.6059,-4.4667,-0.62451,0.50627,0.59721,-1.864,-0.24721,0,-0.062166,1.5352,-1.4899,2.2418,3.114,1.0912,1.2065,-3.12,-2.6188,0.10262,-0.47865,-1.4708,3.1308,3.8961,5.82,-6.1117,6.2393,8.0499,5.2575,-3.6021,-0.062166,0,7.7319,4.3,0.274,-1.806,-9.2661,-7.956,-3.225,-11.535,2.1456,-10.033,-3.6693,3.4721,1.1136,-1.5222,0.055459,-1.4814,2.8478,-0.65286,2.5631,1.5352,7.7319,0,8.2135,7.0553,0.71842,-8.8917,-6.0681,-2.3892,-7.3913,4.5269,-10.305,0.71516,1.4039,-1.4635,-2.2576,3.7991,-2.6396,0.077833,-1.8351,0.96085,-1.4899,4.3,8.2135,0,3.1775,3.9699,-4.4895,-2.3287,0.71534,-2.9238,3.5618,-4.8765,1.1973,1.0187,0.68259,-5.7404,2.5109,-7.7202,-0.5207,-3.1757,6.3078,2.2418,0.274,7.0553,3.1775,0,-1.2648,-4.453,-2.5119,-0.55876,-1.423,3.4548,-2.7934,5.7591,5.3185,-8.0068,-2.3556,4.3406,-0.91065,-2.8996,-1.5856,-1.6932,3.114,-1.806,0.71842,3.9699,-1.2648,0,3.655,3.5801,0.87729,0.15325,-0.70166,1.0031,-2.3391,-0.62264,-6.2338,-1.9438,2.489,-0.99343,-5.5321,-4.2345,-1.3806,1.0912,-9.2661,-8.8917,-4.4895,-4.453,3.655,0,11.19,2.2395,8.7704,-4.2687,7.5372,-1.7981,-2.0261,-6.5885,-2.4641,3.5832,-3.137,-7.4689,-7.4683,0.56074,1.2065,-7.956,-6.0681,-2.3287,-2.5119,3.5801,11.19,0,4.9946,8.5678,-1.7851,5.7076,1.2206,-5.9839,-0.53365,-0.5509,4.1825,-3.207,-5.6952,-5.1215,0.39388,-3.12,-3.225,-2.3892,0.71534,-0.55876,0.87729,2.2395,4.9946,0,6.6912,-2.2327,4.3905,7.2025,-6.7158,-2.5031,-3.1702,4.7742,-4.3996,-6.342,-6.1937,0.72306,-2.6188,-11.535,-7.3913,-2.9238,-1.423,0.15325,8.7704,8.5678,6.6912,0,-4.3142,9.8641,3.6473,0.52372,2.594,-1.8617,0.54162,-3.1817,-3.0755,-1.769,9.6803,0.10262,2.1456,4.5269,3.5618,3.4548,-0.70166,-4.2687,-1.7851,-2.2327,-4.3142,0,-8.104,2.0462,-3.2209,-4.1045,-2.0963,4.627,-1.8889,-2.4722,-1.4245,-2.5087,-0.47865,-10.033,-10.305,-4.8765,-2.7934,1.0031,7.5372,5.7076,4.3905,9.8641,-8.104,0,1.8212,-5.8227,1.2582,-4.3217,5.4983,-9.073,-5.7715,-5.8367,6.489,-1.4708,-3.6693,0.71516,1.1973,5.7591,-2.3391,-1.7981,1.2206,7.2025,3.6473,2.0462,1.8212,0
