0,3.2171,13.655,-16.434,-2.0936,11.081,-1.672,-8.1429,3.6466,4.6262,10.831,1.3112,-2.0902,-3.9562,-0.66246,16.688,-2.4514,-8.5623,32.697,-8.6253,-7.814,10.163,11.423,4.1171,27.32,-6.8542,-14.467,-3.654,-16.067,5.1449,-21.779,-3.7101,16.175,-10.707,0.93953,9.3674,-10.153,-5.4515,-17.397,-11.308,18.009,0.70176,15.945,-9.2139,-2.4274,5.4883,-0.62027,7.1845,9.8522,-17.424,-4.0851,9.0042,0.73526,7.2228,9.2292,3.2171,0,-0.32727,-6.0811,-8.0652,6.0105,-14.151,4.2176,-24.934,-9.4445,-13.178,8.982,-18.058,7.4224,-23.574,2.2393,3.7486,17.063,4.1598,11.651,-23.485,18.197,-12.752,11.596,-3.0485,17.137,-4.2359,-21.818,-1.8664,-7.4544,-5.6337,4.9265,-4.5875,0.95191,17.928,3.0499,16.685,10.693,-3.2892,-17.375,15.73,8.3775,-2.919,15.012,-16.466,3.5021,-4.2558,8.3698,-20.668,5.4146,3.012,-19.621,-2.4201,-10.507,-8.1351,13.655,-0.32727,0,-3.7076,-4.8907,-3.7714,-11.084,5.6987,4.3644,6.356,1.5682,-5.7982,-2.2727,5.9795,2.8341,7.5996,-18.155,-4.2649,21.588,-4.8268,-10.656,-0.32802,10.329,1.06,23.663,-2.1334,-22.774,1.5721,-1.7125,1.3513,-28.657,-2.8859,17.715,1.5845,2.3055,2.7157,-8.9204,-20.681,-5.6014,-7.2825,6.5735,-9.4227,18.324,-9.0511,-3.0597,3.9956,-9.4621,5.9538,9.7163,-6.4104,7.9924,10.123,11.976,22.427,-3.4342,-16.434,-6.0811,-3.7076,0,-0.13551,-9.8364,3.7318,5.0764,-2.368,11.269,-12.329,-10.753,5.6775,7.0845,8.4711,-10.561,-8.9581,7.8886,-15.078,-0.026365,4.6202,-23.496,-2.9457,-7.9411,-10.735,2.2859,8.7,11.398,13.448,3.209,8.0282,-6.7936,-8.4893,21.228,-1.0505,-0.44414,7.021,-0.4614,28.741,7.3144,-8.4134,-16.665,-8.5231,4.1895,9.1089,-4.6317,-12.771,-20.351,-1.1018,3.7053,16.348,-5.4792,14.589,2.3832,-6.1548,-2.0936,-8.0652,-4.8907,-0.13551,0,-9.1426,14.853,-6.9688,1.8457,1.1972,5.2765,-13.93,21.372,-19.674,10.589,-15.093,9.0205,-1.7948,-5.4097,5.3646,6.3036,-4.7508,-1.6734,11.499,-3.2699,-17.633,-2.7237,-1.9479,-8.2093,-9.5155,6.9306,7.9292,-8.9957,-12.981,4.1231,10.362,-11.235,4.5755,-7.3638,22.836,-11.166,5.1344,0.33168,-14.452,-4.0648,17.894,9.8166,3.832,6.2578,-6.8948,-11.335,3.9452,-0.010094,2.5759,15.758,11.081,6.0105,-3.7714,-9.8364,-9.1426,0,1.4808,-8.1872,0.98308,-0.36571,6.6899,13.196,-6.144,0.58454,-5.3543,21.505,4.0497,-3.8685,6.1767,-11.249,-0.3886,13.201,1.9367,-4.4873,4.6286,0.98315,6.0275,-0.55554,-5.0697,14.066,-2.0936,-10.181,7.3312,-3.9448,-4.8477,-0.38426,3.3072,4.4364,-4.9348,-14.074,17.376,3.6187,-2.7763,6.2049,5.7117,-6.5766,1.0215,-1.997,-0.42405,-4.7044,-6.3009,-0.45264,-9.6409,-7.7,6.2854,-1.672,-14.151,-11.084,3.7318,14.853,1.4808,0,-19.482,7.2954,9.0882,10.694,-6.3473,17.962,-19.315,12.757,-4.9876,8.5726,-8.3163,-7.529,-5.8894,18.624,-9.096,5.8496,-2.8795,-3.2975,-17.323,8.4407,7.2531,-7.919,4.7337,10.597,-2.3882,-5.7949,-7.415,-8.2965,7.829,-8.4805,6.0136,0.64464,15.158,-7.1553,0.026451,-1.7828,-9.7932,10.608,1.4889,7.9319,-10.055,9.875,-11.817,-8.6355,5.3599,-1.3949,-1.8346,21.053,-8.1429,4.2176,5.6987,5.0764,-6.9688,-8.1872,-19.482,0,-3.1592,-6.812,-13.061,-1.5682,-4.5372,21.752,-1.7304,-2.0226,-11.497,9.9262,-2.9941,4.6457,-7.487,-0.086218,-10.945,-0.099141,-3.3733,10.181,-1.5232,1.1201,22.431,-3.6547,-0.27023,-0.90627,1.8524,12.941,5.7903,-12.87,7.5238,-8.3691,5.1334,-2.3543,-3.3119,-5.0337,-6.5967,8.8458,-4.3704,-0.86768,-8.8996,4.3855,-7.0404,19.141,8.3242,-3.586,3.4164,4.9578,-18.496,3.6466,-24.934,4.3644,-2.368,1.8457,0.98308,7.2954,-3.1592,0,4.9908,22.103,-1.7629,9.7343,-4.7433,14.859,7.3653,-4.5396,-29.357,3.1595,-18.551,16.954,-6.8731,16.56,-13.386,10.244,-14.489,1.841,18.59,0.66303,11.608,0.31612,-6.8605,14.993,-3.9163,-23.397,-7.2975,-19.483,-16.262,-2.5319,7.0187,-7.5013,-5.4109,5.8602,-13.385,15.403,-6.1424,5.8659,-2.8658,22.926,-5.0741,-6.4308,33.272,-2.7375,11.039,7.5157,4.6262,-9.4445,6.356,11.269,1.1972,-0.36571,9.0882,-6.812,4.9908,0,1.5554,-14.162,9.587,-0.62002,15.506,1.878,-12.309,-3.6928,2.736,-12.757,2.8825,-15.563,11.949,-6.9567,7.147,-9.7722,-1.3097,13.408,-2.1465,12.371,-5.3496,-14.587,4.2475,6.2827,-4.1635,10.993,-5.828,-6.3368,6.7158,1.8212,2.6774,-22.247,5.1572,-8.5413,12.85,-0.088885,-12.932,-16.799,14.594,-16.883,10.065,6.0642,20.091,12.112,6.7386,10.831,-13.178,1.5682,-12.329,5.2765,6.6899,10.694,-13.061,22.103,1.5554,0,2.4756,7.2387,-14.742,7.2809,8.8939,4.7746,-34.761,7.6064,-12.874,12.595,1.4735,16.663,-4.6714,12.146,-16.932,-0.97582,5.8949,-10.954,7.025,-1.5573,-1.2521,11.57,-16.546,-15.362,-0.41219,-22.372,-5.9486,-11.999,4.255,-1.771,3.9245,9.426,-15.96,7.4281,-1.28,14.195,2.5782,18.108,-11.234,-16.151,23.135,-8.8625,4.2167,16.241,1.3112,8.982,-5.7982,-10.753,-13.93,13.196,-6.3473,-1.5682,-1.7629,-14.162,2.4756,0,-20.379,2.4921,-20.281,10.278,8.7838,-2.2985,2.1634,0.82784,-0.35561,14.677,-0.77639,-4.6705,-1.7082,13.427,6.21,-6.5392,-0.70604,1.6582,0.91477,3.548,2.1298,-2.2199,-5.4255,-10.772,8.1002,5.8079,-1.4408,-12.644,6.2866,12.368,-1.541,12.209,-1.1299,-13.641,7.8198,3.7647,-10.517,7.9879,-4.5752,-4.7177,-18.557,-16.408,-6.4226,-2.0902,-18.058,-2.2727,5.6775,21.372,-6.144,17.962,-4.5372,9.7343,9.587,7.2387,-20.379,0,-10.415,29.637,-7.5525,-0.4234,-5.5122,-6.0373,-5.6296,11.865,-12.134,2.3824,0.80964,-0.18111,-26.918,1.6292,10.503,-1.2877,2.194,7.1185,-4.18,-1.7416,-4.7047,-2.9571,5.9806,-13.508,-3.1326,-1.6542,22.393,-11.155,-5.495,-2.0137,-15.042,7.0384,9.1586,2.5088,-4.5154,15.158,-8.5143,-6.4349,10.219,4.4289,9.4968,16.842,-3.9562,7.4224,5.9795,7.0845,-19.674,0.58454,-19.315,21.752,-4.7433,-0.62002,-14.742,2.4921,-10.415,0,-4.167,5.6127,-16.408,10.164,-0.13387,-1.5543,-9.3217,0.40029,-6.5696,-6.3125,-1.084,15.466,1.661,3.5618,20.421,5.1086,-3.7093,-9.2301,4.8859,22.992,2.7708,-10.47,13.652,-6.9767,10.337,-11.929,5.3751,-10.479,-6.51,15.455,1.4261,-7.9529,-18.64,-3.1494,-7.5116,12.524,16.142,-6.283,6.0484,2.5714,-20.311,-0.66246,-23.574,2.8341,8.4711,10.589,-5.3543,12.757,-1.7304,14.859,15.506,7.2809,-20.281,29.637,-4.167,0,-2.4546,-8.2334,-8.1239,-3.0303,-12.359,11.71,-16.942,7.0374,-5.577,4.024,-22.371,1.2821,20.02,2.4746,8.3408,3.0373,-10.549,4.3204,0.82583,-7.2048,2.7672,-14.088,-10.543,1.9195,14.922,-9.0101,-13.951,0.15757,-14.509,13.216,3.5542,-2.8485,-8.5193,21.82,-8.6907,-0.77603,14.844,8.7508,16.364,11.283,16.688,2.2393,7.5996,-10.561,-15.093,21.505,-4.9876,-2.0226,7.3653,1.878,8.8939,10.278,-7.5525,5.6127,-2.4546,0,-5.6945,-9.1527,15.377,-17.688,-2.3916,9.5776,8.936,-8.4382,15.653,0.46944,-0.99449,3.9387,-1.9927,17.34,-10.958,-12.723,23.342,-0.92691,-7.9758,-4.198,-2.1166,-7.8291,-5.5537,-17.859,16.485,-2.5633,4.762,1.5196,6.8414,-8.4712,-2.9115,0.24208,5.5922,-4.7847,-1.3919,7.4629,-4.1555,2.5942,1.556,-2.4514,3.7486,-18.155,-8.9581,9.0205,4.0497,8.5726,-11.497,-4.5396,-12.309,4.7746,8.7838,-0.4234,-16.408,-8.2334,-5.6945,0,-0.33864,-5.9341,9.4421,4.9157,8.9309,-5.4998,8.0404,-9.4387,-0.55373,5.5588,-12.304,-10.575,-9.1047,10.689,13.864,-12.508,-15.98,1.3536,2.4451,1.3093,21.231,-7.1529,4.805,-2.8106,28.123,-3.8959,1.3479,-6.5534,3.0746,22.851,5.9688,-7.5376,0.87559,-17.955,-5.8288,-18.704,-20.042,7.6234,-8.5623,17.063,-4.2649,7.8886,-1.7948,-3.8685,-8.3163,9.9262,-29.357,-3.6928,-34.761,-2.2985,-5.5122,10.164,-8.1239,-9.1527,-0.33864,0,-7.6107,14.967,-13.969,2.5938,-23.831,9.7412,-13.382,13.45,0.89412,-9.9754,7.0007,-8.8758,2.8288,2.4301,-14.25,9.6516,21.605,3.1359,21.828,10.565,6.5698,-3.8359,3.5224,0.29387,-11.786,15.618,-10.653,5.4919,-10.215,0.28609,-20.389,9.3898,9.0207,-28.113,5.3351,-6.8281,-9.8929,32.697,4.1598,21.588,-15.078,-5.4097,6.1767,-7.529,-2.9941,3.1595,2.736,7.6064,2.1634,-6.0373,-0.13387,-3.0303,15.377,-5.9341,-7.6107,0,-5.8477,-10.95,9.1449,12.101,3.4292,32.193,-2.5785,-20.227,-4.291,-11.528,2.4955,-34.039,-1.1956,18.846,-6.9645,1.5046,5.757,-9.0607,-9.4778,-14.342,-13.499,15.55,-0.4372,21.558,-8.1438,-4.7309,3.772,-2.3218,9.4895,7.9292,-11.503,-0.012984,8.8774,2.5868,9.5473,2.4421,-8.6253,11.651,-4.8268,-0.026365,5.3646,-11.249,-5.8894,4.6457,-18.551,-12.757,-12.874,0.82784,-5.6296,-1.5543,-12.359,-17.688,9.4421,14.967,-5.8477,0,-8.6255,4.1831,-14.224,16.78,-12.143,9.8355,-4.1013,-20.283,-1.0137,-34.592,3.4307,23.973,-18.52,-1.7648,17.053,2.7247,8.5017,12.179,-0.62997,2.6284,-4.2552,12.159,-2.3478,5.3824,-23.19,8.5632,4.0681,9.9633,-17.97,9.3019,0.5237,-15.719,-1.6361,-9.0763,-7.8175,-7.814,-23.485,-10.656,4.6202,6.3036,-0.3886,18.624,-7.487,16.954,2.8825,12.595,-0.35561,11.865,-9.3217,11.71,-2.3916,4.9157,-13.969,-10.95,-8.6255,0,-11.192,6.8344,-13.468,-4.5367,-10.183,14.988,15.35,2.0797,7.4189,15.558,-2.8908,-1.0664,-2.2535,-22.359,-6.5768,-7.6964,-1.0462,5.1145,15.79,-15.863,-0.99364,-3.9256,-5.7053,17.746,-8.6746,10.483,-10.106,9.0242,-0.78993,-7.7355,9.7959,-6.3152,-1.3446,7.9497,10.163,18.197,-0.32802,-23.496,-4.7508,13.201,-9.096,-0.086218,-6.8731,-15.563,1.4735,14.677,-12.134,0.40029,-16.942,9.5776,8.9309,2.5938,9.1449,4.1831,-11.192,0,-6.4049,9.9156,3.1712,6.2151,-4.3161,-17.434,-6.7395,-3.9865,-5.2764,4.9844,3.0626,-10.345,7.3642,-0.73047,4.2192,6.3863,-15.882,-13.993,13.971,17.13,0.016054,6.5158,-12.532,3.4592,6.091,16.939,-8.8734,2.4518,-9.9985,-4.8661,-14.27,-8.9056,0.31478,11.423,-12.752,10.329,-2.9457,-1.6734,1.9367,5.8496,-10.945,16.56,11.949,16.663,-0.77639,2.3824,-6.5696,7.0374,8.936,-5.4998,-23.831,12.101,-14.224,6.8344,-6.4049,0,-9.9618,18.16,-9.5377,-5.375,9.4354,-8.717,9.6105,-10.12,-4.1855,14.228,-3.6733,-15.072,2.7361,-16.81,-11.836,-2.1204,-0.45128,1.0899,-6.6921,20.346,-15.646,10.051,-5.5265,1.3269,-4.392,20.413,-15.34,0.92948,19.153,4.0394,10.312,6.0611,4.1171,11.596,1.06,-7.9411,11.499,-4.4873,-2.8795,-0.099141,-13.386,-6.9567,-4.6714,-4.6705,0.80964,-6.3125,-5.577,-8.4382,8.0404,9.7412,3.4292,16.78,-13.468,9.9156,-9.9618,0,-0.98802,-1.1167,-12.904,-22.673,-9.9271,-20.414,-3.6683,13.63,-7.9851,-11.143,26.086,12.643,-0.16828,8.5689,-13.844,0.93117,3.279,11.62,2.0981,-2.7651,-28.221,28.274,3.5009,17.188,-6.0422,-2.1238,-5.8178,-6.8826,-0.30341,-1.6801,3.8443,27.32,-3.0485,23.663,-10.735,-3.2699,4.6286,-3.2975,-3.3733,10.244,7.147,12.146,-1.7082,-0.18111,-1.084,4.024,15.653,-9.4387,-13.382,32.193,-12.143,-4.5367,3.1712,18.16,-0.98802,0,-8.1864,-16.26,2.7364,-8.912,6.8346,-24.732,-5.2156,26.556,-5.9253,-3.5262,4.2741,-15.516,-16.145,-11.822,-7.6401,9.745,-5.045,21.578,-13.465,1.1925,2.4261,-2.5915,5.3002,16.588,-14.249,-0.3451,17.241,4.4253,16.274,5.2913,-6.8542,17.137,-2.1334,2.2859,-17.633,0.98315,-17.323,10.181,-14.489,-9.7722,-16.932,13.427,-26.918,15.466,-22.371,0.46944,-0.55373,13.45,-2.5785,9.8355,-10.183,6.2151,-9.5377,-1.1167,-8.1864,0,3.1136,-8.2334,8.7429,-4.2488,-0.35346,3.8487,-4.7726,11.766,5.3843,-8.2196,25.025,5.4724,8.8662,-13.327,5.0254,2.8521,-5.3882,25.212,-6.3357,-9.2007,-5.5685,0.7184,-24.949,16.758,10.534,-18.182,-1.8691,-11.41,-26.405,-14.467,-4.2359,-22.774,8.7,-2.7237,6.0275,8.4407,-1.5232,1.841,-1.3097,-0.97582,6.21,1.6292,1.661,1.2821,-0.99449,5.5588,0.89412,-20.227,-4.1013,14.988,-4.3161,-5.375,-12.904,-16.26,3.1136,0,8.6302,9.7987,8.6447,23.719,-6.6176,-7.2056,6.5191,-10.399,-9.8049,9.2603,7.7881,13.239,4.2688,-6.1205,-0.16769,-20.49,11.412,14.016,-14.202,2.6409,-14.552,-5.0963,8.0997,-2.0157,-5.1545,-7.9449,-12.806,-0.28734,-3.654,-21.818,1.5721,11.398,-1.9479,-0.55554,7.2531,1.1201,18.59,13.408,5.8949,-6.5392,10.503,3.5618,20.02,3.9387,-12.304,-9.9754,-4.291,-20.283,15.35,-17.434,9.4354,-22.673,2.7364,-8.2334,8.6302,0,9.9787,19.034,4.0649,-17.746,8.2346,9.0878,-18.491,-6.889,-6.2321,-13.514,10.371,6.4714,-7.2322,-19.107,-2.2482,-4.4655,30.774,-10.285,-5.4425,-16.723,14.722,-2.1103,4.2787,12.7,5.7865,10.463,2.2071,-16.067,-1.8664,-1.7125,13.448,-8.2093,-5.0697,-7.919,22.431,0.66303,-2.1465,-10.954,-0.70604,-1.2877,20.421,2.4746,-1.9927,-10.575,7.0007,-11.528,-1.0137,2.0797,-6.7395,-8.717,-9.9271,-8.912,8.7429,9.7987,9.9787,0,3.8642,7.8583,-7.1317,-0.38901,21.338,-2.5239,-17.965,9.9099,-6.1429,15.706,1.1181,-7.199,-9.4554,-14.089,12,6.2075,-9.318,-8.9809,-6.4372,-5.432,19.673,9.3178,-3.4833,2.555,1.4882,-15.152,5.1449,-7.4544,1.3513,3.209,-9.5155,14.066,4.7337,-3.6547,11.608,12.371,7.025,1.6582,2.194,5.1086,8.3408,17.34,-9.1047,-8.8758,2.4955,-34.592,7.4189,-3.9865,9.6105,-20.414,6.8346,-4.2488,8.6447,19.034,3.8642,0,-1.1424,-30.985,13.032,6.2793,-15.472,-3.7958,-1.7052,-7.5842,5.382,-5.3499,6.0986,-13.065,-1.9249,0.76578,26.454,-12.888,-7.0335,-15.037,10.214,-5.9471,2.6499,7.9892,1.7478,4.2131,4.2559,-21.779,-5.6337,-28.657,8.0282,6.9306,-2.0936,10.597,-0.27023,0.31612,-5.3496,-1.5573,0.91477,7.1185,-3.7093,3.0373,-10.958,10.689,2.8288,-34.039,3.4307,15.558,-5.2764,-10.12,-3.6683,-24.732,-0.35346,23.719,4.0649,7.8583,-1.1424,0,1.6011,-14.935,1.3918,-4.6068,-7.0892,5.5688,10.287,8.3039,14.272,-15.258,4.5692,-20.758,6.1703,5.7151,-4.1072,8.1254,-6.8224,-5.7951,9.8062,-6.5167,-5.3183,-8.774,-11.726,1.7458,-3.7101,4.9265,-2.8859,-6.7936,7.9292,-10.181,-2.3882,-0.90627,-6.8605,-14.587,-1.2521,3.548,-4.18,-9.2301,-10.549,-12.723,13.864,2.4301,-1.1956,23.973,-2.8908,4.9844,-4.1855,13.63,-5.2156,3.8487,-6.6176,-17.746,-7.1317,-30.985,1.6011,0,-10.502,-10.051,7.4594,1.6203,-0.67029,7.8999,-6.4981,4.9895,-6.8523,18.52,4.9008,-2.14,-19.246,7.1547,13.87,14.682,-8.3751,4.7904,-5.8997,-4.7728,-6.5882,-7.0009,-2.9744,16.175,-4.5875,17.715,-8.4893,-8.9957,7.3312,-5.7949,1.8524,14.993,4.2475,11.57,2.1298,-1.7416,4.8859,4.3204,23.342,-12.508,-14.25,18.846,-18.52,-1.0664,3.0626,14.228,-7.9851,26.556,-4.7726,-7.2056,8.2346,-0.38901,13.032,-14.935,-10.502,0,-1.0281,-8.9399,-4.813,-10.667,-22.134,-6.8702,-8.8596,7.5373,-7.0264,10.862,-6.6059,6.4469,-4.4589,-3.3681,2.6855,14.038,-5.7744,-0.096246,18.273,0.85416,14.102,1.2822,-10.707,0.95191,1.5845,21.228,-12.981,-3.9448,-7.415,12.941,-3.9163,6.2827,-16.546,-2.2199,-4.7047,22.992,0.82583,-0.92691,-15.98,9.6516,-6.9645,-1.7648,-2.2535,-10.345,-3.6733,-11.143,-5.9253,11.766,6.5191,9.0878,21.338,6.2793,1.3918,-10.051,-1.0281,0,-0.68733,-6.8812,13.361,-4.4754,26.697,-4.0392,-0.56893,-17.57,-7.6127,12.231,7.2681,-10.76,-20.96,-14.034,-5.2676,9.1617,25.961,-7.1268,11.943,2.0857,-17.089,0.93953,17.928,2.3055,-1.0505,4.1231,-4.8477,-8.2965,5.7903,-23.397,-4.1635,-15.362,-5.4255,-2.9571,2.7708,-7.2048,-7.9758,1.3536,21.605,1.5046,17.053,-22.359,7.3642,-15.072,26.086,-3.5262,5.3843,-10.399,-18.491,-2.5239,-15.472,-4.6068,7.4594,-8.9399,-0.68733,0,10.633,7.5958,7.7981,-4.8635,-3.5445,6.3,4.385,-1.784,4.0627,-23.288,18.465,-5.6539,9.9259,-11.137,1.6125,3.0539,-14.111,5.3696,-1.4726,-3.0268,9.3674,3.0499,2.7157,-0.44414,10.362,-0.38426,7.829,-12.87,-7.2975,10.993,-0.41219,-10.772,5.9806,-10.47,2.7672,-4.198,2.4451,3.1359,5.757,2.7247,-6.5768,-0.73047,2.7361,12.643,4.2741,-8.2196,-9.8049,-6.889,-17.965,-3.7958,-7.0892,1.6203,-4.813,-6.8812,10.633,0,-4.1924,6.6339,-5.8497,0.8286,7.314,-0.5534,7.3681,-9.0033,-5.6798,15.923,-3.0658,-0.24093,4.0167,-20.613,0.63097,-2.3189,9.8157,2.6239,12.023,-10.153,16.685,-8.9204,7.021,-11.235,3.3072,-8.4805,7.5238,-19.483,-5.828,-22.372,8.1002,-13.508,13.652,-14.088,-2.1166,1.3093,21.828,-9.0607,8.5017,-7.6964,4.2192,-16.81,-0.16828,-15.516,25.025,9.2603,-6.2321,9.9099,-1.7052,5.5688,-0.67029,-10.667,13.361,7.5958,-4.1924,0,11.855,11.976,-9.1277,5.1678,1.2541,-15.049,38.282,-3.2703,-6.3692,-7.8042,-4.4582,-27.916,13.999,9.0852,-30.26,-0.82251,-15.159,-14.4,-5.4515,10.693,-20.681,-0.4614,4.5755,4.4364,6.0136,-8.3691,-16.262,-6.3368,-5.9486,5.8079,-3.1326,-6.9767,-10.543,-7.8291,21.231,10.565,-9.4778,12.179,-1.0462,6.3863,-11.836,8.5689,-16.145,5.4724,7.7881,-13.514,-6.1429,-7.5842,10.287,7.8999,-22.134,-4.4754,7.7981,6.6339,11.855,0,0.67174,0.46148,2.0783,13.78,-9.4709,9.1688,-6.6131,2.8247,6.2447,-0.55855,-15.494,1.749,-5.1346,-19.368,-7.523,-26.204,2.938,-17.397,-3.2892,-5.6014,28.741,-7.3638,-4.9348,0.64464,5.1334,-2.5319,6.7158,-11.999,-1.4408,-1.6542,10.337,1.9195,-5.5537,-7.1529,6.5698,-14.342,-0.62997,5.1145,-15.882,-2.1204,-13.844,-11.822,8.8662,13.239,10.371,15.706,5.382,8.3039,-6.4981,-6.8702,26.697,-4.8635,-5.8497,11.976,0.67174,0,1.8984,-5.9992,-12.676,-9.1163,10.208,10.816,-13.696,-10.735,-22.022,-5.0524,7.7986,17.506,-7.5669,8.2402,-2.7134,-11.546,-11.308,-17.375,-7.2825,7.3144,22.836,-14.074,15.158,-2.3543,7.0187,1.8212,4.255,-12.644,22.393,-11.929,14.922,-17.859,4.805,-3.8359,-13.499,2.6284,15.79,-13.993,-0.45128,0.93117,-7.6401,-13.327,4.2688,6.4714,1.1181,-5.3499,14.272,4.9895,-8.8596,-4.0392,-3.5445,0.8286,-9.1277,0.46148,1.8984,0,-27.6,0.085983,-3.2955,-10.602,3.3186,5.6464,8.525,-2.6431,6.6439,-0.38765,-6.4418,5.6848,0.38008,3.0642,7.8692,18.009,15.73,6.5735,-8.4134,-11.166,17.376,-7.1553,-3.3119,-7.5013,2.6774,-1.771,6.2866,-11.155,5.3751,-9.0101,16.485,-2.8106,3.5224,15.55,-4.2552,-15.863,13.971,1.0899,3.279,9.745,5.0254,-6.1205,-7.2322,-7.199,6.0986,-15.258,-6.8523,7.5373,-0.56893,6.3,7.314,5.1678,2.0783,-5.9992,-27.6,0,-0.16733,3.9836,5.22,-3.4225,0.80334,-8.3372,2.1257,-2.5956,-7.2581,3.058,-4.526,1.5316,-1.5454,0.6883,0.70176,8.3775,-9.4227,-16.665,5.1344,3.6187,0.026451,-5.0337,-5.4109,-22.247,3.9245,12.368,-5.495,-10.479,-13.951,-2.5633,28.123,0.29387,-0.4372,12.159,-0.99364,17.13,-6.6921,11.62,-5.045,2.8521,-0.16769,-19.107,-9.4554,-13.065,4.5692,18.52,-7.0264,-17.57,4.385,-0.5534,1.2541,13.78,-12.676,0.085983,-0.16733,0,-0.90291,2.2635,-13.502,4.4376,22.037,15.665,-9.7068,4.1191,-17.882,-5.0573,-22.187,-15.779,2.9563,15.945,-2.919,18.324,-8.5231,0.33168,-2.7763,-1.7828,-6.5967,5.8602,5.1572,9.426,-1.541,-2.0137,-6.51,0.15757,4.762,-3.8959,-11.786,21.558,-2.3478,-3.9256,0.016054,20.346,2.0981,21.578,-5.3882,-20.49,-2.2482,-14.089,-1.9249,-20.758,4.9008,10.862,-7.6127,-1.784,7.3681,-15.049,-9.4709,-9.1163,-3.2955,3.9836,-0.90291,0,-16.461,-3.6381,3.3788,1.5313,6.335,11.263,-13.317,1.2841,11.771,5.3311,10.872,2.5704,-9.2139,15.012,-9.0511,4.1895,-14.452,6.2049,-9.7932,8.8458,-13.385,-8.5413,-15.96,12.209,-15.042,15.455,-14.509,1.5196,1.3479,15.618,-8.1438,5.3824,-5.7053,6.5158,-15.646,-2.7651,-13.465,25.212,11.412,-4.4655,12,0.76578,6.1703,-2.14,-6.6059,12.231,4.0627,-9.0033,38.282,9.1688,10.208,-10.602,5.22,2.2635,-16.461,0,-1.4015,-9.583,-5.6753,-3.3151,-24.745,17.217,6.1764,-20.945,-4.6437,-15.548,-14.656,-2.4274,-16.466,-3.0597,9.1089,-4.0648,5.7117,10.608,-4.3704,15.403,12.85,7.4281,-1.1299,7.0384,1.4261,13.216,6.8414,-6.5534,-10.653,-4.7309,-23.19,17.746,-12.532,10.051,-28.221,1.1925,-6.3357,14.016,30.774,6.2075,26.454,5.7151,-19.246,6.4469,7.2681,-23.288,-5.6798,-3.2703,-6.6131,10.816,3.3186,-3.4225,-13.502,-3.6381,-1.4015,0,-15.052,-3.2861,-22.301,11.293,-3.6798,2.3745,8.993,1.899,3.4925,4.1927,5.4883,3.5021,3.9956,-4.6317,17.894,-6.5766,1.4889,-0.86768,-6.1424,-0.088885,-1.28,-13.641,9.1586,-7.9529,3.5542,-8.4712,3.0746,5.4919,3.772,8.5632,-8.6746,3.4592,-5.5265,28.274,2.4261,-9.2007,-14.202,-10.285,-9.318,-12.888,-4.1072,7.1547,-4.4589,-10.76,18.465,15.923,-6.3692,2.8247,-13.696,5.6464,0.80334,4.4376,3.3788,-9.583,-15.052,0,1.2441,11.927,2.0032,-7.1329,-5.6308,-0.40784,4.3616,5.6611,9.1451,-0.62027,-4.2558,-9.4621,-12.771,9.8166,1.0215,7.9319,-8.8996,5.8659,-12.932,14.195,7.8198,2.5088,-18.64,-2.8485,-2.9115,22.851,-10.215,-2.3218,4.0681,10.483,6.091,1.3269,3.5009,-2.5915,-5.5685,2.6409,-5.4425,-8.9809,-7.0335,8.1254,13.87,-3.3681,-20.96,-5.6539,-3.0658,-7.8042,6.2447,-10.735,8.525,-8.3372,22.037,1.5313,-5.6753,-3.2861,1.2441,0,9.2015,0.50006,0.74798,-25.308,4.8446,-21.96,-8.4646,8.2488,7.1845,8.3698,5.9538,-20.351,3.832,-1.997,-10.055,4.3855,-2.8658,-16.799,2.5782,3.7647,-4.5154,-3.1494,-8.5193,0.24208,5.9688,0.28609,9.4895,9.9633,-10.106,16.939,-4.392,17.188,5.3002,0.7184,-14.552,-16.723,-6.4372,-15.037,-6.8224,14.682,2.6855,-14.034,9.9259,-0.24093,-4.4582,-0.55855,-22.022,-2.6431,2.1257,15.665,6.335,-3.3151,-22.301,11.927,9.2015,0,-3.3954,2.93,-10.287,1.3984,-8.2956,0.51358,-0.36472,9.8522,-20.668,9.7163,-1.1018,6.2578,-0.42405,9.875,-7.0404,22.926,14.594,18.108,-10.517,15.158,-7.5116,21.82,5.5922,-7.5376,-20.389,7.9292,-17.97,9.0242,-8.8734,20.413,-6.0422,16.588,-24.949,-5.0963,14.722,-5.432,10.214,-5.7951,-8.3751,14.038,-5.2676,-11.137,4.0167,-27.916,-15.494,-5.0524,6.6439,-2.5956,-9.7068,11.263,-24.745,11.293,2.0032,0.50006,-3.3954,0,-16.813,-3.2199,30.795,5.6982,19.52,13.71,-17.424,5.4146,-6.4104,3.7053,-6.8948,-4.7044,-11.817,19.141,-5.0741,-16.883,-11.234,7.9879,-8.5143,12.524,-8.6907,-4.7847,0.87559,9.3898,-11.503,9.3019,-0.78993,2.4518,-15.34,-2.1238,-14.249,16.758,8.0997,-2.1103,19.673,-5.9471,9.8062,4.7904,-5.7744,9.1617,1.6125,-20.613,13.999,1.749,7.7986,-0.38765,-7.2581,4.1191,-13.317,17.217,-3.6798,-7.1329,0.74798,2.93,-16.813,0,2.3846,-9.3527,-6.9859,-8.013,-19.179,-4.0851,3.012,7.9924,16.348,-11.335,-6.3009,-8.6355,8.3242,-6.4308,10.065,-16.151,-4.5752,-6.4349,16.142,-0.77603,-1.3919,-17.955,9.0207,-0.012984,0.5237,-7.7355,-9.9985,0.92948,-5.8178,-0.3451,10.534,-2.0157,4.2787,9.3178,2.6499,-6.5167,-5.8997,-0.096246,25.961,3.0539,0.63097,9.0852,-5.1346,17.506,-6.4418,3.058,-17.882,1.2841,6.1764,2.3745,-5.6308,-25.308,-10.287,-3.2199,2.3846,0,-6.4086,21.016,5.3181,-15.568,9.0042,-19.621,10.123,-5.4792,3.9452,-0.45264,5.3599,-3.586,33.272,6.0642,23.135,-4.7177,10.219,-6.283,14.844,7.4629,-5.8288,-28.113,8.8774,-15.719,9.7959,-4.8661,19.153,-6.8826,17.241,-18.182,-5.1545,12.7,-3.4833,7.9892,-5.3183,-4.7728,18.273,-7.1268,-14.111,-2.3189,-30.26,-19.368,-7.5669,5.6848,-4.526,-5.0573,11.771,-20.945,8.993,-0.40784,4.8446,1.3984,30.795,-9.3527,-6.4086,0,0.044424,16.857,9.389,0.73526,-2.4201,11.976,14.589,-0.010094,-9.6409,-1.3949,3.4164,-2.7375,20.091,-8.8625,-18.557,4.4289,6.0484,8.7508,-4.1555,-18.704,5.3351,2.5868,-1.6361,-6.3152,-14.27,4.0394,-0.30341,4.4253,-1.8691,-7.9449,5.7865,2.555,1.7478,-8.774,-6.5882,0.85416,11.943,5.3696,9.8157,-0.82251,-7.523,8.2402,0.38008,1.5316,-22.187,5.3311,-4.6437,1.899,4.3616,-21.96,-8.2956,5.6982,-6.9859,21.016,0.044424,0,14.813,-2.9922,7.2228,-10.507,22.427,2.3832,2.5759,-7.7,-1.8346,4.9578,11.039,12.112,4.2167,-16.408,9.4968,2.5714,16.364,2.5942,-20.042,-6.8281,9.5473,-9.0763,-1.3446,-8.9056,10.312,-1.6801,16.274,-11.41,-12.806,10.463,1.4882,4.2131,-11.726,-7.0009,14.102,2.0857,-1.4726,2.6239,-15.159,-26.204,-2.7134,3.0642,-1.5454,-15.779,10.872,-15.548,3.4925,5.6611,-8.4646,0.51358,19.52,-8.013,5.3181,16.857,14.813,0,2.3169,9.2292,-8.1351,-3.4342,-6.1548,15.758,6.2854,21.053,-18.496,7.5157,6.7386,16.241,-6.4226,16.842,-20.311,11.283,1.556,7.6234,-9.8929,2.4421,-7.8175,7.9497,0.31478,6.0611,3.8443,5.2913,-26.405,-0.28734,2.2071,-15.152,4.2559,1.7458,-2.9744,1.2822,-17.089,-3.0268,12.023,-14.4,2.938,-11.546,7.8692,0.6883,2.9563,2.5704,-14.656,4.1927,9.1451,8.2488,-0.36472,13.71,-19.179,-15.568,9.389,-2.9922,2.3169,0
