0,16.697,-11.31,-23.707,1.7535,-8.499,-11.815,-7.5861,-14.88,-0.87745,-7.4915,-33.562,-7.7478,5.4368,-3.6558,10.264,-5.9825,5.9691,6.7404,-0.81764,-12.632,-12.434,5.8969,-4.5023,-4.5943,-14.668,22.436,6.641,12.704,9.0075,-21.506,2.4585,4.0738,-2.6039,13.246,-1.9213,6.8767,10.292,-10.244,1.9282,4.0325,0.39368,-6.4425,8.6976,2.4071,-8.843,1.6517,18.378,1.3381,-23.204,-4.9835,-6.5395,-7.4495,7.7132,-30.159,16.697,0,-0.65635,-13.925,-10.601,-20.535,-22.137,0.50514,-20.193,-16.016,-14.301,-10.673,-7.8938,14.329,9.83,7.9732,-10.077,2.8681,15.021,-12.279,-11.799,-16.701,11.208,-11.815,-7.8503,-10.379,18.693,14.076,17.196,-1.7969,-20.25,-11.245,17.216,-11.386,6.8816,-8.4242,23.489,22.085,-34.869,-9.0114,-8.858,-6.0203,-6.3733,27.303,11.375,-4.7994,14.086,4.6144,-6.0149,-7.0928,-7.0754,-5.7612,-10.458,-4.3148,-13.759,-11.31,-0.65635,0,15.614,-13.419,-9.9573,1.8081,12.307,2.9095,-6.7029,1.7972,18.501,-0.95831,10.336,13.521,-20.054,-2.011,-2.9022,8.6176,-13.5,4.4303,-2.2276,-8.0315,-11.999,-4.9244,15.75,-9.2495,-6.2902,0.78596,-11.442,0.37782,-13.643,10.233,-12.229,-16.731,-3.4391,6.2958,0.63521,-5.4954,-16.167,-3.6593,-13.46,17.501,4.769,7.4406,15.234,10.713,-23.125,-6.0951,26.932,11.603,4.7889,3.2004,-6.4967,13.302,-23.707,-13.925,15.614,0,-4.5756,2.3206,7.3802,3.1001,13.433,4.9894,6.1757,20.153,10.841,-5.5018,2.6656,-20.415,1.353,0.0096809,-4.1748,-0.46825,7.4457,4.0745,-7.903,4.0356,6.3927,18.815,-14.821,-8.7134,-7.3419,-11.014,17.724,-2.4394,0.43661,-0.39192,-22.033,-1.9695,-3.9934,-10.804,7.675,-0.98141,1.8681,-5.8242,16.092,-6.2548,-7.3736,15.004,-3.4935,-19.252,-1.8809,19.176,4.8605,5.3076,2.9381,-9.7249,28.223,1.7535,-10.601,-13.419,-4.5756,0,22.266,16.149,-0.086228,12.402,18.307,18.368,-5.5064,4.4946,-6.7956,-24.867,9.2342,12.689,-9.9582,-7.7125,29.534,11.502,3.5596,-0.7638,5.1471,-3.7089,-6.6047,-3.2163,-6.812,-15.273,27.369,4.846,38.611,-13.548,5.1503,5.6328,24.374,-26.684,-5.6739,16.767,7.9818,12.829,5.1221,-7.8916,-23.222,-8.4149,-8.9709,-17.513,15.25,25.997,-7.9321,0.8152,-0.24829,14.704,12.593,-7.4655,-8.499,-20.535,-9.9573,2.3206,22.266,0,18.738,0.040019,17.156,13.633,14.421,3.044,6.9778,-13.72,-15.912,5.6667,12.679,-8.2624,-16.685,24.025,12.941,14.104,-2.1756,12.627,3.7205,-0.43488,-9.8186,-6.5953,-20.37,10.049,16.203,19.391,-20.908,12.414,2.6193,14.974,-29.256,-12.606,27.615,10.272,5.9897,10.559,-6.972,-29.489,-10.197,-4.6924,-17.547,5.3636,12.779,-1.2179,0.19485,3.2655,12.65,5.4444,2.9874,-11.815,-22.137,1.8081,7.3802,16.149,18.738,0,6.8174,19.451,12.958,30.519,10.119,6.3456,-4.8835,-8.3279,-3.3392,20.928,-14.264,-4.3701,11.66,26.139,10.135,-7.0945,1.7116,-4.2676,3.6976,-22.309,-12.265,-28.077,9.5758,10.072,13.454,-10.24,1.7563,-6.6195,22.885,-28.418,-8.3689,21.384,1.8942,6.9063,-0.38942,3.1056,-25.36,-2.5526,-1.2868,-7.8126,-2.0276,14.965,8.2338,9.2475,1.6441,23.026,9.5814,6.0305,-7.5861,0.50514,12.307,3.1001,-0.086228,0.040019,6.8174,0,8.6104,-7.6321,8.759,11.812,-5.5297,17.597,3.5624,-0.25432,1.846,-21.587,5.0412,-1.6395,12.497,-1.631,-4.3544,-18.076,-17.741,5.9578,-5.8872,-7.445,-4.7474,2.9328,-0.50613,-3.684,3.7188,-12.848,-1.5392,9.1037,0.09635,2.6501,-4.0592,-26.686,-3.3747,-6.6323,-1.3986,-1.3017,9.8707,5.4677,5.6302,-4.4929,4.8666,13.573,11.592,9.5053,18.192,-2.2877,1.6486,-14.88,-20.193,2.9095,13.433,12.402,17.156,19.451,8.6104,0,13.034,21.546,9.9674,8.0205,-4.6614,-12.344,-3.6236,6.6197,-11.63,-10.692,16.761,17.659,4.9014,-8.3692,3.3912,-0.82151,9.4602,-11.744,-16.755,-17.592,6.2695,18.826,12.538,-9.0982,1.5957,-5.5711,13.624,-18.589,-14.283,16.605,-0.36151,10.186,-0.0023233,1.8972,-24.657,-11.565,6.7169,-15.873,-1.124,13.627,7.585,6.9634,10.123,19.617,-1.166,8.02,-0.87745,-16.016,-6.7029,4.9894,18.307,13.633,12.958,-7.6321,13.034,0,14.702,-3.6574,11.418,-14.102,-21.216,-2.7088,8.2326,0.14936,-8.6502,20.08,6.7169,1.7931,-4.6857,10.762,4.3973,0.22875,-4.8342,-9.6017,-11.604,10.983,9.1454,26.298,-10.175,6.4552,-3.8006,10.427,-21.946,-11.473,21.006,14.303,21.93,1.2001,4.2551,-21.46,-19.518,-1.2079,-23.418,6.5277,14.964,-5.017,0.71126,-1.3615,6.1089,7.8063,0.1045,-7.4915,-14.301,1.7972,6.1757,18.368,14.421,30.519,8.759,21.546,14.702,0,6.2645,8.5131,-1.601,-10.479,-1.2545,17.89,-18.484,-0.92932,14.109,29.449,1.7623,-3.9908,-1.7097,-9.234,0.96562,-14.241,-11.412,-25.514,14.19,7.8282,16.507,-4.8505,-3.9448,-6.9084,30.131,-23.558,-4.3722,14.718,-0.96647,9.5117,-5.6454,1.7791,-21.646,-3.8728,-1.992,-9.1375,1.316,25.24,5.7435,6.833,0.46827,26.105,7.0761,1.5679,-33.562,-10.673,18.501,20.153,-5.5064,3.044,10.119,11.812,9.9674,-3.6574,6.2645,0,4.018,0.48783,9.124,-12.414,5.7137,-7.4453,-0.61421,-4.8252,12.395,9.5452,-6.1597,-1.7067,0.010825,14.725,-22.976,-5.7271,-9.5866,-10.439,11.861,-7.2188,0.35279,-2.3033,-15.11,1.3506,-2.7734,-5.1577,4.761,-7.4276,-7.0186,-4.1692,8.6984,-3.8782,3.9813,9.2467,4.6908,-25.299,-3.3003,39.79,8.0072,5.4117,7.6557,-6.5438,25.85,-7.7478,-7.8938,-0.95831,10.841,4.4946,6.9778,6.3456,-5.5297,8.0205,11.418,8.5131,4.018,0,-14.205,-1.9838,-1.6776,10.945,-2.2783,-0.54782,7.1292,9.941,-1.6955,9.4132,10.489,3.8938,-3.6989,-8.3935,4.7017,-14.618,-0.98495,15.144,7.2583,3.0843,-0.99807,-14.969,3.9657,-8.772,-0.19796,9.4588,8.5276,0.16704,-8.0619,2.0119,-6.9829,-10.394,-5.1726,-7.208,-3.6894,8.2286,2.5509,-12.204,-10.938,-0.50792,-7.1355,7.1702,5.4368,14.329,10.336,-5.5018,-6.7956,-13.72,-4.8835,17.597,-4.6614,-14.102,-1.601,0.48783,-14.205,0,7.7638,0.56398,-6.1423,-7.593,14.498,-10.37,-0.55256,-10.876,-1.9476,-41.649,-20.262,1.008,5.4288,-1.6839,8.2706,1.7354,-16.123,-9.761,11.655,-18.883,2.9115,0.76855,11.764,11.205,-18.913,-31.506,-3.5649,-8.9718,-0.2172,10.889,16.646,3.9309,13.776,-0.47164,-1.1743,4.3183,8.9934,4.6065,4.8364,-0.019595,-7.2853,-3.6558,9.83,13.521,2.6656,-24.867,-15.912,-8.3279,3.5624,-12.344,-21.216,-10.479,9.124,-1.9838,7.7638,0,-5.6801,-1.9733,1.9575,14.194,-32.342,-3.0381,-1.4888,5.4722,-7.8041,-2.0945,1.2039,-2.8009,11.184,6.1893,-18.58,-5.4942,-30.557,15.981,-8.7482,-8.1134,-11.325,17.128,12.157,-14.158,-9.7429,-23.299,-8.5297,4.9099,19.763,17.874,1.1434,31.313,-17.739,-15.704,11.724,-1.8073,-5.821,-8.698,-8.3566,7.0173,10.264,7.9732,-20.054,-20.415,9.2342,5.6667,-3.3392,-0.25432,-3.6236,-2.7088,-1.2545,-12.414,-1.6776,0.56398,-5.6801,0,2.1304,-6.3914,-0.95111,7.9705,-0.21219,-2.5877,14.592,0.97791,-5.2767,-20.823,9.978,10.396,-0.9049,11.899,-3.8866,6.5963,-2,1.312,18.01,6.0495,-1.0359,8.2445,-2.5907,1.9412,-4.1956,6.1105,-43.294,0.52954,1.6732,-18.081,-2.2366,19.266,7.4226,-15.298,-11.684,-4.2685,0.93938,1.6704,-17.297,-5.9825,-10.077,-2.011,1.353,12.689,12.679,20.928,1.846,6.6197,8.2326,17.89,5.7137,10.945,-6.1423,-1.9733,2.1304,0,-13.025,3.0477,6.4449,21.96,6.4655,4.5771,2.1758,-5.9733,-7.1577,-18.014,1.1444,-26.971,8.371,5.0978,10.073,-2.9765,-1.0377,-7.358,18.972,-17.606,2.3132,13.05,4.3858,-1.242,-3.9988,-1.0632,-11.652,2.7259,-13.417,-1.1348,-1.27,13.535,4.4015,-0.88518,-11.239,10.826,9.0037,2.001,5.9691,2.8681,-2.9022,0.0096809,-9.9582,-8.2624,-14.264,-21.587,-11.63,0.14936,-18.484,-7.4453,-2.2783,-7.593,1.9575,-6.3914,-13.025,0,-4.3159,-6.3318,-25.471,0.65419,-2.4038,9.6936,19.861,3.0414,8.851,3.3695,15.917,-11.31,-2.4597,-5.6985,-0.98611,10.2,1.4456,-23,8.8249,-4.5011,-2.7422,11.171,2.0559,6.4939,6.9545,7.8538,-6.2259,5.0341,-0.47827,-1.1672,-16.474,-7.232,-4.0805,-0.99637,-24.826,-1.8501,1.8854,6.7404,15.021,8.6176,-4.1748,-7.7125,-16.685,-4.3701,5.0412,-10.692,-8.6502,-0.92932,-0.61421,-0.54782,14.498,14.194,-0.95111,3.0477,-4.3159,0,-14.405,1.4602,-14.313,8.3588,-18.408,-16.51,-7.7566,1.087,8.9036,3.2121,-0.59636,-15.548,-8.7732,25.636,-25.11,-6.6771,0.31442,10.027,26.753,-15.429,-11.906,-7.8185,-22.055,3.3545,14.174,17.568,-5.7562,19.798,-3.8792,0.028559,3.6349,-1.2272,-12.918,-2.0604,0.42724,-5.7466,-0.81764,-12.279,-13.5,-0.46825,29.534,24.025,11.66,-1.6395,16.761,20.08,14.109,-4.8252,7.1292,-10.37,-32.342,7.9705,6.4449,-6.3318,-14.405,0,8.3622,3.0462,-1.1952,9.8712,1.5069,-2.8824,-1.0701,-7.6944,-12.739,17.116,10.915,33.514,-14.714,7.907,5.2571,14.846,-22.307,-10.451,17.682,9.664,14.347,6.9925,-7.9221,-24.506,-17.433,-3.9606,-30.933,14.021,19.905,-8.1583,-1.6498,3.5693,10.922,4.6654,-4.016,-12.632,-11.799,4.4303,7.4457,11.502,12.941,26.139,12.497,17.659,6.7169,29.449,12.395,9.941,-0.55256,-3.0381,-0.21219,21.96,-25.471,1.4602,8.3622,0,3.5685,0.21003,-2.6287,-10.237,0.18659,-19.787,-5.544,-31.977,7.9727,9.4821,8.7375,-1.6068,-5.8399,-9.3329,23.508,-16.713,-0.68047,11.118,-3.9136,0.60267,-7.1724,-0.22474,-14.623,1.0136,-3.6667,-3.1247,-3.5868,17.158,11.144,4.0091,-1.4308,22.717,2.4133,5.1203,-12.434,-16.701,-2.2276,4.0745,3.5596,14.104,10.135,-1.631,4.9014,1.7931,1.7623,9.5452,-1.6955,-10.876,-1.4888,-2.5877,6.4655,0.65419,-14.313,3.0462,3.5685,0,-7.9636,11.281,10.599,6.9241,-13.078,-4.9464,-7.4446,-3.324,10.144,1.6062,-20.085,19.379,1.2741,1.4973,-9.8145,-14.031,15.293,8.2722,-2.1005,16.777,0.31846,-10.193,-0.96139,1.1435,-3.2083,-5.4801,-4.2812,5.3064,5.4579,5.3623,3.6547,5.519,11.624,5.8969,11.208,-8.0315,-7.903,-0.7638,-2.1756,-7.0945,-4.3544,-8.3692,-4.6857,-3.9908,-6.1597,9.4132,-1.9476,5.4722,14.592,4.5771,-2.4038,8.3588,-1.1952,0.21003,-7.9636,0,1.6996,-3.2001,-23.36,5.1458,30.369,-1.4765,0.40491,-1.9759,-0.99326,10.882,-5.4089,0.65947,-0.55008,4.5005,18.671,-6.5254,2.1466,-12.773,-5.6567,-12.914,8.043,3.4543,-19.685,4.9248,4.1909,2.549,-6.6317,-28.807,-19.084,-7.673,-6.7956,-6.933,-4.5023,-11.815,-11.999,4.0356,5.1471,12.627,1.7116,-18.076,3.3912,10.762,-1.7097,-1.7067,10.489,-41.649,-7.8041,0.97791,2.1758,9.6936,-18.408,9.8712,-2.6287,11.281,1.6996,0,25.426,-0.32678,-2.2467,2.1274,-4.8151,-3.0198,15.517,7.8497,-12.971,23.545,0.37276,-3.4854,-8.6687,-12.357,15.395,29.508,2.7257,12.844,-1.8718,-8.8025,-17.492,-2.5303,-14.033,1.6037,-1.3016,-5.9867,-9.68,-1.9158,-6.7178,-1.7527,6.5313,-4.5943,-7.8503,-4.9244,6.3927,-3.7089,3.7205,-4.2676,-17.741,-0.82151,4.3973,-9.234,0.010825,3.8938,-20.262,-2.0945,-5.2767,-5.9733,19.861,-16.51,1.5069,-10.237,10.599,-3.2001,25.426,0,6.3593,0.29485,0.5618,3.4514,-11.453,10.764,-0.67017,-9.6021,22.412,-0.25471,-13.468,-0.52169,-14.135,7.6998,17.994,1.3966,13.152,3.7174,-2.0417,-13.423,5.2404,-7.7454,-3.4341,-11.176,-2.9118,-5.0935,2.4765,-12.797,-4.6179,10.197,-14.668,-10.379,15.75,18.815,-6.6047,-0.43488,3.6976,5.9578,9.4602,0.22875,0.96562,14.725,-3.6989,1.008,1.2039,-20.823,-7.1577,3.0414,-7.7566,-2.8824,0.18659,6.9241,-23.36,-0.32678,6.3593,0,-7.4356,-18.126,1.4637,-10.013,8.0692,-5.6273,-4.7077,3.0344,-7.0317,-5.0834,0.045598,-16.899,3.7286,-4.8377,4.8078,1.8721,15.399,-3.9834,-4.0197,35.297,-2.1101,-13.627,-7.4919,14.887,16.545,19.308,3.7819,-4.3473,17.733,22.436,18.693,-9.2495,-14.821,-3.2163,-9.8186,-22.309,-5.8872,-11.744,-4.8342,-14.241,-22.976,-8.3935,5.4288,-2.8009,9.978,-18.014,8.851,1.087,-1.0701,-19.787,-13.078,5.1458,-2.2467,0.29485,-7.4356,0,6.1461,20.429,2.4206,-12.118,-1.782,4.2115,-0.75763,15.757,-8.8854,12.866,5.9267,-14.145,-0.3087,2.0215,3.1898,-8.5069,11.508,-1.7365,-1.4326,-0.32142,14.757,-3.5608,-19.613,-7.0185,0.86652,-10.931,-2.5092,-17.624,6.641,14.076,-6.2902,-8.7134,-6.812,-6.5953,-12.265,-7.445,-16.755,-9.6017,-11.412,-5.7271,4.7017,-1.6839,11.184,10.396,1.1444,3.3695,8.9036,-7.6944,-5.544,-4.9464,30.369,2.1274,0.5618,-18.126,6.1461,0,3.8602,-5.2742,-4.9459,-7.082,11.073,-2.7093,1.2956,-7.0969,9.9682,18.528,-9.7575,2.8149,-18.228,-2.9531,-9.2973,14.558,6.8166,-15.821,10.213,0.77861,-5.1902,-5.8778,-24.326,-18.813,-14.934,-6.3933,-4.788,12.704,17.196,0.78596,-7.3419,-15.273,-20.37,-28.077,-4.7474,-17.592,-11.604,-25.514,-9.5866,-14.618,8.2706,6.1893,-0.9049,-26.971,15.917,3.2121,-12.739,-31.977,-7.4446,-1.4765,-4.8151,3.4514,1.4637,20.429,3.8602,0,-7.762,-14.348,-13.206,6.0429,-0.58516,8.3231,-20.709,24.702,3.9044,-19.093,-3.6699,-1.7962,2.53,1.2807,20.107,3.6876,6.2922,7.6175,1.883,-16.79,-6.8547,-0.17732,3.5699,-15.975,-3.3278,-6.1387,9.0075,-1.7969,-11.442,-11.014,27.369,10.049,9.5758,2.9328,6.2695,10.983,14.19,-10.439,-0.98495,1.7354,-18.58,11.899,8.371,-11.31,-0.59636,17.116,7.9727,-3.324,0.40491,-3.0198,-11.453,-10.013,2.4206,-5.2742,-7.762,0,-3.9178,22.54,-6.3812,-1.4713,8.9758,23.118,-13.372,0.94218,6.0481,1.5478,12.15,1.1354,-9.0909,-11.568,-2.4646,-9.9293,-9.7191,21.315,25.659,-10.619,2.2336,-0.97839,13.986,14.872,-17.031,-21.506,-20.25,0.37782,17.724,4.846,16.203,10.072,-0.50613,18.826,9.1454,7.8282,11.861,15.144,-16.123,-5.4942,-3.8866,5.0978,-2.4597,-15.548,10.915,9.4821,10.144,-1.9759,15.517,10.764,8.0692,-12.118,-4.9459,-14.348,-3.9178,0,6.1679,-8.7278,8.7403,-7.93,2.6273,-12.212,-14.868,17.354,7.2612,1.6501,3.8156,1.1734,-14.842,-14.864,4.6626,-13.209,-6.2157,3.3942,7.1924,-2.5538,4.7469,4.5301,-8.5253,17.082,2.4585,-11.245,-13.643,-2.4394,38.611,19.391,13.454,-3.684,12.538,26.298,16.507,-7.2188,7.2583,-9.761,-30.557,6.5963,10.073,-5.6985,-8.7732,33.514,8.7375,1.6062,-0.99326,7.8497,-0.67017,-5.6273,-1.782,-7.082,-13.206,22.54,6.1679,0,-12.486,5.9217,3.6672,18.085,-25.225,-7.3192,17.813,11.21,17.242,4.1606,-5.0341,-23.063,-13.765,-7.0406,-23.4,15.186,24.131,-9.5786,-0.77136,-0.91314,10.548,10.425,-6.5966,4.0738,17.216,10.233,0.43661,-13.548,-20.908,-10.24,3.7188,-9.0982,-10.175,-4.8505,0.35279,3.0843,11.655,15.981,-2,-2.9765,-0.98611,25.636,-14.714,-1.6068,-20.085,10.882,-12.971,-9.6021,-4.7077,4.2115,11.073,6.0429,-6.3812,-8.7278,-12.486,0,-24.783,-8.7247,-5.7037,15.866,21.55,-19.901,-12.081,-9.3815,-24.519,3.2948,18.58,9.6219,-1.2061,15.531,-6.0558,-3.0704,4.1786,-5.9797,-9.709,-6.6885,-9.8764,-2.1683,-2.6039,-11.386,-12.229,-0.39192,5.1503,12.414,1.7563,-12.848,1.5957,6.4552,-3.9448,-2.3033,-0.99807,-18.883,-8.7482,1.312,-1.0377,10.2,-25.11,7.907,-5.8399,19.379,-5.4089,23.545,22.412,3.0344,-0.75763,-2.7093,-0.58516,-1.4713,8.7403,5.9217,-24.783,0,7.6781,-3.6114,-7.4436,-17.286,13.706,20.223,3.9125,29.606,-2.6724,-8.6143,-10.773,0.37502,-11.346,3.3655,-4.6444,-6.568,-1.2207,4.8469,-3.9947,4.2089,4.2614,13.246,6.8816,-16.731,-22.033,5.6328,2.6193,-6.6195,-1.5392,-5.5711,-3.8006,-6.9084,-15.11,-14.969,2.9115,-8.1134,18.01,-7.358,1.4456,-6.6771,5.2571,-9.3329,1.2741,0.65947,0.37276,-0.25471,-7.0317,15.757,1.2956,8.3231,8.9758,-7.93,3.6672,-8.7247,7.6781,0,0.1099,2.0104,-0.10499,-3.4415,1.8068,1.6869,16.596,-18.045,1.2755,0.60075,-5.0147,-3.2917,20.014,-0.089584,-17.628,-1.1382,5.8241,-0.70613,6.0297,-16.435,-1.9213,-8.4242,-3.4391,-1.9695,24.374,14.974,22.885,9.1037,13.624,10.427,30.131,1.3506,3.9657,0.76855,-11.325,6.0495,18.972,-23,0.31442,14.846,23.508,1.4973,-0.55008,-3.4854,-13.468,-5.0834,-8.8854,-7.0969,-20.709,23.118,2.6273,18.085,-5.7037,-3.6114,0.1099,0,-20.736,-0.29087,11.006,-1.3039,6.927,-2.6205,-4.9923,-17.312,-0.02207,-8.0323,-7.0014,7.128,29.993,0.67727,4.8801,-1.1365,26.587,11.216,-5.0099,6.8767,23.489,6.2958,-3.9934,-26.684,-29.256,-28.418,0.09635,-18.589,-21.946,-23.558,-2.7734,-8.772,11.764,17.128,-1.0359,-17.606,8.8249,10.027,-22.307,-16.713,-9.8145,4.5005,-8.6687,-0.52169,0.045598,12.866,9.9682,24.702,-13.372,-12.212,-25.225,15.866,-7.4436,2.0104,-20.736,0,11.217,-32.698,-9.6339,-11.225,-4.3033,0.84084,39.831,9.7411,4.294,16.912,-4.4493,-18.185,-0.05583,-3.474,-0.49191,-15.631,-10.197,-2.313,10.292,22.085,0.63521,-10.804,-5.6739,-12.606,-8.3689,2.6501,-14.283,-11.473,-4.3722,-5.1577,-0.19796,11.205,12.157,8.2445,2.3132,-4.5011,26.753,-10.451,-0.68047,-14.031,18.671,-12.357,-14.135,-16.899,5.9267,18.528,3.9044,0.94218,-14.868,-7.3192,21.55,-17.286,-0.10499,-0.29087,11.217,0,-17.581,-8.3959,-12.653,-13.141,-5.9229,16.454,16.158,-12.979,17.074,1.5392,0.39836,-2.3045,-8.9685,-15.828,-4.7635,-1.7604,-10.662,-10.244,-34.869,-5.4954,7.675,16.767,27.615,21.384,-4.0592,16.605,21.006,14.718,4.761,9.4588,-18.913,-14.158,-2.5907,13.05,-2.7422,-15.429,17.682,11.118,15.293,-6.5254,15.395,7.6998,3.7286,-14.145,-9.7575,-19.093,6.0481,17.354,17.813,-19.901,13.706,-3.4415,11.006,-32.698,-17.581,0,14.472,9.9026,7.804,2.0259,-32.424,-13.063,-0.97907,-17.794,0.71249,9.5014,1.2544,2.8279,1.8123,9.2494,7.235,7.6059,1.9282,-9.0114,-16.167,-0.98141,7.9818,10.272,1.8942,-26.686,-0.36151,14.303,-0.96647,-7.4276,8.5276,-31.506,-9.7429,1.9412,4.3858,11.171,-11.906,9.664,-3.9136,8.2722,2.1466,29.508,17.994,-4.8377,-0.3087,2.8149,-3.6699,1.5478,7.2612,11.21,-12.081,20.223,1.8068,-1.3039,-9.6339,-8.3959,14.472,0,5.9028,11.037,-1.0364,-8.0736,-14.23,-6.8943,-12.711,5.6932,0.99581,-11.179,-8.957,-6.5776,-7.348,5.1243,0.7169,4.0325,-8.858,-3.6593,1.8681,12.829,5.9897,6.9063,-3.3747,10.186,21.93,9.5117,-7.0186,0.16704,-3.5649,-23.299,-4.1956,-1.242,2.0559,-7.8185,14.347,0.60267,-2.1005,-12.773,2.7257,1.3966,4.8078,2.0215,-18.228,-1.7962,12.15,1.6501,17.242,-9.3815,3.9125,1.6869,6.927,-11.225,-12.653,9.9026,5.9028,0,2.2823,5.7861,-13.734,-15.343,5.8196,-19.104,9.496,10.508,-6.5848,8.2449,6.7271,6.7564,9.3882,-4.2072,0.39368,-6.0203,-13.46,-5.8242,5.1221,10.559,-0.38942,-6.6323,-0.0023233,1.2001,-5.6454,-4.1692,-8.0619,-8.9718,-8.5297,6.1105,-3.9988,6.4939,-22.055,6.9925,-7.1724,16.777,-5.6567,12.844,13.152,1.8721,3.1898,-2.9531,2.53,1.1354,3.8156,4.1606,-24.519,29.606,16.596,-2.6205,-4.3033,-13.141,7.804,11.037,2.2823,0,-8.0031,-5.9012,-5.7007,0.14163,-8.2916,7.0119,-4.7578,-8.3004,0.92318,8.9317,-1.6356,5.0938,-0.45668,-6.4425,-6.3733,17.501,16.092,-7.8916,-6.972,3.1056,-1.3986,1.8972,4.2551,1.7791,8.6984,2.0119,-0.2172,4.9099,-43.294,-1.0632,6.9545,3.3545,-7.9221,-0.22474,0.31846,-12.914,-1.8718,3.7174,15.399,-8.5069,-9.2973,1.2807,-9.0909,1.1734,-5.0341,3.2948,-2.6724,-18.045,-4.9923,0.84084,-5.9229,2.0259,-1.0364,5.7861,-8.0031,0,0.0078374,-1.2764,14.081,2.4873,-15.443,-5.6745,11.887,10.844,1.3628,-1.5519,0.78234,12.57,8.6976,27.303,4.769,-6.2548,-23.222,-29.489,-25.36,-1.3017,-24.657,-21.46,-21.646,-3.8782,-6.9829,10.889,19.763,0.52954,-11.652,7.8538,14.174,-24.506,-14.623,-10.193,8.043,-8.8025,-2.0417,-3.9834,11.508,14.558,20.107,-11.568,-14.842,-23.063,18.58,-8.6143,1.2755,-17.312,39.831,16.454,-32.424,-8.0736,-13.734,-5.9012,0.0078374,0,12.745,-0.2503,21.119,-3.9317,-15.808,-0.97678,-5.7116,-5.3885,-16.751,-7.623,-3.9227,2.4071,11.375,7.4406,-7.3736,-8.4149,-10.197,-2.5526,9.8707,-11.565,-19.518,-3.8728,3.9813,-10.394,16.646,17.874,1.6732,2.7259,-6.2259,17.568,-17.433,1.0136,-0.96139,3.4543,-17.492,-13.423,-4.0197,-1.7365,6.8166,3.6876,-2.4646,-14.864,-13.765,9.6219,-10.773,0.60075,-0.02207,9.7411,16.158,-13.063,-14.23,-15.343,-5.7007,-1.2764,12.745,0,-4.6923,30.779,-5.5759,-5.5673,6.5381,4.0828,-4.5543,0.83836,3.3855,-2.989,-8.843,-4.7994,15.234,15.004,-8.9709,-4.6924,-1.2868,5.4677,6.7169,-1.2079,-1.992,9.2467,-5.1726,3.9309,1.1434,-18.081,-13.417,5.0341,-5.7562,-3.9606,-3.6667,1.1435,-19.685,-2.5303,5.2404,35.297,-1.4326,-15.821,6.2922,-9.9293,4.6626,-7.0406,-1.2061,0.37502,-5.0147,-8.0323,4.294,-12.979,-0.97907,-6.8943,5.8196,0.14163,14.081,-0.2503,-4.6923,0,-1.7709,-10.138,-8.2911,10.511,13.805,20.332,1.1148,-6.8716,11.878,1.6517,14.086,10.713,-3.4935,-17.513,-17.547,-7.8126,5.6302,-15.873,-23.418,-9.1375,4.6908,-7.208,13.776,31.313,-2.2366,-1.1348,-0.47827,19.798,-30.933,-3.1247,-3.2083,4.9248,-14.033,-7.7454,-2.1101,-0.32142,10.213,7.6175,-9.7191,-13.209,-23.4,15.531,-11.346,-3.2917,-7.0014,16.912,17.074,-17.794,-12.711,-19.104,-8.2916,2.4873,21.119,30.779,-1.7709,0,-10.348,-11.668,7.813,0.85836,-6.2394,-5.6891,-2.0882,0.45994,18.378,4.6144,-23.125,-19.252,15.25,5.3636,-2.0276,-4.4929,-1.124,6.5277,1.316,-25.299,-3.6894,-0.47164,-17.739,19.266,-1.27,-1.1672,-3.8792,14.021,-3.5868,-5.4801,4.1909,1.6037,-3.4341,-13.627,14.757,0.77861,1.883,21.315,-6.2157,15.186,-6.0558,3.3655,20.014,7.128,-4.4493,1.5392,0.71249,5.6932,9.496,7.0119,-15.443,-3.9317,-5.5759,-10.138,-10.348,0,11.222,-28.344,-4.7955,-0.70335,1.899,8.4782,-26.329,1.3381,-6.0149,-6.0951,-1.8809,25.997,12.779,14.965,4.8666,13.627,14.964,25.24,-3.3003,8.2286,-1.1743,-15.704,7.4226,13.535,-16.474,0.028559,19.905,17.158,-4.2812,2.549,-1.3016,-11.176,-7.4919,-3.5608,-5.1902,-16.79,25.659,3.3942,24.131,-3.0704,-4.6444,-0.089584,29.993,-18.185,0.39836,9.5014,0.99581,10.508,-4.7578,-5.6745,-15.808,-5.5673,-8.2911,-11.668,11.222,0,-3.7499,-0.10085,-2.8346,17.309,6.9833,-7.7716,-23.204,-7.0928,26.932,19.176,-7.9321,-1.2179,8.2338,13.573,7.585,-5.017,5.7435,39.79,2.5509,4.3183,11.724,-15.298,4.4015,-7.232,3.6349,-8.1583,11.144,5.3064,-6.6317,-5.9867,-2.9118,14.887,-19.613,-5.8778,-6.8547,-10.619,7.1924,-9.5786,4.1786,-6.568,-17.628,0.67727,-0.05583,-2.3045,1.2544,-11.179,-6.5848,-8.3004,11.887,-0.97678,6.5381,10.511,7.813,-28.344,-3.7499,0,9.8942,4.492,7.1158,-6.0474,21.135,-4.9835,-7.0754,11.603,4.8605,0.8152,0.19485,9.2475,11.592,6.9634,0.71126,6.833,8.0072,-12.204,8.9934,-1.8073,-11.684,-0.88518,-4.0805,-1.2272,-1.6498,4.0091,5.4579,-28.807,-9.68,-5.0935,16.545,-7.0185,-24.326,-0.17732,2.2336,-2.5538,-0.77136,-5.9797,-1.2207,-1.1382,4.8801,-3.474,-8.9685,2.8279,-8.957,8.2449,0.92318,10.844,-5.7116,4.0828,13.805,0.85836,-4.7955,-0.10085,9.8942,0,14.843,12.966,9.2716,4.0501,-6.5395,-5.7612,4.7889,5.3076,-0.24829,3.2655,1.6441,9.5053,10.123,-1.3615,0.46827,5.4117,-10.938,4.6065,-5.821,-4.2685,-11.239,-0.99637,-12.918,3.5693,-1.4308,5.3623,-19.084,-1.9158,2.4765,19.308,0.86652,-18.813,3.5699,-0.97839,4.7469,-0.91314,-9.709,4.8469,5.8241,-1.1365,-0.49191,-15.828,1.8123,-6.5776,6.7271,8.9317,1.3628,-5.3885,-4.5543,20.332,-6.2394,-0.70335,-2.8346,4.492,14.843,0,7.7402,-2.3726,4.6747,-7.4495,-10.458,3.2004,2.9381,14.704,12.65,23.026,18.192,19.617,6.1089,26.105,7.6557,-0.50792,4.8364,-8.698,0.93938,10.826,-24.826,-2.0604,10.922,22.717,3.6547,-7.673,-6.7178,-12.797,3.7819,-10.931,-14.934,-15.975,13.986,4.5301,10.548,-6.6885,-3.9947,-0.70613,26.587,-15.631,-4.7635,9.2494,-7.348,6.7564,-1.6356,-1.5519,-16.751,0.83836,1.1148,-5.6891,1.899,17.309,7.1158,12.966,7.7402,0,7.1563,0.18297,7.7132,-4.3148,-6.4967,-9.7249,12.593,5.4444,9.5814,-2.2877,-1.166,7.8063,7.0761,-6.5438,-7.1355,-0.019595,-8.3566,1.6704,9.0037,-1.8501,0.42724,4.6654,2.4133,5.519,-6.7956,-1.7527,-4.6179,-4.3473,-2.5092,-6.3933,-3.3278,14.872,-8.5253,10.425,-9.8764,4.2089,6.0297,11.216,-10.197,-1.7604,7.235,5.1243,9.3882,5.0938,0.78234,-7.623,3.3855,-6.8716,-2.0882,8.4782,6.9833,-6.0474,9.2716,-2.3726,7.1563,0,-8.7038,-30.159,-13.759,13.302,28.223,-7.4655,2.9874,6.0305,1.6486,8.02,0.1045,1.5679,25.85,7.1702,-7.2853,7.0173,-17.297,2.001,1.8854,-5.7466,-4.016,5.1203,11.624,-6.933,6.5313,10.197,17.733,-17.624,-4.788,-6.1387,-17.031,17.082,-6.5966,-2.1683,4.2614,-16.435,-5.0099,-2.313,-10.662,7.6059,0.7169,-4.2072,-0.45668,12.57,-3.9227,-2.989,11.878,0.45994,-26.329,-7.7716,21.135,4.0501,4.6747,0.18297,-8.7038,0
