0,-5.6245,-7.6446,-6.3972,-0.026215,3.619,2.7866,0.26071,5.4091,-5.6987,-5.4376,-2.7304,-0.66339,11.559,-4.235,-2.2586,-1.5535,-1.7531,3.2064,-6.7849,2.007,-5.6245,0,-0.69864,2.7664,-3.9997,-8.871,-7.5751,3.2818,-3.0294,5.941,-1.8036,3.183,3.1496,-1.5311,3.7739,5.8073,1.618,3.9265,-0.68696,3.8749,2.9806,-7.6446,-0.69864,0,3.4984,1.8406,1.288,-0.241,-3.674,-2.1629,3.4772,5.2374,1.8134,-1.628,-7.2747,1.1752,-4.7536,0.57533,-1.3831,-3.1838,2.5492,-0.35622,-6.3972,2.7664,3.4984,0,-2.8951,-6.5107,-3.7969,0.10791,-9.7579,3.0861,1.9917,0.95661,-0.61768,-3.5494,8.1323,3.2894,4.3778,8.4055,-1.4621,6.2645,-2.2833,-0.026215,-3.9997,1.8406,-2.8951,0,7.4934,2.5709,2.8494,3.044,-6.8296,1.6254,-5.9859,0.96887,-2.9397,-3.2002,-2.3941,-6.6439,-6.5891,1.2878,0.52287,-1.6389,3.619,-8.871,1.288,-6.5107,7.4934,0,9.1029,-0.37821,7.2325,-7.7424,3.9562,-5.153,0.89436,-1.2212,-8.674,-6.7591,-4.0369,-11.273,-0.56022,-3.9974,-2.829,2.7866,-7.5751,-0.241,-3.7969,2.5709,9.1029,0,-1.3689,4.1546,-4.9142,2.6472,-2.6384,-2.5182,-1.5647,-6.1713,-3.2216,-1.8363,-5.6818,-1.2923,-1.3017,-4.879,0.26071,3.2818,-3.674,0.10791,2.8494,-0.37821,-1.3689,0,0.92206,-3.077,-2.5857,-3.7001,0.89445,-0.33386,-1.9608,3.657,-3.8685,-0.70393,4.374,-2.324,2.4164,5.4091,-3.0294,-2.1629,-9.7579,3.044,7.2325,4.1546,0.92206,0,-3.4278,1.8714,-4.3769,3.2999,2.1675,-8.4588,-2.5803,-3.4,-9.8187,-2.5424,-4.0742,1.7684,-5.6987,5.941,3.4772,3.0861,-6.8296,-7.7424,-4.9142,-3.077,-3.4278,0,0.9539,9.3515,-1.4132,-1.4329,2.9875,1.2844,7.0407,3.1541,-3.3499,2.0983,2.755,-5.4376,-1.8036,5.2374,1.9917,1.6254,3.9562,2.6472,-2.5857,1.8714,0.9539,0,-2.2305,2.9291,-7.2611,-0.40566,-1.5485,1.6784,-3.689,-8.0164,2.7953,-4.6472,-2.7304,3.183,1.8134,0.95661,-5.9859,-5.153,-2.6384,-3.7001,-4.3769,9.3515,-2.2305,0,-4.1416,0.44781,0.99351,-1.3888,7.1827,2.5371,1.2581,0.081508,1.0063,-0.66339,3.1496,-1.628,-0.61768,0.96887,0.89436,-2.5182,0.89445,3.2999,-1.4132,2.9291,-4.1416,0,0.39959,-0.69738,1.7022,-0.61494,-1.7887,-4.9038,2.8441,-0.050408,11.559,-1.5311,-7.2747,-3.5494,-2.9397,-1.2212,-1.5647,-0.33386,2.1675,-1.4329,-7.2611,0.44781,0.39959,0,-1.9932,-1.1185,1.5483,1.2884,1.9332,-3.5807,4.4454,-4.235,3.7739,1.1752,8.1323,-3.2002,-8.674,-6.1713,-1.9608,-8.4588,2.9875,-0.40566,0.99351,-0.69738,-1.9932,0,6.0298,1.1517,12.736,-0.03072,5.977,-2.0899,-2.2586,5.8073,-4.7536,3.2894,-2.3941,-6.7591,-3.2216,3.657,-2.5803,1.2844,-1.5485,-1.3888,1.7022,-1.1185,6.0298,0,-0.58045,6.1573,-0.69733,3.7158,-1.8492,-1.5535,1.618,0.57533,4.3778,-6.6439,-4.0369,-1.8363,-3.8685,-3.4,7.0407,1.6784,7.1827,-0.61494,1.5483,1.1517,-0.58045,0,2.7413,-3.203,1.9323,-1.0669,-1.7531,3.9265,-1.3831,8.4055,-6.5891,-11.273,-5.6818,-0.70393,-9.8187,3.1541,-3.689,2.5371,-1.7887,1.2884,12.736,6.1573,2.7413,0,1.5585,3.2259,-0.69298,3.2064,-0.68696,-3.1838,-1.4621,1.2878,-0.56022,-1.2923,4.374,-2.5424,-3.3499,-8.0164,1.2581,-4.9038,1.9332,-0.03072,-0.69733,-3.203,1.5585,0,-5.5386,1.6625,-6.7849,3.8749,2.5492,6.2645,0.52287,-3.9974,-1.3017,-2.324,-4.0742,2.0983,2.7953,0.081508,2.8441,-3.5807,5.977,3.7158,1.9323,3.2259,-5.5386,0,-4.5703,2.007,2.9806,-0.35622,-2.2833,-1.6389,-2.829,-4.879,2.4164,1.7684,2.755,-4.6472,1.0063,-0.050408,4.4454,-2.0899,-1.8492,-1.0669,-0.69298,1.6625,-4.5703,0
