0,1.091,11.76,-5.6935,12.484,-7.8589,-3.1237,12.309,-5.521,6.3068,7.8419,3.9798,13.756,19.002,-1.1617,-2.7548,0.34657,-11.639,5.9097,-7.1805,5.2868,-5.0571,-4.6362,1.3254,-3.9404,-27.94,-0.42966,5.2325,10.696,-7.2745,5.6279,-6.0848,7.298,-15.61,10.043,1.2459,6.8461,-17.953,-24.078,3.0347,-2.1904,-19.76,-2.1169,-1.4538,4.1003,9.7617,30.694,-2.4927,19.927,2.8973,8.1146,-4.9404,-5.9307,-10.296,-1.1073,1.091,0,-4.5406,-5.4885,-5.7022,6.051,10.493,12.835,9.5576,2.6151,-16.913,-11.348,-13.359,7.3918,4.2023,10.382,-10.902,11.269,-1.4411,1.7286,-9.3738,28.68,3.4473,-6.7398,-0.36629,-4.9416,9.3842,-8.6636,-5.605,1.7854,-21.796,4.5186,-6.9284,6.4432,10.152,1.4371,5.963,4.7446,0.37699,-1.3397,14.599,2.4879,-14.409,6.5961,0.0020123,-15.457,-0.54316,5.296,-9.5523,8.6548,1.4872,0.76673,-3.0824,13.924,28.785,11.76,-4.5406,0,0.39059,8.4298,-18.089,-13.442,14.803,-22.077,-3.5886,6.4875,-0.11944,21.584,14.681,-12.452,-20.458,19.539,-6.6564,-7.3411,-22.369,26.587,-6.5063,9.0345,2.5389,11.524,-2.6427,5.5451,21.852,-3.0169,-28.57,9.6995,-18.667,7.1068,-15.212,1.2223,-18.769,16.625,-14.946,-6.4649,15.518,-1.9015,-10.706,8.8728,9.3772,-4.1976,5.7681,15.615,-0.92667,14.31,9.2483,-0.25501,-10.18,14.644,-7.4397,-3.6315,-5.6935,-5.4885,0.39059,0,7.497,-11.474,-15.943,-1.8534,-12.083,8.9402,-9.0791,-14.587,-0.57789,-13.195,-12.941,-7.217,2.5392,13.856,-10.445,-9.7979,-0.21784,-9.2349,-3.6414,9.7393,17.1,10.997,-5.3703,12.507,2.0626,-2.506,11.263,-15.439,-13.389,3.3296,-9.4129,-5.9368,1.9142,14.253,13.421,-7.4936,-16.167,11.18,23.021,9.801,-27.262,-1.8814,-6.165,15.881,-1.3557,8.4079,1.9722,3.1537,3.4354,1.7512,-2.5651,12.484,-5.7022,8.4298,7.497,0,-20.686,-10.816,2.4451,-8.5087,19.755,1.5894,-3.2433,15.911,5.2465,-17.495,-2.7338,-0.1972,-3.0506,6.9476,-13.463,2.602,-14.224,-4.217,22.723,3.6483,-5.7832,-8.8267,8.2874,19.426,-1.5383,9.5674,-10.742,-0.086975,-21.12,7.1352,1.8147,1.6675,-4.9971,-10.795,0.6504,-17.895,-12.931,9.8526,-2.8847,-9.1296,17.632,10.392,12.304,15.903,2.5064,21.82,-10.79,-1.7591,-11.648,-0.83105,-7.8589,6.051,-18.089,-11.474,-20.686,0,15.3,-7.7384,21.59,-8.9817,-0.42943,8.2876,-18.111,-5.9631,28.639,11.124,-7.7615,-0.30981,4.5843,35.227,-9.4508,11.679,-0.6375,-12.308,-15.676,-1.0546,-1.3203,-21.703,-5.3453,11.82,-11.701,25.245,-1.8927,14.33,1.2646,10.337,-6.8946,5.0244,3.3719,-3.2307,10.715,5.7815,-15.696,-7.6486,14.02,-9.2466,-6.7291,-11.441,-15.305,-7.0718,-10.204,7.1343,-9.826,4.1781,0.91505,-3.1237,10.493,-13.442,-15.943,-10.816,15.3,0,-3.773,24.157,-1.7618,-0.37942,3.81,-10.336,2.6348,14.235,24.386,-16.667,-1.679,9.7328,14.503,-15.663,15.234,-4.5153,-10.881,-16.13,-4.3013,7.9773,-24.061,-0.67642,13.925,-20.905,22.621,6.8734,6.999,2.6172,13.118,-12.675,-0.81096,-3.7881,-6.3312,18.244,1.2016,-32.296,-9.09,17.001,-3.6317,-7.326,-5.8363,-5.1418,-13.098,1.5874,6.9965,-7.6007,11.093,9.3698,12.309,12.835,14.803,-1.8534,2.4451,-7.7384,-3.773,0,-8.2326,-0.071093,-5.6405,-9.2023,3.4463,18.544,-4.7403,-6.539,4.4661,3.1671,-8.9768,-13.876,7.4141,7.4995,7.115,-4.1788,9.1743,-7.8148,11.669,8.8301,-6.0095,-17.578,-2.3772,-11.439,-0.8094,-4.2454,6.9125,-12.313,23.158,-6.1395,-4.2837,7.4149,6.9289,-4.7918,-1.4572,16.555,-4.1821,-6.5308,12.731,2.9364,3.9048,18.815,-0.070006,-4.3861,6.0024,3.3146,9.8706,-5.521,9.5576,-22.077,-12.083,-8.5087,21.59,24.157,-8.2326,0,0.96067,-3.4716,4.366,-14.766,-2.2979,14.258,28.125,-19.078,0.67534,14.244,23.542,-18.919,12.864,-2.7759,-3.758,-19.207,-3.028,-2.0968,-73.641,2.1334,23.781,-20.271,36.355,-1.1236,6.7812,7.8151,20.391,-12.178,4.5291,-2.0376,-5.1904,8.8951,0.83746,-21.694,-13.834,11.767,-3.3052,-7.2778,-2.635,-10.986,-10.34,2.3644,2.2623,-12.877,5.0569,8.5285,6.3068,2.6151,-3.5886,8.9402,19.755,-8.9817,-1.7618,-0.071093,0.96067,0,-7.2345,-9.5827,1.4675,-0.22767,-8.8827,8.3187,-13.632,5.3023,8.6004,-5.0145,-11.159,-4.7049,-11.305,15.151,0.082208,-5.488,-7.6281,-0.82634,21.25,8.0075,0.98839,-3.4844,-6.3137,-6.1556,6.7126,9.9439,-4.1737,4.394,-5.3937,-10.502,-11.663,-3.4917,2.6722,-3.4814,-9.0025,7.0795,1.5541,19.379,5.4145,1.0719,27.162,-2.0477,-9.9624,-1.1912,6.7481,7.8419,-16.913,6.4875,-9.0791,1.5894,-0.42943,-0.37942,-5.6405,-3.4716,-7.2345,0,27.03,15.565,4.2609,4.6198,-5.2641,7.5058,-37.246,6.9528,2.2406,9.4133,-12.785,-3.9305,-2.5353,-9.5524,-6.8111,-2.1947,2.5715,5.0573,-2.7815,10.681,1.7814,22.21,-9.2521,-3.4618,1.8085,-5.2179,-20.387,-12.073,4.2777,-1.8321,-11.257,-0.11188,-11.022,14.838,16.34,8.3534,-18.97,15.562,-13.565,-2.2104,-0.27564,-0.87074,-13.802,-19.757,3.9798,-11.348,-0.11944,-14.587,-3.2433,8.2876,3.81,-9.2023,4.366,-9.5827,27.03,0,6.7231,1.7165,11.371,-0.50929,3.8798,-28.186,10.984,11.249,5.1147,-6.6056,-1.641,-3.6715,-17.445,-6.729,-5.8622,-5.255,3.5338,2.7674,4.1887,10.284,14.105,-5.1801,0.80289,6.702,-6.6909,-13.566,-10.296,5.1125,0.52059,-10.025,-5.0198,-17.123,21.14,11.055,6.0665,-23.781,5.9675,-15.089,-4.6725,-1.3316,-5.0383,-13.928,-15.516,13.756,-13.359,21.584,-0.57789,15.911,-18.111,-10.336,3.4463,-14.766,1.4675,15.565,6.7231,0,10.783,-11.565,-11.7,11.73,-15.77,2.9659,-14.062,16.247,-16.708,1.0331,8.2156,2.8538,-5.161,-1.4045,13.896,7.3928,-10.769,14.142,-11.086,13.213,-26.621,1.2929,-5.69,3.6758,-20.192,-13.666,9.3895,-8.1546,-17.754,8.5731,-2.2405,0.0020405,21.552,14.757,-1.9873,28.202,-1.4675,6.6159,-10.18,6.4405,-15.326,-9.4267,19.002,7.3918,14.681,-13.195,5.2465,-5.9631,2.6348,18.544,-2.2979,-0.22767,4.2609,1.7165,10.783,0,-2.6386,-1.1949,2.1973,-8.7352,3.3947,-8.4179,7.1094,4.6499,5.5177,-2.0817,-1.3425,-14.592,9.3469,2.3046,0.49693,-9.4504,-4.3021,-2.7841,10.693,-14.267,12.722,-3.6941,9.5977,-20.608,-18.961,11.152,8.3606,-18.807,-7.9325,1.5252,5.9325,4.3556,17.947,-2.7357,11.49,3.6845,5.6752,-9.5672,3.122,-2.7303,6.9886,-1.1617,4.2023,-12.452,-12.941,-17.495,28.639,14.235,-4.7403,14.258,-8.8827,4.6198,11.371,-11.565,-2.6386,0,8.4914,-6.9163,-4.9974,4.1166,24.885,-7.3387,7.7083,-5.8768,-18.532,-18.537,-7.1683,0.76107,-14.601,-2.8341,7.4876,-6.2095,17.328,2.867,12.142,-1.0362,9.8622,-6.4402,-0.30061,-0.80382,-5.6468,10.877,3.525,-16.235,-6.937,19.924,-6.5771,-1.8027,-17.943,-6.597,-8.2309,-10.539,12.011,-12.81,2.6866,-2.7601,-2.7548,10.382,-20.458,-7.217,-2.7338,11.124,24.386,-6.539,28.125,8.3187,-5.2641,-0.50929,-11.7,-1.1949,8.4914,0,-35.122,2.5461,15.241,13.446,-30.492,10.27,-8.772,-1.373,-15.232,-4.5358,-0.0823,-27.665,7.1694,26.134,-17.651,19.723,-0.18687,5.0089,6.2349,23.668,-15.652,4.681,-3.7102,-11.561,6.574,0.97895,-18.818,-12.118,7.9327,-0.92159,-7.9006,2.669,-5.6017,-10.911,9.5088,4.6271,-14.482,8.1096,11.763,0.34657,-10.902,19.539,2.5392,-0.1972,-7.7615,-16.667,4.4661,-19.078,-13.632,7.5058,3.8798,11.73,2.1973,-6.9163,-35.122,0,-5.0021,-12.431,-10.019,39.339,-7.7606,13.541,0.28158,11.886,6.3898,1.3483,18.687,-10.173,-22.227,12.409,-12.538,3.1623,-5.5388,-5.3234,-22.983,13.228,-6.6937,3.1332,17.271,-3.1147,-2.2838,13.719,8.698,-4.0477,1.4696,6.312,-5.7608,4.0507,7.1935,-11.439,-6.9219,18.64,-8.1663,-11.498,-11.639,11.269,-6.6564,13.856,-3.0506,-0.30981,-1.679,3.1671,0.67534,5.3023,-37.246,-28.186,-15.77,-8.7352,-4.9974,2.5461,-5.0021,0,-11.116,-2.7863,-8.1657,9.3381,2.6456,1.5297,12.756,11.325,2.5297,0.16736,-6.788,1.6992,-6.6379,-3.8615,-22.277,12.821,-2.2502,-4.0167,3.9172,26.405,18.939,-6.3435,0.32933,17.768,3.6108,13.515,-17.572,-17.751,-12.262,17.509,-16.111,12.477,-0.63374,3.6708,2.8114,15.521,13.198,5.9097,-1.4411,-7.3411,-10.445,6.9476,4.5843,9.7328,-8.9768,14.244,8.6004,6.9528,10.984,2.9659,3.3947,4.1166,15.241,-12.431,-11.116,0,9.6028,-8.7953,-2.5058,-7.0509,7.0719,-22.129,-10.603,-9.7906,-15.087,18.677,16.942,-4.4915,14.624,6.1478,-9.3236,12.262,25.33,-13.125,-6.267,-17.049,-2.0018,-2.6556,-13.949,-9.8017,-32.548,11.015,15.21,3.6147,-1.5986,5.2538,-15.104,14.409,-5.5406,-14.658,-8.7299,0.49889,-7.1805,1.7286,-22.369,-9.7979,-13.463,35.227,14.503,-13.876,23.542,-5.0145,2.2406,11.249,-14.062,-8.4179,24.885,13.446,-10.019,-2.7863,9.6028,0,-11.708,5.9598,-4.5835,-7.3363,-21.303,-1.7039,-5.9241,-24.384,0.34305,17.916,-8.2516,29.777,-0.79799,10.769,1.0862,16.701,-12.54,4.6314,1.2312,-5.7503,5.359,3.8732,-13.199,-14.151,14.622,-3.4469,-6.9723,-10.411,-11.167,-12.191,-5.8233,6.8048,-14.085,0.76136,-2.0075,5.2868,-9.3738,26.587,-0.21784,2.602,-9.4508,-15.663,7.4141,-18.919,-11.159,9.4133,5.1147,16.247,7.1094,-7.3387,-30.492,39.339,-8.1657,-8.7953,-11.708,0,-7.8942,13.068,1.0319,9.5225,1.6309,1.4979,18.406,-7.0985,-24.867,11.903,-12.785,5.451,-10.146,-1.4139,-20.002,15.218,-11.591,-1.9,20.703,-2.7415,-7.3207,10.997,7.1144,-2.3,4.1212,11.711,-6.1573,7.8254,7.3415,-7.8048,-9.8009,15.869,-10.898,-10.061,-5.0571,28.68,-6.5063,-9.2349,-14.224,11.679,15.234,7.4995,12.864,-4.7049,-12.785,-6.6056,-16.708,4.6499,7.7083,10.27,-7.7606,9.3381,-2.5058,5.9598,-7.8942,0,7.0633,-11.421,-1.7608,0.11083,12.436,-11.934,-12.335,2.7672,-30.728,9.4053,-3.8302,10.458,5.8867,0.26116,3.1142,4.8803,3.7495,0.91765,24.024,5.3632,-17.77,5.0041,3.9438,-18.895,-5.4215,0.17691,-14.808,4.1506,-4.0855,2.0246,0.48827,17.169,21.249,-4.6362,3.4473,9.0345,-3.6414,-4.217,-0.6375,-4.5153,7.115,-2.7759,-11.305,-3.9305,-1.641,1.0331,5.5177,-5.8768,-8.772,13.541,2.6456,-7.0509,-4.5835,13.068,7.0633,0,1.3379,8.8501,8.0965,3.6239,3.09,-15.971,-9.6555,-5.3737,-1.8956,-2.9131,-3.1766,6.0861,-14.127,14.672,-1.0971,3.9563,27.084,5.2528,-2.4406,1.9591,7.257,-3.9236,-5.5635,1.9413,0.2487,-7.1157,10.363,-7.0938,-15.655,17.549,-1.0024,4.6623,1.3254,-6.7398,2.5389,9.7393,22.723,-12.308,-10.881,-4.1788,-3.758,15.151,-2.5353,-3.6715,8.2156,-2.0817,-18.532,-1.373,0.28158,1.5297,7.0719,-7.3363,1.0319,-11.421,1.3379,0,4.4873,3.0326,-15.383,3.6593,13.055,3.3923,5.6957,-5.3079,-6.1826,-13.998,7.4068,2.6366,-0.33723,2.4367,-2.9471,2.8801,-21.306,-7.3827,12.144,-4.9312,-12.888,12.965,2.4931,16.055,4.3012,2.0633,16.109,-15.452,0.35264,-11.091,-0.12665,-3.9404,-0.36629,11.524,17.1,3.6483,-15.676,-16.13,9.1743,-19.207,0.082208,-9.5524,-17.445,2.8538,-1.3425,-18.537,-15.232,11.886,12.756,-22.129,-21.303,9.5225,-1.7608,8.8501,4.4873,0,12.5,5.35,20.487,-8.9622,-15.42,5.8489,-23.507,-7.7839,0.23227,-6.3183,-24.098,13.603,5.9393,11.935,4.3682,-4.2333,7.0974,17.445,24.777,-24.385,-6.157,-1.947,11.911,-1.1043,17.779,-2.487,-2.8853,19.009,4.6578,2.424,-27.94,-4.9416,-2.6427,10.997,-5.7832,-1.0546,-4.3013,-7.8148,-3.028,-5.488,-6.8111,-6.729,-5.161,-14.592,-7.1683,-4.5358,6.3898,11.325,-10.603,-1.7039,1.6309,0.11083,8.0965,3.0326,12.5,0,1.1228,3.311,-11.097,0.15589,0.015006,-2.3011,-6.4678,8.1033,-11.72,-8.5067,-1.7613,13.524,23.695,1.1268,-1.9269,15.31,10.035,6.0769,-10.568,-6.1962,-19.498,5.7954,-11.466,1.2653,-6.5241,0.6748,14.328,7.0007,-0.74932,-0.42966,9.3842,5.5451,-5.3703,-8.8267,-1.3203,7.9773,11.669,-2.0968,-7.6281,-2.1947,-5.8622,-1.4045,9.3469,0.76107,-0.0823,1.3483,2.5297,-9.7906,-5.9241,1.4979,12.436,3.6239,-15.383,5.35,1.1228,0,2.4962,-13.38,-8.4521,-8.0814,-2.5757,8.3564,4.8652,-5.5407,-9.8706,3.6726,-4.3807,1.7342,0.95782,21.419,4.2668,-7.599,11.516,3.4522,-9.19,-2.9554,-2.9634,0.44238,1.8754,-4.5462,6.3025,10.552,17.708,8.7148,5.2325,-8.6636,21.852,12.507,8.2874,-21.703,-24.061,8.8301,-73.641,-0.82634,2.5715,-5.255,13.896,2.3046,-14.601,-27.665,18.687,0.16736,-15.087,-24.384,18.406,-11.934,3.09,3.6593,20.487,3.311,2.4962,0,-2.5891,-24.226,19.128,-38.749,0.52331,-6.3266,-7.7031,-21.231,12.791,-3.9483,2.5325,5.1194,-8.5268,-0.37007,21.562,14.941,-12.525,2.5501,6.9577,3.2145,10.275,11.212,-2.405,-2.2165,13.239,-4.3487,-7.6503,10.696,-5.605,-3.0169,2.0626,19.426,-5.3453,-0.67642,-6.0095,2.1334,21.25,5.0573,3.5338,7.3928,0.49693,-2.8341,7.1694,-10.173,-6.788,18.677,0.34305,-7.0985,-12.335,-15.971,13.055,-8.9622,-11.097,-13.38,-2.5891,0,9.7757,5.99,0.96459,2.0029,-11.113,6.1868,16.474,-9.4109,-3.5883,-13.709,-8.1835,-14.071,-10.512,1.0839,-14.461,0.69514,19.068,6.0831,5.125,12.368,-7.6908,21.238,-2.2283,-15.452,-10.606,-3.0852,-7.2745,1.7854,-28.57,-2.506,-1.5383,11.82,13.925,-17.578,23.781,8.0075,-2.7815,2.7674,-10.769,-9.4504,7.4876,26.134,-22.227,1.6992,16.942,17.916,-24.867,2.7672,-9.6555,3.3923,-15.42,0.15589,-8.4521,-24.226,9.7757,0,-9.1101,20.453,-2.7993,5.1862,3.0488,29.328,-22.658,8.3492,-0.29506,-12.139,-1.0095,2.6943,-9.092,-18.188,5.4706,2.3343,-11.022,2.5243,-7.0477,-14.444,7.6899,3.8686,-15.626,2.454,3.6063,5.6279,-21.796,9.6995,11.263,9.5674,-11.701,-20.905,-2.3772,-20.271,0.98839,10.681,4.1887,14.142,-4.3021,-6.2095,-17.651,12.409,-6.6379,-4.4915,-8.2516,11.903,-30.728,-5.3737,5.6957,5.8489,0.015006,-8.0814,19.128,5.99,-9.1101,0,-15.154,1.9238,-6.2812,-9.0727,-5.9178,2.3925,-4.0807,-0.40393,-0.31049,-18.421,-1.9156,21.261,1.786,-5.6319,10.007,6.8534,-1.866,12.691,1.2218,-1.6487,0.90518,1.7685,-13.382,-22.946,-6.0848,4.5186,-18.667,-15.439,-10.742,25.245,22.621,-11.439,36.355,-3.4844,1.7814,10.284,-11.086,-2.7841,17.328,19.723,-12.538,-3.8615,14.624,29.777,-12.785,9.4053,-1.8956,-5.3079,-23.507,-2.3011,-2.5757,-38.749,0.96459,20.453,-15.154,0,2.6101,5.9031,5.2846,18.302,-13.793,1.442,-2.631,-2.7938,8.9861,-0.25248,-20.011,-17.462,17.087,-1.081,-6.6735,-7.9822,-9.141,-14.764,-0.83051,2.266,-10.812,2.1385,3.13,7.298,-6.9284,7.1068,-13.389,-0.086975,-1.8927,6.8734,-0.8094,-1.1236,-6.3137,22.21,14.105,13.213,10.693,2.867,-0.18687,3.1623,-22.277,6.1478,-0.79799,5.451,-3.8302,-2.9131,-6.1826,-7.7839,-6.4678,8.3564,0.52331,2.0029,-2.7993,1.9238,2.6101,0,-8.2383,-3.0679,0.6168,-6.1571,-24.034,-13.417,3.285,6.6816,-10.209,-6.3783,-7.4526,16.895,11.76,4.8621,-14.012,15.737,-14.577,1.1571,1.0166,2.7581,-3.0068,-6.3774,-15.61,6.4432,-15.212,3.3296,-21.12,14.33,6.999,-4.2454,6.7812,-6.1556,-9.2521,-5.1801,-26.621,-14.267,12.142,5.0089,-5.5388,12.821,-9.3236,10.769,-10.146,10.458,-3.1766,-13.998,0.23227,8.1033,4.8652,-6.3266,-11.113,5.1862,-6.2812,5.9031,-8.2383,0,-11.266,0.65531,-4.0668,17.061,19.622,-11.528,7.9881,30.066,-4.1411,5.8553,0.31515,-22.361,-17.397,-2.121,-19.084,0.20354,-13.286,19.71,-2.5476,17.309,2.4448,10.043,10.152,1.2223,-9.4129,7.1352,1.2646,2.6172,6.9125,7.8151,6.7126,-3.4618,0.80289,1.2929,12.722,-1.0362,6.2349,-5.3234,-2.2502,12.262,1.0862,-1.4139,5.8867,6.0861,7.4068,-6.3183,-11.72,-5.5407,-7.7031,6.1868,3.0488,-9.0727,5.2846,-3.0679,-11.266,0,6.5336,5.9487,-4.7723,-13.543,8.7642,0.7262,-16.646,-7.9395,-5.9275,1.8236,3.4675,12.176,3.99,0.25132,4.5388,10.024,-17.543,-6.0735,-7.1947,10.603,1.2459,1.4371,-18.769,-5.9368,1.8147,10.337,13.118,-12.313,20.391,9.9439,1.8085,6.702,-5.69,-3.6941,9.8622,23.668,-22.983,-4.0167,25.33,16.701,-20.002,0.26116,-14.127,2.6366,-24.098,-8.5067,-9.8706,-21.231,16.474,29.328,-5.9178,18.302,0.6168,0.65531,6.5336,0,-18.676,1.7673,-7.7961,-11.576,-1.8299,-3.3835,-11.297,-23.479,9.6031,6.3994,-2.4812,-0.65355,-0.71027,-14.867,10.049,3.224,-26.378,-2.2541,1.4218,6.8461,5.963,16.625,1.9142,1.6675,-6.8946,-12.675,23.158,-12.178,-4.1737,-5.2179,-6.6909,3.6758,9.5977,-6.4402,-15.652,13.228,3.9172,-13.125,-12.54,15.218,3.1142,14.672,-0.33723,13.603,-1.7613,3.6726,12.791,-9.4109,-22.658,2.3925,-13.793,-6.1571,-4.0668,5.9487,-18.676,0,-2.6693,0.86884,14.332,0.99394,-3.2724,5.8307,17.986,-8.6344,-6.9904,12.499,2.3101,-0.11913,29.692,-5.675,-9.0156,9.5502,-2.5224,3.3799,-17.953,4.7446,-14.946,14.253,-4.9971,5.0244,-0.81096,-6.1395,4.5291,4.394,-20.387,-13.566,-20.192,-20.608,-0.30061,4.681,-6.6937,26.405,-6.267,4.6314,-11.591,4.8803,-1.0971,2.4367,5.9393,13.524,-4.3807,-3.9483,-3.5883,8.3492,-4.0807,1.442,-24.034,17.061,-4.7723,1.7673,-2.6693,0,22.866,-10.125,-3.4708,22.072,4.2136,5.1319,-12.506,-13.407,-17.844,11.886,-20.652,5.0554,-2.46,6.3403,-2.0959,10.258,5.5636,-24.078,0.37699,-6.4649,13.421,-10.795,3.3719,-3.7881,-4.2837,-2.0376,-5.3937,-12.073,-10.296,-13.666,-18.961,-0.80382,-3.7102,3.1332,18.939,-17.049,1.2312,-1.9,3.7495,3.9563,-2.9471,11.935,23.695,1.7342,2.5325,-13.709,-0.29506,-0.40393,-2.631,-13.417,19.622,-13.543,-7.7961,0.86884,22.866,0,-4.3075,-0.055653,31.564,7.7527,11.442,-11.079,-16.593,-18.918,4.8152,-18.081,5.8923,-11.975,7.9415,7.2327,11.508,0.39287,3.0347,-1.3397,15.518,-7.4936,0.6504,-3.2307,-6.3312,7.4149,-5.1904,-10.502,4.2777,5.1125,9.3895,11.152,-5.6468,-11.561,17.271,-6.3435,-2.0018,-5.7503,20.703,0.91765,27.084,2.8801,4.3682,1.1268,0.95782,5.1194,-8.1835,-12.139,-0.31049,-2.7938,3.285,-11.528,8.7642,-11.576,14.332,-10.125,-4.3075,0,2.3609,-11.559,2.1675,2.3579,0.41363,2.401,10.238,-4.094,1.3722,6.6791,-4.3407,-21.49,13.526,-9.1921,-0.66865,-2.1904,14.599,-1.9015,-16.167,-17.895,10.715,18.244,6.9289,8.8951,-11.663,-1.8321,0.52059,-8.1546,8.3606,10.877,6.574,-3.1147,0.32933,-2.6556,5.359,-2.7415,24.024,5.2528,-21.306,-4.2333,-1.9269,21.419,-8.5268,-14.071,-1.0095,-18.421,8.9861,6.6816,7.9881,0.7262,-1.8299,0.99394,-3.4708,-0.055653,2.3609,0,2.6531,-20.691,3.3307,12.115,-11.948,-3.1971,-8.6981,-6.1982,-1.6041,-7.4554,5.0186,3.1044,14.571,10.355,-19.76,2.4879,-10.706,11.18,-12.931,5.7815,1.2016,-4.7918,0.83746,-3.4917,-11.257,-10.025,-17.754,-18.807,3.525,0.97895,-2.2838,17.768,-13.949,3.8732,-7.3207,5.3632,-2.4406,-7.3827,7.0974,15.31,4.2668,-0.37007,-10.512,2.6943,-1.9156,-0.25248,-10.209,30.066,-16.646,-3.3835,-3.2724,22.072,31.564,-11.559,2.6531,0,3.0376,9.5337,-6.6278,-17.972,-22.09,3.1564,-15.746,2.264,-10.409,16.748,2.2428,17.204,1.3324,-2.1169,-14.409,8.8728,23.021,9.8526,-15.696,-32.296,-1.4572,-21.694,2.6722,-0.11188,-5.0198,8.5731,-7.9325,-16.235,-18.818,13.719,3.6108,-9.8017,-13.199,10.997,-17.77,1.9591,12.144,17.445,10.035,-7.599,21.562,1.0839,-9.092,21.261,-20.011,-6.3783,-4.1411,-7.9395,-11.297,5.8307,4.2136,7.7527,2.1675,-20.691,3.0376,0,7.6004,-19.348,4.2189,0.58633,7.7876,3.9082,7.8324,-0.72644,-3.5933,8.784,-7.3196,-10.365,-1.4538,6.5961,9.3772,9.801,-2.8847,-7.6486,-9.09,16.555,-13.834,-3.4814,-11.022,-17.123,-2.2405,1.5252,-6.937,-12.118,8.698,13.515,-32.548,-14.151,7.1144,5.0041,7.257,-4.9312,24.777,6.0769,11.516,14.941,-14.461,-18.188,1.786,-17.462,-7.4526,5.8553,-5.9275,-23.479,17.986,5.1319,11.442,2.3579,3.3307,9.5337,7.6004,0,-13.603,-15.069,-0.28989,5.9175,-3.5163,22.34,-7.7442,2.6725,12.972,9.7535,5.1269,4.1003,0.0020123,-4.1976,-27.262,-9.1296,14.02,17.001,-4.1821,11.767,-9.0025,14.838,21.14,0.0020405,5.9325,19.924,7.9327,-4.0477,-17.572,11.015,14.622,-2.3,3.9438,-3.9236,-12.888,-24.385,-10.568,3.4522,-12.525,0.69514,5.4706,-5.6319,17.087,16.895,0.31515,1.8236,9.6031,-8.6344,-12.506,-11.079,0.41363,12.115,-6.6278,-19.348,-13.603,0,3.6224,2.8462,-23.707,2.9954,-16.491,-3.7274,4.2953,-7.4907,-1.8135,-3.8163,9.7617,-15.457,5.7681,-1.8814,17.632,-9.2466,-3.6317,-6.5308,-3.3052,7.0795,16.34,11.055,21.552,4.3556,-6.5771,-0.92159,1.4696,-17.751,15.21,-3.4469,4.1212,-18.895,-5.5635,12.965,-6.157,-6.1962,-9.19,2.5501,19.068,2.3343,10.007,-1.081,11.76,-22.361,3.4675,6.3994,-6.9904,-13.407,-16.593,2.401,-11.948,-17.972,4.2189,-15.069,3.6224,0,8.4697,-1.0742,20.536,-10.885,13.344,-8.3388,-2.7522,-17.946,-9.6201,30.694,-0.54316,15.615,-6.165,10.392,-6.7291,-7.326,12.731,-7.2778,1.5541,8.3534,6.0665,14.757,17.947,-1.8027,-7.9006,6.312,-12.262,3.6147,-6.9723,11.711,-5.4215,1.9413,2.4931,-1.947,-19.498,-2.9554,6.9577,6.0831,-11.022,6.8534,-6.6735,4.8621,-17.397,12.176,-2.4812,12.499,-17.844,-18.918,10.238,-3.1971,-22.09,0.58633,-0.28989,2.8462,8.4697,0,-4.2023,14.599,6.2978,3.3817,-10.306,-2.3532,-15.884,-3.3099,-2.4927,5.296,-0.92667,15.881,12.304,-11.441,-5.8363,2.9364,-2.635,19.379,-18.97,-23.781,-1.9873,-2.7357,-17.943,2.669,-5.7608,17.509,-1.5986,-10.411,-6.1573,0.17691,0.2487,16.055,11.911,5.7954,-2.9634,3.2145,5.125,2.5243,-1.866,-7.9822,-14.012,-2.121,3.99,-0.65355,2.3101,11.886,4.8152,-4.094,-8.6981,3.1564,7.7876,5.9175,-23.707,-1.0742,-4.2023,0,-2.5198,9.3584,14.084,-5.2259,1.7539,4.518,12.126,19.927,-9.5523,14.31,-1.3557,15.903,-15.305,-5.1418,3.9048,-10.986,5.4145,15.562,5.9675,28.202,11.49,-6.597,-5.6017,4.0507,-16.111,5.2538,-11.167,7.8254,-14.808,-7.1157,4.3012,-1.1043,-11.466,0.44238,10.275,12.368,-7.0477,12.691,-9.141,15.737,-19.084,0.25132,-0.71027,-0.11913,-20.652,-18.081,1.3722,-6.1982,-15.746,3.9082,-3.5163,2.9954,20.536,14.599,-2.5198,0,-4.1965,9.5964,-2.998,-0.027483,-10.551,-7.7527,2.8973,8.6548,9.2483,8.4079,2.5064,-7.0718,-13.098,18.815,-10.34,1.0719,-13.565,-15.089,-1.4675,3.6845,-8.2309,-10.911,7.1935,12.477,-15.104,-12.191,7.3415,4.1506,10.363,2.0633,17.779,1.2653,1.8754,11.212,-7.6908,-14.444,1.2218,-14.764,-14.577,0.20354,4.5388,-14.867,29.692,5.0554,5.8923,6.6791,-1.6041,2.264,7.8324,22.34,-16.491,-10.885,6.2978,9.3584,-4.1965,0,-3.2737,-5.7615,6.865,1.5222,6.8731,8.1146,1.4872,-0.25501,1.9722,21.82,-10.204,1.5874,-0.070006,2.3644,27.162,-2.2104,-4.6725,6.6159,5.6752,-10.539,9.5088,-11.439,-0.63374,14.409,-5.8233,-7.8048,-4.0855,-7.0938,16.109,-2.487,-6.5241,-4.5462,-2.405,21.238,7.6899,-1.6487,-0.83051,1.1571,-13.286,10.024,10.049,-5.675,-2.46,-11.975,-4.3407,-7.4554,-10.409,-0.72644,-7.7442,-3.7274,13.344,3.3817,14.084,9.5964,-3.2737,0,-7.1231,-6.0435,-2.9531,7.5628,-4.9404,0.76673,-10.18,3.1537,-10.79,7.1343,6.9965,-4.3861,2.2623,-2.0477,-0.27564,-1.3316,-10.18,-9.5672,12.011,4.6271,-6.9219,3.6708,-5.5406,6.8048,-9.8009,2.0246,-15.655,-15.452,-2.8853,0.6748,6.3025,-2.2165,-2.2283,3.8686,0.90518,2.266,1.0166,19.71,-17.543,3.224,-9.0156,6.3403,7.9415,-21.49,5.0186,16.748,-3.5933,2.6725,4.2953,-8.3388,-10.306,-5.2259,-2.998,-5.7615,-7.1231,0,-6.2912,12.619,-3.1401,-5.9307,-3.0824,14.644,3.4354,-1.7591,-9.826,-7.6007,6.0024,-12.877,-9.9624,-0.87074,-5.0383,6.4405,3.122,-12.81,-14.482,18.64,2.8114,-14.658,-14.085,15.869,0.48827,17.549,0.35264,19.009,14.328,10.552,13.239,-15.452,-15.626,1.7685,-10.812,2.7581,-2.5476,-6.0735,-26.378,9.5502,-2.0959,7.2327,13.526,3.1044,2.2428,8.784,12.972,-7.4907,-2.7522,-2.3532,1.7539,-0.027483,6.865,-6.0435,-6.2912,0,3.3571,0.36953,-10.296,13.924,-7.4397,1.7512,-11.648,4.1781,11.093,3.3146,5.0569,-1.1912,-13.802,-13.928,-15.326,-2.7303,2.6866,8.1096,-8.1663,15.521,-8.7299,0.76136,-10.898,17.169,-1.0024,-11.091,4.6578,7.0007,17.708,-4.3487,-10.606,2.454,-13.382,2.1385,-3.0068,17.309,-7.1947,-2.2541,-2.5224,10.258,11.508,-9.1921,14.571,17.204,-7.3196,9.7535,-1.8135,-17.946,-15.884,4.518,-10.551,1.5222,-2.9531,12.619,3.3571,0,14.203,-1.1073,28.785,-3.6315,-2.5651,-0.83105,0.91505,9.3698,9.8706,8.5285,6.7481,-19.757,-15.516,-9.4267,6.9886,-2.7601,11.763,-11.498,13.198,0.49889,-2.0075,-10.061,21.249,4.6623,-0.12665,2.424,-0.74932,8.7148,-7.6503,-3.0852,3.6063,-22.946,3.13,-6.3774,2.4448,10.603,1.4218,3.3799,5.5636,0.39287,-0.66865,10.355,1.3324,-10.365,5.1269,-3.8163,-9.6201,-3.3099,12.126,-7.7527,6.8731,7.5628,-3.1401,0.36953,14.203,0
