0,3.7295,0.74789,-6.547,5.5566,-7.4677,6.1062,1.9799,-8.8902,8.119,-13.183,-13.668,-11.837,12.136,21.666,-5.703,2.714,8.16,-9.0148,16.915,-15.335,14.02,1.4735,-11.886,-22.429,-20.344,3.283,-5.7817,-3.1077,0.40762,10.135,22.546,-17.154,2.6422,14.121,10.057,19.409,-5.685,-11.009,13.487,-5.6109,-7.2102,13.774,-12.989,14.634,7.4675,20.107,-20.054,-6.2067,-6.6525,-3.5877,0.9887,-4.9734,8.2116,5.1256,3.7295,0,-3.56,-6.416,-12.178,14.808,-5.3452,-10.441,7.0307,-8.3483,-14.065,-10.233,-7.6469,0.71301,9.6309,-3.3549,-27.382,15.236,1.8261,0.25815,-0.62242,-5.3566,2.9514,-20.076,0.10521,-0.81657,14.572,6.8989,8.0825,9.7302,-11.971,7.2543,1.4477,20.203,-0.35968,-1.2011,-7.0261,4.8623,-0.66246,-6.8598,8.3183,-11.031,4.7815,-16.091,4.7957,-2.1522,-6.3999,0.053139,3.1135,6.0572,15.668,-7.8169,-3.4321,18.905,-12.303,0.74789,-3.56,0,-1.5732,3.0498,-13.028,-13.644,3.3834,-14.935,-10.877,4.5702,5.8121,-3.9475,21.69,4.869,7.8899,7.4983,-10.964,-8.9071,7.0739,0.75224,-1.5909,-7.7556,-6.3753,-11.893,1.9066,-3.7567,-9.5261,-1.804,-9.7479,1.9205,-1.1083,2.4686,-9.0781,20.611,-15.518,1.7292,3.7589,-3.8484,-2.8526,-7.2088,-8.1777,-3.3621,0.51085,2.6063,7.9812,1.3965,-7.6462,-17.09,-5.0867,-13.339,-6.3736,10.569,4.0407,12.633,-6.547,-6.416,-1.5732,0,0.28192,-4.4625,-0.00040735,-2.2493,-3.2821,8.6749,16.489,22.487,-7.4707,-7.5047,-12.746,17.694,5.2016,-9.0383,-0.31458,-1.7163,-9.5082,6.3031,-22.9,11.025,4.9723,14.98,-10.558,-14.729,-6.4851,-13.441,4.7175,-13.733,1.2868,1.7399,-8.9375,-9.8111,-9.8081,-6.1644,13.207,4.3592,18.185,22.351,-16.982,15.775,-28.864,2.4382,-6.2399,3.0264,-2.4216,12.872,-9.5575,0.83169,-9.4003,-15.684,9.5808,5.5566,-12.178,3.0498,0.28192,0,-9.1565,14.29,-4.6657,-6.2574,6.589,-0.89731,-1.2275,0.98699,1.7678,6.2978,1.1109,22.355,-1.1763,4.7191,17.439,-5.0469,6.9177,-3.8669,3.8887,-2.6217,-12.637,-13.616,-3.2953,-11.399,-11.131,30.834,7.1663,-19.671,-3.4123,4.8849,4.9881,12.727,-11.14,-5.093,10.242,-8.3841,3.7092,-2.6708,-2.2484,0.18474,-5.7949,21.057,-15.056,-2.1766,1.6695,-5.2593,9.4051,10.805,-0.70965,8.0234,-7.4677,14.808,-13.028,-4.4625,-9.1565,0,2.7535,-9.1827,32.76,-4.3286,-9.9575,-7.8983,7.2339,-11.532,-0.96179,-9.4028,-21.13,8.4536,8.9838,-7.7134,6.6501,-7.5442,8.3521,-1.5383,15.941,3.0072,13.959,22.247,2.8544,17.353,-13.27,1.5852,3.7533,16.477,-13.093,3.6033,-12.815,9.3908,8.4032,-6.4714,7.4027,-4.2006,-2.1061,-7.9574,-0.32233,-17.175,-10.411,8.4753,9.7884,9.3987,31.438,-6.2283,0.83203,8.2014,-18.321,6.1062,-5.3452,-13.644,-0.00040735,14.29,2.7535,0,-3.0371,6.8801,18.648,-7.8578,-8.4635,4.7284,-7.5028,3.5214,-9.7305,6.7066,4.0953,4.7247,7.5684,-7.3093,11.873,3.648,7.7895,3.3995,-12.347,-1.3659,4.994,-12.474,2.6792,14.567,10.319,-19.8,4.6932,-5.3303,19.839,8.5219,-5.7863,1.9643,16.678,-2.2639,5.1041,0.053039,-4.6026,1.4319,-12.2,14.331,-7.2714,3.9578,3.633,4.2292,6.1294,0.28437,-1.5044,0.39571,1.9799,-10.441,3.3834,-2.2493,-4.6657,-9.1827,-3.0371,0,-4.3853,5.1467,4.8543,1.3503,5.9289,7.2295,-5.2507,-6.0299,4.9278,-11.685,-17.368,-6.8592,1.1905,5.8148,6.1516,6.8825,-8.4965,1.2986,3.8491,-3.5429,-1.264,4.6281,-2.376,-2.8729,6.183,-18.303,5.8696,3.6792,6.9035,7.0785,-0.38894,4.9136,-10.199,-1.7907,5.9959,8.6405,7.1022,11.713,1.1959,3.2508,-7.3078,-22.436,-11.743,-3.0997,-4.9419,-9.0705,7.8609,-8.8902,7.0307,-14.935,-3.2821,-6.2574,32.76,6.8801,-4.3853,0,0.12521,-7.942,-6.8621,13.21,-13.044,-3.909,-12.876,-13.089,3.482,6.975,-8.8571,6.5034,-3.9259,9.7581,4.7232,17.854,3.0312,12.994,23.636,-1.6684,19.029,-9.8725,0.73453,2.7954,10.918,-14.777,6.612,-10.516,11.184,11.969,-2.2416,4.5623,-1.9945,-3.8889,-4.467,-0.60626,-20.79,-8.1721,8.916,8.1694,7.1005,21.716,-6.1385,1.431,3.5853,-12.975,8.119,-8.3483,-10.877,8.6749,6.589,-4.3286,18.648,5.1467,0.12521,0,-0.27861,-0.65579,-2.114,-4.3653,-1.3654,-3.4725,8.0789,-2.0987,-5.1048,4.2968,-16.636,24.801,-2.6986,10.65,-2.3507,-4.4766,-2.0572,-5.8988,-13.224,-0.80272,13.118,3.9838,-12.445,0.91264,-3.97,12.172,7.1776,-6.0608,5.2725,26.425,2.6043,10.639,-0.65543,3.4755,-2.2501,0.20037,9.8804,-5.3535,-1.8801,0.8208,-5.8051,3.3967,-11.559,-9.9214,8.4844,-13.183,-14.065,4.5702,16.489,-0.89731,-9.9575,-7.8578,4.8543,-7.942,-0.27861,0,36.281,0.23317,-4.9113,-22.225,18.573,8.644,-13.069,1.038,-9.1783,3.5037,-3.6484,-10.654,13.322,4.7448,16.666,-16.23,-11.68,2.2826,-14.552,0.21573,-30.103,11.367,-12.531,-5.5795,-12.394,-6.1645,-5.1907,3.8201,-5.0077,4.5425,17.479,-9.2343,36.861,-18.047,7.728,-8.5044,10.408,0.51109,0.72222,-13.427,5.8903,-2.9921,-23.675,6.4479,-13.668,-10.233,5.8121,22.487,-1.2275,-7.8983,-8.4635,1.3503,-6.8621,-0.65579,36.281,0,-2.556,-4.1885,-18.68,23.607,6.9423,-14.355,0.37348,-6.4508,0.48884,-2.2325,-17.165,11.054,5.1132,21.181,-14.285,-13.414,-0.53818,-16.267,0.34193,-27.342,9.8209,-7.002,-5.4332,-17.989,-10.38,-3.6677,7.855,-4.0462,8.997,16.44,-15.2,26,-24.153,5.6567,-10.355,7.9039,-2.28,5.6643,-12.79,1.888,-2.7272,-17.754,8.3923,-11.837,-7.6469,-3.9475,-7.4707,0.98699,7.2339,4.7284,5.9289,13.21,-2.114,0.23317,-2.556,0,-6.3607,-7.9959,-12.232,1.0761,-5.2354,4.8673,-10.228,17.269,-6.5984,14.723,12.364,11.629,0.70489,3.3191,17.744,-1.3093,10.448,-4.7459,-3.318,5.6193,-7.5008,-6.1763,6.6427,-0.95142,9.5491,3.6284,-3.4881,-10.349,-1.6864,-1.2976,3.2317,2.8629,-11.973,-2.4883,9.3984,5.4643,-5.3968,6.4551,0.11994,10.462,-3.2935,-5.9702,12.136,0.71301,21.69,-7.5047,1.7678,-11.532,-7.5028,7.2295,-13.044,-4.3653,-4.9113,-4.1885,-6.3607,0,14.436,-1.1706,4.2382,-5.2031,-18.108,11.568,-5.1084,5.5645,-1.8648,-12.089,-27.213,-6.0923,4.1563,-7.5475,-3.5256,-1.9112,2.8254,9.2224,-3.3396,-5.4783,45.279,-4.3335,8.895,5.5638,-6.5969,4.1629,-10.514,-16.327,4.704,-7.1641,13.388,10.173,7.861,-14.789,-21.72,-10.629,-10.642,-9.3111,4.9211,9.4734,12.275,21.666,9.6309,4.869,-12.746,6.2978,-0.96179,3.5214,-5.2507,-3.909,-1.3654,-22.225,-18.68,-7.9959,14.436,0,-6.9614,-1.0546,9.6977,-4.0494,21.595,-7.949,5.6241,2.3922,-20.784,-14.718,-20.087,6.3585,0.88837,-2.9441,2.3711,6.3033,31.672,-15.802,7.3352,16.753,5.2778,11.409,-0.46172,-9.8097,6.1387,-6.667,-16.985,8.8385,-29.234,16.887,-0.43638,14.975,-23.282,-6.65,-2.0561,2.9143,-3.6188,4.9999,23.772,1.2199,-5.703,-3.3549,7.8899,17.694,1.1109,-9.4028,-9.7305,-6.0299,-12.876,-3.4725,18.573,23.607,-12.232,-1.1706,-6.9614,0,5.3822,-4.6106,3.0164,0.77057,-3.0659,-3.1027,-23.706,0.82942,0.70265,11.531,-17.728,-17.987,2.8127,-26.356,3.1888,-14.018,4.2372,-1.737,-1.3223,-20.295,-7.0254,-10.571,0.83999,-5.3289,10.844,12.418,-9.8657,11.657,-18.95,7.8848,-5.8861,1.5357,-1.3872,8.6481,-10.562,4.7239,-2.5483,-7.9402,6.4032,2.714,-27.382,7.4983,5.2016,22.355,-21.13,6.7066,4.9278,-13.089,8.0789,8.644,6.9423,1.0761,4.2382,-1.0546,5.3822,0,-10.6,-2.1364,9.286,-4.6525,8.5322,-6.8208,9.6955,-5.5997,-4.7214,-18.06,-11.038,-10.671,-15.903,23.348,-0.82773,-8.9068,-14.086,6.3217,0.54323,11.896,-9.2545,-3.2927,10.23,-9.0925,7.6835,-3.8441,7.8265,-2.5388,2.749,14.128,-9.0419,-6.5511,-3.9522,-18.1,8.353,5.7932,-9.9723,16.879,8.16,15.236,-10.964,-9.0383,-1.1763,8.4536,4.0953,-11.685,3.482,-2.0987,-13.069,-14.355,-5.2354,-5.2031,9.6977,-4.6106,-10.6,0,11.118,2.4813,0.5449,-5.1605,8.1998,-12.836,1.0594,-11.743,3.0827,7.7441,11.75,5.3435,-1.7176,10.181,-5.488,11.678,-3.252,9.7523,4.1567,-8.4611,-11.829,-4.3331,1.8737,-3.2741,14.094,-13.823,6.3117,-2.3572,3.601,-1.1207,15.186,2.2299,16.276,8.4725,-3.4052,10.522,-18.514,-9.0148,1.8261,-8.9071,-0.31458,4.7191,8.9838,4.7247,-17.368,6.975,-5.1048,1.038,0.37348,4.8673,-18.108,-4.0494,3.0164,-2.1364,11.118,0,-3.1298,9.9084,-13.858,2.5806,2.1824,18.521,-0.84163,-8.3233,9.5616,7.5328,-2.335,0.046087,-3.6868,-0.024931,5.1463,-14.178,1.8025,-4.2009,-9.5595,-3.1351,-10.483,3.4301,7.2426,-1.7252,-0.33731,-7.413,-12.278,-2.6284,6.7674,23.435,10.064,13.665,13.999,5.8772,-0.069864,-16.202,16.915,0.25815,7.0739,-1.7163,17.439,-7.7134,7.5684,-6.8592,-8.8571,4.2968,-9.1783,-6.4508,-10.228,11.568,21.595,0.77057,9.286,2.4813,-3.1298,0,-14.871,11.696,-7.213,-8.7404,-12.825,-14.82,-3.503,-6.8818,-11.325,-7.951,19.823,17.554,-26.26,4.7033,14.245,1.6921,11.241,-6.4262,-5.3203,12.687,-3.851,-4.9827,-0.028626,-12.616,5.3472,-1.0877,20.507,-45.103,-10.263,2.9792,-4.6954,-0.30358,5.8636,9.9214,10.299,-15.335,-0.62242,0.75224,-9.5082,-5.0469,6.6501,-7.3093,1.1905,6.5034,-16.636,3.5037,0.48884,17.269,-5.1084,-7.949,-3.0659,-4.6525,0.5449,9.9084,-14.871,0,-27.194,12.629,2.3593,10.971,4.0339,0.57041,14.364,13.115,5.885,-13.066,-8.3427,15.73,-7.5504,-4.8321,-1.5653,-4.511,5.5692,-3.7904,-21.905,-7.2561,-3.3751,2.4842,3.3612,1.5941,-4.4095,-9.385,15.893,10.802,-5.443,8.3108,3.2965,10.255,-0.12208,-13.938,14.02,-5.3566,-1.5909,6.3031,6.9177,-7.5442,11.873,5.8148,-3.9259,24.801,-3.6484,-2.2325,-6.5984,5.5645,5.6241,-3.1027,8.5322,-5.1605,-13.858,11.696,-27.194,0,-6.2185,3.4051,-10.759,-5.7461,1.2557,-9.886,-19.858,-1.7858,14.348,8.9816,-15.685,1.7433,5.2901,6.6374,8.2558,-1.5493,5.1473,43.588,0.73709,2.4455,-1.6031,-1.3938,1.8219,2.6617,12.629,-14.37,-12.686,-0.22811,-10.016,-4.0076,-7.6976,-2.8429,17.146,1.4735,2.9514,-7.7556,-22.9,-3.8669,8.3521,3.648,6.1516,9.7581,-2.6986,-10.654,-17.165,14.723,-1.8648,2.3922,-23.706,-6.8208,8.1998,2.5806,-7.213,12.629,-6.2185,0,-1.327,2.0156,-9.4092,10.955,20.868,7.6767,21.076,-7.8448,6.6667,2.5566,-3.0886,-1.0616,16.857,6.8132,6.108,-7.5235,-3.9387,-13.2,-9.7546,16.455,-6.7607,17.073,-3.9836,2.0817,5.5309,9.3678,-13.188,12.328,2.2451,2.8561,4.9986,-14.614,-11.886,-20.076,-6.3753,11.025,3.8887,-1.5383,7.7895,6.8825,4.7232,10.65,13.322,11.054,12.364,-12.089,-20.784,0.82942,9.6955,-12.836,2.1824,-8.7404,2.3593,3.4051,-1.327,0,11.237,7.8885,-7.3409,-0.18063,-7.7949,-2.1997,3.7746,-12.392,2.8396,-8.3323,-12.425,2.3808,-2.8979,-0.46527,11.015,4.7776,0.8175,16.894,-9.9788,19.21,-11.434,-4.7564,-2.48,8.7663,2.7133,1.1552,-5.0105,4.352,-1.2598,-23.981,4.4812,-22.429,0.10521,-11.893,4.9723,-2.6217,15.941,3.3995,-8.4965,17.854,-2.3507,4.7448,5.1132,11.629,-27.213,-14.718,0.70265,-5.5997,1.0594,18.521,-12.825,10.971,-10.759,2.0156,11.237,0,9.85,-1.7849,12.083,2.3348,3.3304,-6.6352,-11.094,7.106,5.1005,-28.326,-0.67927,-15.274,1.197,10.153,-8.7337,8.3832,9.3775,-9.871,5.9039,-13.157,-16.356,-12.688,16.436,15.324,12.171,12.876,3.207,2.4992,-5.3786,-12.296,-20.344,-0.81657,1.9066,14.98,-12.637,3.0072,-12.347,1.2986,3.0312,-4.4766,16.666,21.181,0.70489,-6.0923,-20.087,11.531,-4.7214,-11.743,-0.84163,-14.82,4.0339,-5.7461,-9.4092,7.8885,9.85,0,-1.0378,-3.8577,1.7503,-2.8507,-11.427,-26.087,19.365,-0.61845,-9.4899,-17.923,-25.528,6.4756,15.878,-8.37,13.952,8.0906,-15.293,16.067,-18.27,1.6362,-27.727,15.65,-1.1768,7.2857,-3.0868,-6.8345,-4.4336,-9.8415,1.5644,3.283,14.572,-3.7567,-10.558,-13.616,13.959,-1.3659,3.8491,12.994,-2.0572,-16.23,-14.285,3.3191,4.1563,6.3585,-17.728,-18.06,3.0827,-8.3233,-3.503,0.57041,1.2557,10.955,-7.3409,-1.7849,-1.0378,0,11.667,-0.18313,28.434,-13.558,8.7686,2.7275,8.4141,1.8991,5.0383,-3.5286,20.861,5.1068,0.62385,-0.22879,-17.016,4.9717,-12.019,12.273,-3.447,-4.4238,0.99907,-3.4561,-3.1532,10.552,-18.103,-2.4192,12.436,-5.7169,-5.7817,6.8989,-9.5261,-14.729,-3.2953,22.247,4.994,-3.5429,23.636,-5.8988,-11.68,-13.414,17.744,-7.5475,0.88837,-17.987,-11.038,7.7441,9.5616,-6.8818,14.364,-9.886,20.868,-0.18063,12.083,-3.8577,11.667,0,3.8146,20.658,-9.6979,4.5517,2.5222,5.1866,-7.2034,9.6557,-2.9077,9.3208,0.82205,-6.7251,-4.7394,-8.2802,3.7369,-8.8906,7.2615,-17.436,-3.3024,6.9027,10.964,-0.21727,26.126,-1.7205,7.9622,8.4079,-19.391,-3.1077,8.0825,-1.804,-6.4851,-11.399,2.8544,-12.474,-1.264,-1.6684,-13.224,2.2826,-0.53818,-1.3093,-3.5256,-2.9441,2.8127,-10.671,11.75,7.5328,-11.325,13.115,-19.858,7.6767,-7.7949,2.3348,1.7503,-0.18313,3.8146,0,2.2889,-13.534,-5.641,13.195,-2.1307,-3.1244,-1.7509,-1.7391,-3.743,-12.388,-22.282,0.21534,-1.3995,12.371,1.0338,2.0338,7.541,-8.3522,12.5,14.399,-5.2805,6.6054,7.9169,-3.4921,1.2563,-17.244,0.40762,9.7302,-9.7479,-13.441,-11.131,17.353,2.6792,4.6281,19.029,-0.80272,-14.552,-16.267,10.448,-1.9112,2.3711,-26.356,-15.903,5.3435,-2.335,-7.951,5.885,-1.7858,21.076,-2.1997,3.3304,-2.8507,28.434,20.658,2.2889,0,-13.49,6.9307,3.5189,5.286,-3.2129,11.433,-1.5916,15.907,3.0672,-1.0064,-3.1663,-11.837,7.6512,-9.0437,12.309,-6.7336,-3.7106,5.5771,3.6839,-5.168,15.483,-8.7174,-1.4276,7.8595,-11.644,10.135,-11.971,1.9205,4.7175,30.834,-13.27,14.567,-2.376,-9.8725,13.118,0.21573,0.34193,-4.7459,2.8254,6.3033,3.1888,23.348,-1.7176,0.046087,19.823,-13.066,14.348,-7.8448,3.7746,-6.6352,-11.427,-13.558,-9.6979,-13.534,-13.49,0,7.314,-23.727,-2.3935,5.4533,5.0407,13.977,-14.085,-3.7951,17.13,-4.3264,6.556,-2.1322,-0.60223,-1.1198,-0.71542,23.243,-18.095,-4.849,1.7865,-9.856,8.5804,2.8905,-3.3095,12.959,22.546,7.2543,-1.1083,-13.733,7.1663,1.5852,10.319,-2.8729,0.73453,3.9838,-30.103,-27.342,-3.318,9.2224,31.672,-14.018,-0.82773,10.181,-3.6868,17.554,-8.3427,8.9816,6.6667,-12.392,-11.094,-26.087,8.7686,4.5517,-5.641,6.9307,7.314,0,-19.812,7.5937,11.086,13.172,13.825,0.36448,-7.3004,10.706,-7.8826,-14.184,10.109,-28.187,19.288,-3.7199,18.269,-19.933,-4.1732,-3.0246,5.2247,-2.6727,3.2245,18.006,-0.073985,-17.154,1.4477,2.4686,1.2868,-19.671,3.7533,-19.8,6.183,2.7954,-12.445,11.367,9.8209,5.6193,-3.3396,-15.802,4.2372,-8.9068,-5.488,-0.024931,-26.26,15.73,-15.685,2.5566,2.8396,7.106,19.365,2.7275,2.5222,13.195,3.5189,-23.727,-19.812,0,-6.3461,-5.7339,-10.676,-13.536,8.6578,3.5906,-19.256,3.1794,0.61355,-1.6438,11.534,-4.9301,5.1483,-25.915,24.914,3.7494,-3.5008,0.77801,-3.5756,-2.1507,-5.7599,-6.1874,2.6422,20.203,-9.0781,1.7399,-3.4123,16.477,4.6932,-18.303,10.918,0.91264,-12.531,-7.002,-7.5008,-5.4783,7.3352,-1.737,-14.086,11.678,5.1463,4.7033,-7.5504,1.7433,-3.0886,-8.3323,5.1005,-0.61845,8.4141,5.1866,-2.1307,5.286,-2.3935,7.5937,-6.3461,0,-6.1712,0.8191,-8.6997,0.96612,6.8241,1.3804,15.342,-2.2271,-3.6853,-13.293,-2.5407,-10.257,-3.0042,-3.3515,2.9051,18.874,14.785,-6.136,-3.648,11.869,-7.044,14.121,-0.35968,20.611,-8.9375,4.8849,-13.093,-5.3303,5.8696,-14.777,-3.97,-5.5795,-5.4332,-6.1763,45.279,16.753,-1.3223,6.3217,-3.252,-14.178,14.245,-4.8321,5.2901,-1.0616,-12.425,-28.326,-9.4899,1.8991,-7.2034,-3.1244,-3.2129,5.4533,11.086,-5.7339,-6.1712,0,-2.4433,12.458,2.5705,-9.9025,4.5072,-13.092,-15.407,6.3294,-8.1886,14.689,9.4548,11.412,-17.418,-17.812,-11.233,-10.246,-5.6381,6.4168,9.7768,11.337,10.057,-1.2011,-15.518,-9.8111,4.9881,3.6033,19.839,3.6792,6.612,12.172,-12.394,-17.989,6.6427,-4.3335,5.2778,-20.295,0.54323,9.7523,1.8025,1.6921,-1.5653,6.6374,16.857,2.3808,-0.67927,-17.923,5.0383,9.6557,-1.7509,11.433,5.0407,13.172,-10.676,0.8191,-2.4433,0,14.344,-2.8662,-5.6389,9.6303,-8.3865,-1.3953,13.481,-7.1232,11.862,-4.7902,12.976,-2.8798,7.5875,-7.0409,7.1951,6.9396,-2.9172,1.0118,-6.0729,19.409,-7.0261,1.7292,-9.8081,12.727,-12.815,8.5219,6.9035,-10.516,7.1776,-6.1645,-10.38,-0.95142,8.895,11.409,-7.0254,11.896,4.1567,-4.2009,11.241,-4.511,8.2558,6.8132,-2.8979,-15.274,-25.528,-3.5286,-2.9077,-1.7391,-1.5916,13.977,13.825,-13.536,-8.6997,12.458,14.344,0,-8.3598,-17.911,10.167,-18.528,-3.7659,16.002,-5.3621,15.375,6.1152,29.773,-13.036,-1.8979,-15.166,-6.0905,9.3611,1.4929,1.3329,4.4891,-5.685,4.8623,3.7589,-6.1644,-11.14,9.3908,-5.7863,7.0785,11.184,-6.0608,-5.1907,-3.6677,9.5491,5.5638,-0.46172,-10.571,-9.2545,-8.4611,-9.5595,-6.4262,5.5692,-1.5493,6.108,-0.46527,1.197,6.4756,20.861,9.3208,-3.743,15.907,-14.085,0.36448,8.6578,0.96612,2.5705,-2.8662,-8.3598,0,10.903,-2.0509,-2.2694,-13.833,-3.72,-3.322,5.9598,-4.7114,-9.0172,3.9064,-8.5727,-3.0837,4.0714,-25.969,4.4327,6.4011,-0.018201,-11.009,-0.66246,-3.8484,13.207,-5.093,8.4032,1.9643,-0.38894,11.969,5.2725,3.8201,7.855,3.6284,-6.5969,-9.8097,0.83999,-3.2927,-11.829,-3.1351,-5.3203,-3.7904,5.1473,-7.5235,11.015,10.153,15.878,5.1068,0.82205,-12.388,3.0672,-3.7951,-7.3004,3.5906,6.8241,-9.9025,-5.6389,-17.911,10.903,0,4.3526,13.034,5.382,-21.709,5.8523,-12.323,-8.7726,-11.143,5.0403,-5.2609,12.416,0.65445,-13.477,-2.8297,-5.0518,4.7791,13.487,-6.8598,-2.8526,4.3592,10.242,-6.4714,16.678,4.9136,-2.2416,26.425,-5.0077,-4.0462,-3.4881,4.1629,6.1387,-5.3289,10.23,-4.3331,-10.483,12.687,-21.905,43.588,-3.9387,4.7776,-8.7337,-8.37,0.62385,-6.7251,-22.282,-1.0064,17.13,10.706,-19.256,1.3804,4.5072,9.6303,10.167,-2.0509,4.3526,0,-1.5315,2.3444,-1.3238,-2.4257,2.7867,-0.39138,15.85,-15.187,-10.389,-0.35598,-7.929,-2.2532,-4.7732,-2.453,14.933,-5.6109,8.3183,-7.2088,18.185,-8.3841,7.4027,-2.2639,-10.199,4.5623,2.6043,4.5425,8.997,-10.349,-10.514,-6.667,10.844,-9.0925,1.8737,3.4301,-3.851,-7.2561,0.73709,-13.2,0.8175,8.3832,13.952,-0.22879,-4.7394,0.21534,-3.1663,-4.3264,-7.8826,3.1794,15.342,-13.092,-8.3865,-18.528,-2.2694,13.034,-1.5315,0,10.443,-10.914,3.9218,-18.456,-1.3585,-12.927,5.5949,2.8717,21.257,3.1442,-3.268,-12.261,-3.219,-1.7752,-7.2102,-11.031,-8.1777,22.351,3.7092,-4.2006,5.1041,-1.7907,-1.9945,10.639,17.479,16.44,-1.6864,-16.327,-16.985,12.418,7.6835,-3.2741,7.2426,-4.9827,-3.3751,2.4455,-9.7546,16.894,9.3775,8.0906,-17.016,-8.2802,-1.3995,-11.837,6.556,-14.184,0.61355,-2.2271,-15.407,-1.3953,-3.7659,-13.833,5.382,2.3444,10.443,0,-8.1617,19.085,-22.717,0.86918,-2.7348,7.0276,7.477,7.9212,-5.6366,12.472,-8.6934,-24.511,2.5366,13.774,4.7815,-3.3621,-16.982,-2.6708,-2.1061,0.053039,5.9959,-3.8889,-0.65543,-9.2343,-15.2,-1.2976,4.704,8.8385,-9.8657,-3.8441,14.094,-1.7252,-0.028626,2.4842,-1.6031,16.455,-9.9788,-9.871,-15.293,4.9717,3.7369,12.371,7.6512,-2.1322,10.109,-1.6438,-3.6853,6.3294,13.481,16.002,-3.72,-21.709,-1.3238,-10.914,-8.1617,0,-7.7552,19.799,8.7643,8.0248,-1.3997,6.0375,-17.314,3.4086,7.0936,-4.3669,5.3345,-8.1964,-12.989,-16.091,0.51085,15.775,-2.2484,-7.9574,-4.6026,8.6405,-4.467,3.4755,36.861,26,3.2317,-7.1641,-29.234,11.657,7.8265,-13.823,-0.33731,-12.616,3.3612,-1.3938,-6.7607,19.21,5.9039,16.067,-12.019,-8.8906,1.0338,-9.0437,-0.60223,-28.187,11.534,-13.293,-8.1886,-7.1232,-5.3621,-3.322,5.8523,-2.4257,3.9218,19.085,-7.7552,0,-15.777,6.7568,-8.347,13.004,1.5097,-1.1219,-12.038,5.4586,-5.6395,-34.529,5.7161,14.634,4.7957,2.6063,-28.864,0.18474,-0.32233,1.4319,7.1022,-0.60626,-2.2501,-18.047,-24.153,2.8629,13.388,16.887,-18.95,-2.5388,6.3117,-7.413,5.3472,1.5941,1.8219,17.073,-11.434,-13.157,-18.27,12.273,7.2615,2.0338,12.309,-1.1198,19.288,-4.9301,-2.5407,14.689,11.862,15.375,5.9598,-12.323,2.7867,-18.456,-22.717,19.799,-15.777,0,2.3696,10.935,-8.0884,-3.4108,-17.202,3.3645,-3.1404,4.0692,13.651,-2.6044,7.4675,-2.1522,7.9812,2.4382,-5.7949,-17.175,-12.2,11.713,-20.79,0.20037,7.728,5.6567,-11.973,10.173,-0.43638,7.8848,2.749,-2.3572,-12.278,-1.0877,-4.4095,2.6617,-3.9836,-4.7564,-16.356,1.6362,-3.447,-17.436,7.541,-6.7336,-0.71542,-3.7199,5.1483,-10.257,9.4548,-4.7902,6.1152,-4.7114,-8.7726,-0.39138,-1.3585,0.86918,8.7643,6.7568,2.3696,0,0.56585,-0.36632,-5.5761,-12.011,-15.875,2.2491,-11.162,-5.5337,7.146,20.107,-6.3999,1.3965,-6.2399,21.057,-10.411,14.331,1.1959,-8.1721,9.8804,-8.5044,-10.355,-2.4883,7.861,14.975,-5.8861,14.128,3.601,-2.6284,20.507,-9.385,12.629,2.0817,-2.48,-12.688,-27.727,-4.4238,-3.3024,-8.3522,-3.7106,23.243,18.269,-25.915,-3.0042,11.412,12.976,29.773,-9.0172,-11.143,15.85,-12.927,-2.7348,8.0248,-8.347,10.935,0.56585,0,-21.971,-4.1498,-6.2547,-5.049,7.0301,3.8435,3.4627,7.1844,-20.054,0.053139,-7.6462,3.0264,-15.056,8.4753,-7.2714,3.2508,8.916,-5.3535,10.408,7.9039,9.3984,-14.789,-23.282,1.5357,-9.0419,-1.1207,6.7674,-45.103,15.893,-14.37,5.5309,8.7663,16.436,15.65,0.99907,6.9027,12.5,5.5771,-18.095,-19.933,24.914,-3.3515,-17.418,-2.8798,-13.036,3.9064,5.0403,-15.187,5.5949,7.0276,-1.3997,13.004,-8.0884,-0.36632,-21.971,0,13.182,-0.16478,5.8943,2.3487,-4.8471,-10.06,-12.045,-6.2067,3.1135,-17.09,-2.4216,-2.1766,9.7884,3.9578,-7.3078,8.1694,-1.8801,0.51109,-2.28,5.4643,-21.72,-6.65,-1.3872,-6.5511,15.186,23.435,-10.263,10.802,-12.686,9.3678,2.7133,15.324,-1.1768,-3.4561,10.964,14.399,3.6839,-4.849,-4.1732,3.7494,2.9051,-17.812,7.5875,-1.8979,-8.5727,-5.2609,-10.389,2.8717,7.477,6.0375,1.5097,-3.4108,-5.5761,-4.1498,13.182,0,2.7796,14.836,16.154,-2.5167,-3.1454,-24.849,-6.6525,6.0572,-5.0867,12.872,1.6695,9.3987,3.633,-22.436,7.1005,0.8208,0.72222,5.6643,-5.3968,-10.629,-2.0561,8.6481,-3.9522,2.2299,10.064,2.9792,-5.443,-0.22811,-13.188,1.1552,12.171,7.2857,-3.1532,-0.21727,-5.2805,-5.168,1.7865,-3.0246,-3.5008,18.874,-11.233,-7.0409,-15.166,-3.0837,12.416,-0.35598,21.257,7.9212,-17.314,-1.1219,-17.202,-12.011,-6.2547,-0.16478,2.7796,0,6.5088,-2.0493,-0.13463,1.4723,-1.6612,-3.5877,15.668,-13.339,-9.5575,-5.2593,31.438,4.2292,-11.743,21.716,-5.8051,-13.427,-12.79,6.4551,-10.642,2.9143,-10.562,-18.1,16.276,13.665,-4.6954,8.3108,-10.016,12.328,-5.0105,12.876,-3.0868,10.552,26.126,6.6054,15.483,-9.856,5.2247,0.77801,14.785,-10.246,7.1951,-6.0905,4.0714,0.65445,-7.929,3.1442,-5.6366,3.4086,-12.038,3.3645,-15.875,-5.049,5.8943,14.836,6.5088,0,-0.52571,2.7979,11.253,-27.207,0.9887,-7.8169,-6.3736,0.83169,9.4051,-6.2283,6.1294,-3.0997,-6.1385,3.3967,5.8903,1.888,0.11994,-9.3111,-3.6188,4.7239,8.353,8.4725,13.999,-0.30358,3.2965,-4.0076,2.2451,4.352,3.207,-6.8345,-18.103,-1.7205,7.9169,-8.7174,8.5804,-2.6727,-3.5756,-6.136,-5.6381,6.9396,9.3611,-25.969,-13.477,-2.2532,-3.268,12.472,7.0936,5.4586,-3.1404,2.2491,7.0301,2.3487,16.154,-2.0493,-0.52571,0,-1.2666,-8.6567,-5.4732,-4.9734,-3.4321,10.569,-9.4003,10.805,0.83203,0.28437,-4.9419,1.431,-11.559,-2.9921,-2.7272,10.462,4.9211,4.9999,-2.5483,5.7932,-3.4052,5.8772,5.8636,10.255,-7.6976,2.8561,-1.2598,2.4992,-4.4336,-2.4192,7.9622,-3.4921,-1.4276,2.8905,3.2245,-2.1507,-3.648,6.4168,-2.9172,1.4929,4.4327,-2.8297,-4.7732,-12.261,-8.6934,-4.3669,-5.6395,4.0692,-11.162,3.8435,-4.8471,-2.5167,-0.13463,2.7979,-1.2666,0,8.2636,-0.10109,8.2116,18.905,4.0407,-15.684,-0.70965,8.2014,-1.5044,-9.0705,3.5853,-9.9214,-23.675,-17.754,-3.2935,9.4734,23.772,-7.9402,-9.9723,10.522,-0.069864,9.9214,-0.12208,-2.8429,4.9986,-23.981,-5.3786,-9.8415,12.436,8.4079,1.2563,7.8595,-3.3095,18.006,-5.7599,11.869,9.7768,1.0118,1.3329,6.4011,-5.0518,-2.453,-3.219,-24.511,5.3345,-34.529,13.651,-5.5337,3.4627,-10.06,-3.1454,1.4723,11.253,-8.6567,8.2636,0,-5.7882,5.1256,-12.303,12.633,9.5808,8.0234,-18.321,0.39571,7.8609,-12.975,8.4844,6.4479,8.3923,-5.9702,12.275,1.2199,6.4032,16.879,-18.514,-16.202,10.299,-13.938,17.146,-14.614,4.4812,-12.296,1.5644,-5.7169,-19.391,-17.244,-11.644,12.959,-0.073985,-6.1874,-7.044,11.337,-6.0729,4.4891,-0.018201,4.7791,14.933,-1.7752,2.5366,-8.1964,5.7161,-2.6044,7.146,7.1844,-12.045,-24.849,-1.6612,-27.207,-5.4732,-0.10109,-5.7882,0
