0,-2.5817,8.6429,-7.8462,-3.372,-0.5347,3.8269,13.367,4.7885,5.8174,3.0807,-6.4745,-4.7586,10.916,-0.61205,5.9843,-9.713,-6.3344,12.126,-11.036,0.13204,-2.3191,12.356,-9.558,-4.3226,-21.272,-8.4982,-1.9447,13.884,-4.1992,-7.403,-8.0545,10.102,4.1896,-7.362,15.053,-6.3376,6.4111,-4.0663,5.3158,-3.6139,8.3446,10.508,-16.626,-2.8272,-12.949,-2.0809,-1.3021,14.049,-7.0235,11.087,-4.2792,2.3652,-11.148,1.9046,-2.5817,0,-3.5138,-4.5732,-20.694,14.551,-18.962,5.7756,-1.9889,2.0823,-20.831,-3.8171,-22.291,3.1899,-21.886,-7.1107,5.3137,27.774,0.29366,14.713,-20.172,18.513,-0.60271,9.1498,11.142,3.577,28.363,3.5127,-3.4584,13.587,5.5455,-1.1023,-8.9972,10.999,17.853,-11.52,-2.7747,10.403,-12.77,0.3792,-0.70018,12.17,-4.8874,13.43,-10.139,-15.069,-10.079,-24.901,-16.258,15.83,-2.3093,5.9634,1.6722,0.55117,21.693,8.6429,-3.5138,0,-12.042,10.564,-2.586,12.43,-2.0842,2.9683,-2.8692,2.9371,-8.9429,5.6288,19.918,-5.278,3.4079,8.9559,-11.578,-10.122,-11.688,11.544,-2.1198,-5.3713,-13.765,-9.1709,-21.86,-8.1023,-8.0712,-4.3587,-0.5837,1.8386,-8.7821,-1.7995,-5.564,-2.7031,0.064828,-13.687,5.3091,-17.018,-16.815,4.4397,-1.3787,14.734,-5.8754,-6.7909,-0.93046,6.9869,0.12873,13.716,1.0122,39.674,11.617,10.985,-3.6864,4.5551,-7.8462,-4.5732,-12.042,0,2.9726,-4.5032,-1.0286,4.1992,-7.5475,8.4255,3.3013,35.402,6.8989,-15.628,18.677,-4.6834,-5.9761,-3.1209,7.1398,3.9478,-3.9749,-3.1165,0.42835,9.4614,3.3438,15.44,0.60438,8.4315,4.6928,-10.658,1.3421,4.362,6.0892,-5.4134,1.2166,0.75532,-1.9592,-2.7606,11.279,12.462,-14.582,-4.0387,-18.325,3.509,2.219,12.494,-7.4672,10.952,-6.5109,-15.029,-11.82,0.28121,-1.457,-1.4254,-19.111,-3.372,-20.694,10.564,2.9726,0,-15.311,26.558,-12.162,3.1596,-2.0963,16.23,3.6324,31.071,-1.0344,11.487,1.2599,3.2887,-24.176,-10.78,-13.094,28.809,-14.516,-9.4041,-11.48,-8.7758,-3.9286,-14.328,-2.7722,-4.8147,-11.819,0.25182,-3.341,2.1609,-17.892,-10.422,2.8317,-2.3306,-3.9346,2.5174,-9.7607,3.3052,-12.791,2.6636,-6.0838,6.7399,21.348,15.279,19.516,13.396,-8.6005,7.9986,5.3792,1.2337,4.5916,-13.626,-0.5347,14.551,-2.586,-4.5032,-15.311,0,-22.839,2.9615,-6.6755,-10.45,-39.289,-8.5076,-9.1519,9.568,-10.951,-4.4678,9.4926,14.648,-1.4128,22.847,-17.206,40.895,-3.5325,17.197,-5.4868,0.81507,9.9153,-12.653,-8.8313,23.575,15.699,13.531,-17.396,25.86,25.722,-16.18,-2.4324,-3.2598,-7.1419,-0.55403,5.0823,9.9666,5.2991,16.984,-15.16,-8.3682,-12.051,-11.856,-15.553,12.436,0.43267,4.7148,5.2664,-11.202,15.175,3.8269,-18.962,12.43,-1.0286,26.558,-22.839,0,-7.4781,10.251,3.8773,24.754,1.0856,16.826,-0.86402,8.8664,1.9785,-3.5359,-24.275,-4.5297,-25.483,32.127,-21.675,-3.4175,-25.021,-4.5652,-10.02,-14.711,1.6996,1.7606,-17.941,-6.1477,-12.143,8.1534,-17.296,-19.583,11.276,-1.1852,2.4432,1.6829,-5.8427,2.2368,-6.8563,3.0522,-15.415,10.841,10.463,19.341,15.946,26.537,-10.6,10.08,1.7318,-2.6403,6.5405,-11.223,13.367,5.7756,-2.0842,4.1992,-12.162,2.9615,-7.4781,0,-7.8912,11.972,-3.0953,6.3552,-12.269,3.4986,0.16273,5.1378,-8.5145,1.8797,20.846,-0.561,-14.276,2.6223,18.989,4.2861,5.8028,-1.5091,0.79367,6.4638,19.317,-1.9235,-6.8299,-3.1843,11.898,3.259,1.5246,7.2499,-10.942,6.8523,-3.0172,13.307,-21.905,5.7633,-2.4317,-4.9609,-10.235,-13.855,-21.159,-7.2437,-1.7901,-7.1238,-0.88952,-3.4615,7.3205,-13.997,0.60929,4.7885,-1.9889,2.9683,-7.5475,3.1596,-6.6755,10.251,-7.8912,0,5.6575,6.6811,-7.7242,1.5219,-3.8836,-2.0384,-10.056,-8.7134,-1.0261,0.032957,-7.2414,8.6861,-5.5148,-4.5286,-16.651,1.2932,-10.007,1.68,3.5123,-0.19528,-7.8536,-1.6623,-13.363,0.44211,1.3459,-8.7465,7.6775,8.7391,10.102,0.69136,0.94481,10.882,10.782,-0.43217,-6.9963,16.743,-0.52014,19.19,5.0437,11.675,-0.50792,4.4873,-0.21712,-19.954,12.7,1.3074,5.8174,2.0823,-2.8692,8.4255,-2.0963,-10.45,3.8773,11.972,5.6575,0,7.2977,12.734,-4.409,-8.9275,3.9706,-5.0958,-16.704,-1.0163,14.782,-6.7623,-3.1346,-7.3252,7.8403,-5.6189,14.981,0.047221,4.2117,25.12,16.687,-17.582,-9.12,-18.121,16.024,-5.8692,-6.1085,12.334,-4.2747,19.279,0.42802,13.803,-16.108,6.7617,-15.574,-7.8924,4.7809,-3.3718,-2.6099,1.685,3.7483,-12.131,-2.4846,-0.22647,-5.6781,3.7097,-5.8458,3.0807,-20.831,2.9371,3.3013,16.23,-39.289,24.754,-3.0953,6.6811,7.2977,0,6.144,10.983,-7.7111,13.681,6.9129,-10.763,-18.665,2.4134,-26.322,19.937,-54.843,4.8961,-17.942,1.3959,-2.8543,-15.493,8.1256,9.6752,-22.416,-16.291,-10.113,18.339,-20.513,-35.156,19.892,3.7116,-0.17107,9.7486,1.0949,-3.4509,-10.535,-1.4853,-21.719,15.986,8.5,12.704,14.565,19.851,-14.398,0.32145,-7.6031,-5.2691,7.8396,-17.21,-6.4745,-3.8171,-8.9429,35.402,3.6324,-8.5076,1.0856,6.3552,-7.7242,12.734,6.144,0,4.9568,-14.641,15.539,-2.0163,-6.441,-4.0912,7.4103,0.047537,-2.7992,-6.4202,2.9603,5.703,7.525,13.89,0.36097,13.673,7.7509,-13.219,-2.9422,-0.47264,10.249,-10.465,-1.3264,3.0396,-4.2557,0.77681,8.1246,10.65,-20.631,-5.9154,-20.178,0.50617,1.7733,9.7804,-7.2035,8.2741,-4.3344,-15.282,-10.175,0.3624,0.43245,0.3084,-17.89,-4.7586,-22.291,5.6288,6.8989,31.071,-9.1519,16.826,-12.269,1.5219,-4.409,10.983,4.9568,0,-2.6622,16.679,-1.6817,2.7185,-20.698,-8.5961,-6.5323,18.761,-9.1439,-11.435,-4.9966,-13.741,-1.3479,-13.435,-6.2136,-6.5066,-10.098,5.0087,2.73,-0.57423,-10.12,-6.2058,0.56538,-0.87157,-8.329,6.3319,-5.5489,4.0501,-10,1.9,-2.2215,6.2883,30.397,11.161,28.104,8.6395,-10.501,4.9437,5.0099,-0.23496,1.1109,-17.027,10.916,3.1899,19.918,-15.628,-1.0344,9.568,-0.86402,3.4986,-3.8836,-8.9275,-7.7111,-14.641,-2.6622,0,-10.892,6.3326,11.832,-2.4542,-5.9412,-1.6846,0.087467,8.1446,-0.8502,-2.3099,-11.281,-17.002,-4.4641,-15.773,-4.3898,10.717,4.7698,0.48582,-6.1783,5.1346,5.2917,-4.5436,-13.189,0.63136,-18.702,-12.117,4.2985,2.1238,23.11,-0.44125,-17.905,-9.1802,-2.92,-8.4299,3.9245,6.8051,21.617,7.3425,17.071,-13.536,12.7,-0.61205,-21.886,-5.278,18.677,11.487,-10.951,8.8664,0.16273,-2.0384,3.9706,13.681,15.539,16.679,-10.892,0,1.5523,-9.8849,-15.739,6.6132,-5.919,6.8783,-12.324,2.2123,-0.23816,-5.4295,4.4864,-13.316,2.1151,6.9037,-17.196,-3.1653,3.6743,10.861,-7.9616,-9.7772,9.568,1.5132,-8.4379,18.893,9.3448,-7.3,-7.8957,-5.0412,-6.9384,8.5219,16.741,1.1931,26.752,5.7308,-26.591,-5.3163,-5.4373,-3.3353,-2.5467,-45.115,5.9843,-7.1107,3.4079,-4.6834,1.2599,-4.4678,1.9785,5.1378,-10.056,-5.0958,6.9129,-2.0163,-1.6817,6.3326,1.5523,0,0.32675,-6.6624,1.9121,-9.7183,3.9974,-8.3363,15.248,-2.9172,-1.5764,-1.8175,-15.16,-2.3449,8.4654,2.1942,-15.316,2.484,10.03,-6.8872,-9.4719,7.6383,-0.83468,-9.2922,2.4546,-3.5344,-4.8142,-15.404,10.807,-11.511,-3.461,-4.4303,-2.8929,-3.4596,5.8709,-0.89488,0.25123,-12.6,10.837,-5.856,-1.6606,-9.713,5.3137,8.9559,-5.9761,3.2887,9.4926,-3.5359,-8.5145,-8.7134,-16.704,-10.763,-6.441,2.7185,11.832,-9.8849,0.32675,0,2.5383,-25.022,7.6363,0.79004,10.403,-14.079,5.6891,-6.7327,0.67846,2.937,-12.888,-22.846,15.891,13.578,7.5215,-19.53,0.22009,13.551,-24.656,-6.7901,-4.973,-12.994,-23.945,8.05,-5.9162,7.4983,14.593,-13.445,3.0009,-0.38671,-6.3658,-7.3982,14.984,7.4577,14.1,13.977,-1.9984,9.7917,-6.3344,27.774,-11.578,-3.1209,-24.176,14.648,-24.275,1.8797,-1.0261,-1.0163,-18.665,-4.0912,-20.698,-2.4542,-15.739,-6.6624,2.5383,0,1.3368,19.651,-19.915,16.34,0.16944,12.405,11.2,8.9325,27.025,3.1865,-3.8884,15.171,4.3869,3.929,-9.6411,14.021,14.763,-10.633,6.0306,3.697,-3.4577,3.2696,2.4447,10.026,-6.2428,14.555,-3.6884,-11.576,-7.8688,-18.95,-20.58,17.166,-10.018,-0.67782,-4.1599,3.5932,16.52,12.126,0.29366,-10.122,7.1398,-10.78,-1.4128,-4.5297,20.846,0.032957,14.782,2.4134,7.4103,-8.5961,-5.9412,6.6132,1.9121,-25.022,1.3368,0,-1.8205,-9.9515,-2.4802,20.96,1.9181,6.4387,0.76285,-0.55381,9.7965,27.422,-7.8129,-10.241,-2.7785,16.657,4.5028,-4.8578,15.465,0.69752,4.1918,8.0249,32.129,-14.839,7.6581,-6.2125,-8.9365,2.237,-8.6655,-10.572,0.060827,0.97385,-12.361,-7.761,-12.198,-4.8521,-6.51,-5.4439,-11.036,14.713,-11.688,3.9478,-13.094,22.847,-25.483,-0.561,-7.2414,-6.7623,-26.322,0.047537,-6.5323,-1.6846,-5.919,-9.7183,7.6363,19.651,-1.8205,0,-18.76,25.331,-6.5095,28.186,0.59845,12.236,17.015,-4.5675,-10.383,15.675,16.425,15.456,-17.029,16.059,28.268,-20.561,2.1449,-4.042,-0.90933,2.5834,2.7466,6.6081,-5.1603,30.932,-7.7159,-1.2918,-11.094,-7.6,-32.517,10.505,-8.8299,4.3881,-0.05457,-3.1308,7.9295,0.13204,-20.172,11.544,-3.9749,28.809,-17.206,32.127,-14.276,8.6861,-3.1346,19.937,-2.7992,18.761,0.087467,6.8783,3.9974,0.79004,-19.915,-9.9515,-18.76,0,-18.236,-5.9165,-19.954,-7.3987,-7.9724,-15.835,-2.7819,-3.0925,-9.9774,-4.3335,-6.1317,3.3167,-14.973,-17.049,6.7938,2.7589,-3.1506,2.9118,-10.831,7.9125,-10.719,6.6366,-11.327,11.249,12.369,25.252,14.27,20.609,-4.9471,8.6046,0.26926,-2.401,7.9647,-8.6549,-2.3191,18.513,-2.1198,-3.1165,-14.516,40.895,-21.675,2.6223,-5.5148,-7.3252,-54.843,-6.4202,-9.1439,8.1446,-12.324,-8.3363,10.403,16.34,-2.4802,25.331,-18.236,0,-6.121,16.844,-3.0987,1.5653,14.372,-9.3922,-10.304,20.14,18.817,10.052,-19.314,22.011,34.806,-19.45,-4.1659,0.2869,-9.7251,-0.92145,4.2088,11.869,2.0087,21.248,-15.434,-7.4307,-11.629,-12.131,-17.656,12.734,0.91967,8.7238,4.7463,-8.5981,15.91,12.356,-0.60271,-5.3713,0.42835,-9.4041,-3.5325,-3.4175,18.989,-4.5286,7.8403,4.8961,2.9603,-11.435,-0.8502,2.2123,15.248,-14.079,0.16944,20.96,-6.5095,-5.9165,-6.121,0,-0.85058,7.4867,-0.092407,-5.1405,7.9719,29.186,-2.9335,-21.83,-2.6897,20.324,-0.51379,-8.8075,16.365,0.77707,0.47655,5.4116,12.263,-13.793,-1.1312,0.28692,-13.711,-0.31945,-12.871,-9.421,-5.494,3.0591,-6.0257,-6.1759,-19.052,1.6001,-5.8121,-1.9559,-9.558,9.1498,-13.765,9.4614,-11.48,17.197,-25.021,4.2861,-16.651,-5.6189,-17.942,5.703,-4.9966,-2.3099,-0.23816,-2.9172,5.6891,12.405,1.9181,28.186,-19.954,16.844,-0.85058,0,0.21445,16.371,9.3286,-3.4666,-4.4907,11.938,10.397,20.454,-8.5917,10.49,20.359,-14.342,-0.59433,-8.2477,2.4669,5.3968,-4.1312,0.87084,-5.5247,19.985,-10.314,0.061484,-19.165,-5.5353,-30.653,4.4055,-11.754,0.90857,4.6008,-8.1261,2.1404,-4.3226,11.142,-9.1709,3.3438,-8.7758,-5.4868,-4.5652,5.8028,1.2932,14.981,1.3959,7.525,-13.741,-11.281,-5.4295,-1.5764,-6.7327,11.2,6.4387,0.59845,-7.3987,-3.0987,7.4867,0.21445,0,9.7462,13.301,29.206,8.2248,-2.8728,-10.52,-10.172,7.2428,-4.7048,-1.2385,2.9609,3.3114,12.034,-0.069214,6.4947,-9.4953,1.7474,-17.637,-0.057229,3.9467,-7.0639,-3.3857,-9.4036,-6.0409,2.6877,-11.502,-3.8596,-5.4848,11.953,2.7443,-21.272,3.577,-21.86,15.44,-3.9286,0.81507,-10.02,-1.5091,-10.007,0.047221,-2.8543,13.89,-1.3479,-17.002,4.4864,-1.8175,0.67846,8.9325,0.76285,12.236,-7.9724,1.5653,-0.092407,16.371,9.7462,0,8.3072,7.7274,-1.543,2.116,0.72302,9.8469,-1.2474,-2.0588,5.7625,-6.9544,6.9578,-6.9222,10.383,5.5938,-5.878,-6.9861,-16.837,11.379,2.1515,6.6663,-6.9359,-0.56787,-18.906,1.4996,-26.97,-3.8704,-2.7028,5.5059,-5.1711,-8.4982,28.363,-8.1023,0.60438,-14.328,9.9153,-14.711,0.79367,1.68,4.2117,-15.493,0.36097,-13.435,-4.4641,-13.316,-15.16,2.937,27.025,-0.55381,17.015,-15.835,14.372,-5.1405,9.3286,13.301,8.3072,0,6.9144,-5.6104,7.841,7.6961,-1.2501,-9.9018,8.7348,16.101,-12.061,1.5059,10.381,-6.6549,2.6107,0.62918,12.322,-12.371,16.884,-2.9821,-6.501,-5.5039,-12.664,-18.148,12.025,-6.5576,6.8104,-4.9026,6.4656,12.509,-1.9447,3.5127,-8.0712,8.4315,-2.7722,-12.653,1.6996,6.4638,3.5123,25.12,8.1256,13.673,-6.2136,-15.773,2.1151,-2.3449,-12.888,3.1865,9.7965,-4.5675,-2.7819,-9.3922,7.9719,-3.4666,29.206,7.7274,6.9144,0,12.984,-12.296,-12.979,-13.892,14.102,-9.3114,-6.6373,8.9526,2.0109,12.792,3.6522,10.289,-13.531,0.72985,-21.839,-5.0298,8.1257,-1.9984,-1.0525,-1.1098,-0.51328,-5.7472,-10.004,-4.0923,-7.5503,11.365,-4.935,13.884,-3.4584,-4.3587,4.6928,-4.8147,-8.8313,1.7606,19.317,-0.19528,16.687,9.6752,7.7509,-6.5066,-4.3898,6.9037,8.4654,-22.846,-3.8884,27.422,-10.383,-3.0925,-10.304,29.186,-4.4907,8.2248,-1.543,-5.6104,12.984,0,-11.704,-21.232,-8.0267,32.629,-3.6336,-12.381,24.683,-1.0591,5.0792,6.408,17.03,-17.886,1.043,-4.0392,-17.932,3.2988,-7.9785,-6.3565,0.39838,6.8682,-13.96,-4.5533,-13.673,-1.6776,-3.8194,-7.2208,-4.1992,13.587,-0.5837,-10.658,-11.819,23.575,-17.941,-1.9235,-7.8536,-17.582,-22.416,-13.219,-10.098,10.717,-17.196,2.1942,15.891,15.171,-7.8129,15.675,-9.9774,20.14,-2.9335,11.938,-2.8728,2.116,7.841,-12.296,-11.704,0,8.7797,12.588,-17.925,13.606,16.734,-17.678,1.0579,-6.2024,-7.9459,-8.3475,8.7356,1.7416,8.6728,14.364,-12.827,-8.7616,-6.6861,-17.834,-13.704,25.585,-0.17372,1.7378,7.2287,-4.7322,20.746,-7.403,5.5455,1.8386,1.3421,0.25182,15.699,-6.1477,-6.8299,-1.6623,-9.12,-16.291,-2.9422,5.0087,4.7698,-3.1653,-15.316,13.578,4.3869,-10.241,16.425,-4.3335,18.817,-21.83,10.397,-10.52,0.72302,7.6961,-12.979,-21.232,8.7797,0,9.7279,-25.564,10.475,21.188,-22.078,-4.5203,-2.1841,-6.5223,-5.3027,8.7142,6.7097,1.1163,21.716,-7.9756,5.9403,-1.7768,1.1537,-9.8536,5.9413,4.7419,17.874,2.4063,-4.58,4.9564,-8.0545,-1.1023,-8.7821,4.362,-3.341,13.531,-12.143,-3.1843,-13.363,-18.121,-10.113,-0.47264,2.73,0.48582,3.6743,2.484,7.5215,3.929,-2.7785,15.456,-6.1317,10.052,-2.6897,20.454,-10.172,9.8469,-1.2501,-13.892,-8.0267,12.588,9.7279,0,-10.01,9.1743,10.197,-11.066,4.2832,-25.199,7.386,0.15244,3.847,-4.9337,3.892,11.983,-5.5119,5.0102,-7.699,0.69865,-12.686,3.8519,-7.7493,-3.2149,3.993,-8.7848,-0.95791,10.102,-8.9972,-1.7995,6.0892,2.1609,-17.396,8.1534,11.898,0.44211,16.024,18.339,10.249,-0.57423,-6.1783,10.861,10.03,-19.53,-9.6411,16.657,-17.029,3.3167,-19.314,20.324,-8.5917,7.2428,-1.2474,-9.9018,14.102,32.629,-17.925,-25.564,-10.01,0,-11.149,-19.497,28.928,-0.95828,3.6698,7.9253,11.321,-16.707,-4.4647,-4.3423,-23.122,6.4888,-2.0083,-1.4185,4.9535,11.097,-17.703,-3.3407,-12.148,-1.4486,-0.39635,-12.548,4.1896,10.999,-5.564,-5.4134,-17.892,25.86,-17.296,3.259,1.3459,-5.8692,-20.513,-10.465,-10.12,5.1346,-7.9616,-6.8872,0.22009,14.021,4.5028,16.059,-14.973,22.011,-0.51379,10.49,-4.7048,-2.0588,8.7348,-9.3114,-3.6336,13.606,10.475,9.1743,-11.149,0,13.333,-6.5211,3.3378,-1.1507,-1.907,5.7038,6.9088,18.147,4.3917,8.9591,-5.5363,-10.381,-7.3654,-7.7923,-8.9699,7.8657,-1.2015,-0.69908,-3.2974,-8.1908,12.053,-7.362,17.853,-2.7031,1.2166,-10.422,25.722,-19.583,1.5246,-8.7465,-6.1085,-35.156,-1.3264,-6.2058,5.2917,-9.7772,-9.4719,13.551,14.763,-4.8578,28.268,-17.049,34.806,-8.8075,20.359,-1.2385,5.7625,16.101,-6.6373,-12.381,16.734,21.188,10.197,-19.497,13.333,0,-26.786,-6.2343,0.19667,-9.7066,-2.1863,1.551,7.4037,-1.9194,30.791,-16.426,-3.0062,-12.449,-10.153,-23.151,11.32,-0.55722,12.489,6.6258,-6.6042,11.711,15.053,-11.52,0.064828,0.75532,2.8317,-16.18,11.276,7.2499,7.6775,12.334,19.892,3.0396,0.56538,-4.5436,9.568,7.6383,-24.656,-10.633,15.465,-20.561,6.7938,-19.45,16.365,-14.342,2.9609,-6.9544,-12.061,8.9526,24.683,-17.678,-22.078,-11.066,28.928,-6.5211,-26.786,0,3.1122,3.5664,8.8326,10.499,-7.1294,-0.43169,0.094511,-34.91,11.337,-2.8004,4.1768,7.0739,18.385,-15.819,-0.33697,-14.127,-6.5159,0.80886,-10.256,-6.3376,-2.7747,-13.687,-1.9592,-2.3306,-2.4324,-1.1852,-10.942,8.7391,-4.2747,3.7116,-4.2557,-0.87157,-13.189,1.5132,-0.83468,-6.7901,6.0306,0.69752,2.1449,2.7589,-4.1659,0.77707,-0.59433,3.3114,6.9578,1.5059,2.0109,-1.0591,1.0579,-4.5203,4.2832,-0.95828,3.3378,-6.2343,3.1122,0,-7.3295,16.449,3.8794,10.425,-0.74848,-2.5426,-0.81066,19.779,2.1595,9.3846,2.4592,-0.98686,4.2528,-14.167,-15.377,-20.73,13.31,-1.3604,6.4111,10.403,5.3091,-2.7606,-3.9346,-3.2598,2.4432,6.8523,10.102,19.279,-0.17107,0.77681,-8.329,0.63136,-8.4379,-9.2922,-4.973,3.697,4.1918,-4.042,-3.1506,0.2869,0.47655,-8.2477,12.034,-6.9222,10.381,12.792,5.0792,-6.2024,-2.1841,-25.199,3.6698,-1.1507,0.19667,3.5664,-7.3295,0,-12.432,2.5538,-4.8987,13.578,-7.1982,-2.6829,-0.41492,-9.0015,0.59988,-5.834,3.103,-0.30195,6.2813,8.244,-3.0156,5.0213,6.3328,-4.0663,-12.77,-17.018,11.279,2.5174,-7.1419,1.6829,-3.0172,0.69136,0.42802,9.7486,8.1246,6.3319,-18.702,18.893,2.4546,-12.994,-3.4577,8.0249,-0.90933,2.9118,-9.7251,5.4116,2.4669,-0.069214,10.383,-6.6549,3.6522,6.408,-7.9459,-6.5223,7.386,7.9253,-1.907,-9.7066,8.8326,16.449,-12.432,0,12.249,-1.5503,-6.1101,-6.0384,-4.7488,16.236,9.3864,2.4619,13.014,0.75245,-10.107,-17.463,-17.719,-12.172,3.5848,-17.506,5.3158,0.3792,-16.815,12.462,-9.7607,-0.55403,-5.8427,13.307,0.94481,13.803,1.0949,10.65,-5.5489,-12.117,9.3448,-3.5344,-23.945,3.2696,32.129,2.5834,-10.831,-0.92145,12.263,5.3968,6.4947,5.5938,2.6107,10.289,17.03,-8.3475,-5.3027,0.15244,11.321,5.7038,-2.1863,10.499,3.8794,2.5538,12.249,0,-12.036,8.4703,-11.62,-3.6989,5.1637,-3.3599,-9.2085,3.2217,-2.7657,-12.454,-12.714,-10.168,-9.3892,-3.49,-7.9346,-3.6139,-0.70018,4.4397,-14.582,3.3052,5.0823,2.2368,-21.905,10.882,-16.108,-3.4509,-20.631,4.0501,4.2985,-7.3,-4.8142,8.05,2.4447,-14.839,2.7466,7.9125,4.2088,-13.793,-4.1312,-9.4953,-5.878,0.62918,-13.531,-17.886,8.7356,8.7142,3.847,-16.707,6.9088,1.551,-7.1294,10.425,-4.8987,-1.5503,-12.036,0,2.6277,10.527,4.4315,5.3406,2.4568,15.693,0.6771,2.2895,12.814,5.2949,2.2133,-6.7781,6.6587,8.2409,8.3446,12.17,-1.3787,-4.0387,-12.791,9.9666,-6.8563,5.7633,10.782,6.7617,-10.535,-5.9154,-10,2.1238,-7.8957,-15.404,-5.9162,10.026,7.6581,6.6081,-10.719,11.869,-1.1312,0.87084,1.7474,-6.9861,12.322,0.72985,1.043,1.7416,6.7097,-4.9337,-4.4647,18.147,7.4037,-0.43169,-0.74848,13.578,-6.1101,8.4703,2.6277,0,-2.0402,3.2835,-1.2457,-11.173,-2.8764,-5.1854,-2.2571,2.1805,3.0658,4.2874,-7.9034,-2.26,9.6648,10.508,-4.8874,14.734,-18.325,2.6636,5.2991,3.0522,-2.4317,-0.43217,-15.574,-1.4853,-20.178,1.9,23.11,-5.0412,10.807,7.4983,-6.2428,-6.2125,-5.1603,6.6366,2.0087,0.28692,-5.5247,-17.637,-16.837,-12.371,-21.839,-4.0392,8.6728,1.1163,3.892,-4.3423,4.3917,-1.9194,0.094511,-2.5426,-7.1982,-6.0384,-11.62,10.527,-2.0402,0,-5.2121,-6.324,-4.7682,3.5985,-2.2955,9.0304,5.0986,15.087,-0.96152,8.6931,-9.5018,6.9516,-16.626,13.43,-5.8754,3.509,-6.0838,16.984,-15.415,-4.9609,-6.9963,-7.8924,-21.719,0.50617,-2.2215,-0.44125,-6.9384,-11.511,14.593,14.555,-8.9365,30.932,-11.327,21.248,-13.711,19.985,-0.057229,11.379,16.884,-5.0298,-17.932,14.364,21.716,11.983,-23.122,8.9591,30.791,-34.91,-0.81066,-2.6829,-4.7488,-3.6989,4.4315,3.2835,-5.2121,0,-8.5412,2.7884,-6.6805,-6.0956,-26.484,12.279,-4.5971,11.199,2.3781,-0.20136,7.8324,-2.8272,-10.139,-6.7909,2.219,6.7399,-15.16,10.841,-10.235,16.743,4.7809,15.986,1.7733,6.2883,-17.905,8.5219,-3.461,-13.445,-3.6884,2.237,-7.7159,11.249,-15.434,-0.31945,-10.314,3.9467,2.1515,-2.9821,8.1257,3.2988,-12.827,-7.9756,-5.5119,6.4888,-5.5363,-16.426,11.337,19.779,-0.41492,16.236,5.1637,5.3406,-1.2457,-6.324,-8.5412,0,7.7694,17.523,12.166,8.4649,-5.7189,-7.498,-9.8717,-26.297,17.975,-10.003,-12.949,-15.069,-0.93046,12.494,21.348,-8.3682,10.463,-13.855,-0.52014,-3.3718,8.5,9.7804,30.397,-9.1802,16.741,-4.4303,3.0009,-11.576,-8.6655,-1.2918,12.369,-7.4307,-12.871,0.061484,-7.0639,6.6663,-6.501,-1.9984,-7.9785,-8.7616,5.9403,5.0102,-2.0083,-10.381,-3.0062,-2.8004,2.1595,-9.0015,9.3864,-3.3599,2.4568,-11.173,-4.7682,2.7884,7.7694,0,8.5807,23.117,1.6999,-8.1738,-2.0001,4.5209,-2.6092,4.9709,-18.032,-2.0809,-10.079,6.9869,-7.4672,15.279,-12.051,19.341,-21.159,19.19,-2.6099,12.704,-7.2035,11.161,-2.92,1.1931,-2.8929,-0.38671,-7.8688,-10.572,-11.094,25.252,-11.629,-9.421,-19.165,-3.3857,-6.9359,-5.5039,-1.0525,-6.3565,-6.6861,-1.7768,-7.699,-1.4185,-7.3654,-12.449,4.1768,9.3846,0.59988,2.4619,-9.2085,15.693,-2.8764,3.5985,-6.6805,17.523,8.5807,0,9.7121,14.337,0.77511,5.6459,0.40905,-10.963,16.309,-2.7317,-1.3021,-24.901,0.12873,10.952,19.516,-11.856,15.946,-7.2437,5.0437,1.685,14.565,8.2741,28.104,-8.4299,26.752,-3.4596,-6.3658,-18.95,0.060827,-7.6,14.27,-12.131,-5.494,-5.5353,-9.4036,-0.56787,-12.664,-1.1098,0.39838,-17.834,1.1537,0.69865,4.9535,-7.7923,-10.153,7.0739,2.4592,-5.834,13.014,3.2217,0.6771,-5.1854,-2.2955,-6.0956,12.166,23.117,9.7121,0,10.097,-18.922,0.53128,-0.19817,-6.5198,1.5574,-26.216,14.049,-16.258,13.716,-6.5109,13.396,-15.553,26.537,-1.7901,11.675,3.7483,19.851,-4.3344,8.6395,3.9245,5.7308,5.8709,-7.3982,-20.58,0.97385,-32.517,20.609,-17.656,3.0591,-30.653,-6.0409,-18.906,-18.148,-0.51328,6.8682,-13.704,-9.8536,-12.686,11.097,-8.9699,-23.151,18.385,-0.98686,3.103,0.75245,-2.7657,2.2895,-2.2571,9.0304,-26.484,8.4649,1.6999,14.337,10.097,0,-9.9874,12.69,-2.9908,-2.2152,1.3736,-6.5514,-7.0235,15.83,1.0122,-15.029,-8.6005,12.436,-10.6,-7.1238,-0.50792,-12.131,-14.398,-15.282,-10.501,6.8051,-26.591,-0.89488,14.984,17.166,-12.361,10.505,-4.9471,12.734,-6.0257,4.4055,2.6877,1.4996,12.025,-5.7472,-13.96,25.585,5.9413,3.8519,-17.703,7.8657,11.32,-15.819,4.2528,-0.30195,-10.107,-12.454,12.814,2.1805,5.0986,12.279,-5.7189,-8.1738,0.77511,-18.922,-9.9874,0,0.36854,3.2547,1.9043,4.9363,26.174,11.087,-2.3093,39.674,-11.82,7.9986,0.43267,10.08,-0.88952,4.4873,-2.4846,0.32145,-10.175,4.9437,21.617,-5.3163,0.25123,7.4577,-10.018,-7.761,-8.8299,8.6046,0.91967,-6.1759,-11.754,-11.502,-26.97,-6.5576,-10.004,-4.5533,-0.17372,4.7419,-7.7493,-3.3407,-1.2015,-0.55722,-0.33697,-14.167,6.2813,-17.463,-12.714,5.2949,3.0658,15.087,-4.5971,-7.498,-2.0001,5.6459,0.53128,12.69,0.36854,0,12.979,9.1265,-6.0712,5.4203,-4.2792,5.9634,11.617,0.28121,5.3792,4.7148,1.7318,-3.4615,-0.21712,-0.22647,-7.6031,0.3624,5.0099,7.3425,-5.4373,-12.6,14.1,-0.67782,-12.198,4.3881,0.26926,8.7238,-19.052,0.90857,-3.8596,-3.8704,6.8104,-4.0923,-13.673,1.7378,17.874,-3.2149,-12.148,-0.69908,12.489,-14.127,-15.377,8.244,-17.719,-10.168,2.2133,4.2874,-0.96152,11.199,-9.8717,4.5209,0.40905,-0.19817,-2.9908,3.2547,12.979,0,7.3132,-1.2944,4.7802,2.3652,1.6722,10.985,-1.457,1.2337,5.2664,-2.6403,7.3205,-19.954,-5.6781,-5.2691,0.43245,-0.23496,17.071,-3.3353,10.837,13.977,-4.1599,-4.8521,-0.05457,-2.401,4.7463,1.6001,4.6008,-5.4848,-2.7028,-4.9026,-7.5503,-1.6776,7.2287,2.4063,3.993,-1.4486,-3.2974,6.6258,-6.5159,-20.73,-3.0156,-12.172,-9.3892,-6.7781,-7.9034,8.6931,2.3781,-26.297,-2.6092,-10.963,-6.5198,-2.2152,1.9043,9.1265,7.3132,0,-14.997,3.5931,-11.148,0.55117,-3.6864,-1.4254,4.5916,-11.202,6.5405,-13.997,12.7,3.7097,7.8396,0.3084,1.1109,-13.536,-2.5467,-5.856,-1.9984,3.5932,-6.51,-3.1308,7.9647,-8.5981,-5.8121,-8.1261,11.953,5.5059,6.4656,11.365,-3.8194,-4.7322,-4.58,-8.7848,-0.39635,-8.1908,-6.6042,0.80886,13.31,5.0213,3.5848,-3.49,6.6587,-2.26,-9.5018,-0.20136,17.975,4.9709,16.309,1.5574,1.3736,4.9363,-6.0712,-1.2944,-14.997,0,-0.3378,1.9046,21.693,4.5551,-19.111,-13.626,15.175,-11.223,0.60929,1.3074,-5.8458,-17.21,-17.89,-17.027,12.7,-45.115,-1.6606,9.7917,16.52,-5.4439,7.9295,-8.6549,15.91,-1.9559,2.1404,2.7443,-5.1711,12.509,-4.935,-7.2208,20.746,4.9564,-0.95791,-12.548,12.053,11.711,-10.256,-1.3604,6.3328,-17.506,-7.9346,8.2409,9.6648,6.9516,7.8324,-10.003,-18.032,-2.7317,-26.216,-6.5514,26.174,5.4203,4.7802,3.5931,-0.3378,0
