0,-3.8128,-0.72444,10.832,-3.2998,7.859,-4.8099,11.229,15.695,-3.5657,-3.9036,1.9196,0.59924,18.84,9.5703,-10.394,-8.4334,-1.0079,8.3399,0.20701,2.489,4.1268,-5.3606,6.6247,0.89758,10.327,10.705,13.109,-13.01,-7.0293,-9.4334,-8.1523,11.325,-2.5572,-4.2256,-2.7558,4.1088,-6.7435,17.828,-4.7447,8.246,-3.2685,-2.4539,2.1254,10.515,-7.0062,1.4896,4.2551,3.6681,-1.8008,-1.5159,-2.8906,7.3095,2.5485,-10.013,-3.8128,0,2.3108,11.924,-11.857,11.041,-11.859,-13.047,-2.497,-0.85198,-19.016,-9.5784,-19.977,3.8743,0.035194,-2.148,-13.865,13.417,2.4134,-4.26,-16.035,16.197,-5.9817,1.2262,19.34,-2.9812,12.417,7.0857,-6.3493,-0.1563,-4.4097,2.4162,0.48084,12.192,18.146,0.26249,12.036,6.2615,-0.47955,5.6365,8.1621,10.662,-1.1287,8.6545,9.2737,-12.921,36.263,-7.774,-19.947,5.3825,-9.5681,8.4714,-7.0294,2.6009,-3.4368,-0.72444,2.3108,0,12.187,-7.1031,2.3229,-8.8406,-17.482,9.4619,-17.335,-3.5451,-18.906,-11.667,5.5505,-17.71,-11.807,9.5617,-2.6127,-13.521,18.528,2.1241,7.7753,-2.3293,-26.497,-0.1805,-2.5433,2.1755,2.0307,-12.084,7.1231,-8.5593,12.511,20.764,24.466,17.904,-9.0315,-5.5023,12.915,4.5619,-26.48,17.443,8.0016,-8.4429,-3.9504,4.3166,-10.555,0.09113,-2.6189,0.33266,-9.7185,7.8069,24.821,-15.802,4.5238,-10.457,10.832,11.924,12.187,0,-18.313,14.908,-17.281,-8.2177,12.916,-6.7866,-16.188,-12.651,-15.97,17.998,-3.9393,-19.077,-10.063,7.9057,-2.3559,3.7153,-10.085,19.51,-14.621,-5.3534,11.12,5.9736,15.263,12.935,-20.773,-5.0935,-13.123,2.5813,15.983,18.881,14.967,-9.6734,9.8561,6.5029,14.526,-8.636,29.444,11.201,-2.9186,5.8118,13.361,-24.111,13.759,-0.4527,-8.2794,-2.934,-2.6423,14.498,-10.465,2.9184,-11.118,-3.2998,-11.857,-7.1031,-18.313,0,-2.9771,10.043,11.357,-11.035,3.5949,22.069,16.252,17.133,-8.2801,4.0097,15.707,7.8799,-13.584,-0.097875,0.72222,11.846,-31.57,21.084,4.2624,-11.525,-3.6169,-16.906,-10.049,8.2284,2.4739,7.6285,-0.50834,-7.9578,-17.119,-7.9194,10.65,-4.4804,-6.1818,-16.231,5.2391,-22.328,-30.144,3.0973,-8.6979,-14.639,26.927,-12.814,-0.64318,12.661,3.534,-0.5207,-5.7626,11.404,-4.4735,8.6338,7.859,11.041,2.3229,14.908,-2.9771,0,-4.6386,1.0651,-2.3532,3.1631,-3.3062,2.506,-8.365,17.763,-1.1865,-9.8762,-13.286,-0.2386,0.49023,3.5666,-10.197,3.6238,-2.4468,3.5681,3.6292,-0.87086,7.0001,1.5399,-17.047,-5.3709,-14.188,7.1549,3.6518,6.1564,10.209,4.3229,15.391,8.5247,4.4534,3.05,8.3832,-3.0806,8.4774,-2.5073,2.0045,-8.5523,13.014,-8.6728,-11.904,-2.8117,-3.2704,8.3744,-1.5366,3.8104,-3.9851,-4.8099,-11.859,-8.8406,-17.281,10.043,-4.6386,0,11.702,-12.682,9.7873,19.218,16.098,8.3417,-2.6898,-0.90264,2.1386,8.1922,-16.484,3.3576,4.6184,7.6998,-14.924,11.875,6.6601,-24.313,-12.082,-8.1541,-21.235,6.0322,6.3193,-1.2631,6.3637,-10.581,-11.847,-14.63,16.108,-9.8362,3.8472,-2.26,6.6299,-11.056,-10.722,11.536,-18.541,-12.173,9.3321,-11.024,-7.5194,-0.44039,-10.634,14.675,-13.812,10.644,7.1682,3.829,11.229,-13.047,-17.482,-8.2177,11.357,1.0651,11.702,0,-2.5694,10.176,11.147,25.786,16.241,3.0478,13.233,3.0518,-3.7584,-7.9129,10.347,-4.7397,5.7699,-13.152,5.0544,17.829,-9.4482,3.7601,-3.2393,-2.7928,2.7724,-6.3361,0.6591,-8.0481,-6.8128,-25.219,-22.754,8.6851,1.1164,-10.492,2.1186,8.5789,-10.751,-17.798,8.299,-4.4267,-5.0444,9.8634,-7.7623,2.7615,6.3732,0.42053,0.068743,-18.851,20.939,-0.95242,3.811,15.695,-2.497,9.4619,12.916,-11.035,-2.3532,-12.682,-2.5694,0,-15.273,-10.82,-13.172,-4.2548,8.6751,2.1768,-10.464,-0.297,4.3596,1.2382,2.1902,3.9546,12.661,-10.254,-5.5951,5.3068,11.34,10.99,19.719,-9.1924,-1.7021,-4.6208,-7.7084,21.736,6.6137,1.5432,-15.116,-2.7557,-5.238,17.129,-17.869,15.328,8.7137,-15.14,7.3514,16.962,-11.599,0.1344,9.0762,6.6315,-1.4169,0.22719,3.5926,-2.823,1.0677,-13.271,-3.5657,-0.85198,-17.335,-6.7866,3.5949,3.1631,9.7873,10.176,-15.273,0,7.0415,19.038,10.042,-4.5477,1.3439,4.1456,-8.3543,2.8365,-0.26497,-10.666,-11.729,-8.9446,-3.3075,9.7896,-2.126,2.6963,-8.136,-11.184,10.318,-13.304,6.2201,-0.82807,-25.135,-9.7523,-10.041,4.4254,11.277,-0.96015,-4.5981,20.12,-10.942,-4.1551,28.631,0.24588,-14.459,8.7044,-1.2451,2.444,-5.431,3.2554,-3.4031,-8.6745,1.9671,-7.611,19.287,-3.9036,-19.016,-3.5451,-16.188,22.069,-3.3062,19.218,11.147,-10.82,7.0415,0,17.404,17.063,-5.4885,-4.3891,5.3456,12.923,-19.944,-5.58,6.6544,9.917,-35.167,13.767,-0.28935,-25.802,-5.0673,-21.769,-21.773,6.8173,1.9619,3.3093,6.5002,-7.381,-11.504,-10.416,8.344,-7.2629,1.2863,-8.3664,1.3944,-14.073,-19.305,9.9943,-17.524,-23.619,19.393,-21.663,-1.0617,9.2936,-6.1771,9.3797,-4.7606,5.9214,-1.7168,8.8544,1.9196,-9.5784,-18.906,-12.651,16.252,2.506,16.098,25.786,-13.172,19.038,17.404,0,17.775,-1.9238,6.7173,6.893,-2.6002,-8.2597,4.3959,-4.7443,1.5124,-21.35,7.54,14.446,-10.761,-0.13665,-10.2,-11.463,7.0882,-6.4638,3.6467,-2.061,-15.703,-22.682,-16.623,12.126,3.5115,-5.087,-5.4895,14.832,-17.519,-20.607,17.176,-6.9911,-14.791,16.054,-7.7257,-0.042336,2.8941,1.1109,-0.30838,-13.864,13.753,-3.5415,11.61,0.59924,-19.977,-11.667,-15.97,17.133,-8.365,8.3417,16.241,-4.2548,10.042,17.063,17.775,0,-10.946,4.7465,11.936,4.1477,-4.2294,-2.169,-6.9776,5.6041,-22.941,3.8644,4.0307,-8.3438,8.435,-19.22,-6.8022,16.048,-8.6807,15.389,-8.4429,-11.132,-21.371,-19.933,-0.3504,-0.76575,-13.629,-7.9498,4.8556,-20.014,-13.298,6.1018,-0.60111,-15.657,27.291,-20.136,13.237,17.766,6.0923,-2.42,-10.557,7.1375,-14.077,16.592,18.84,3.8743,5.5505,17.998,-8.2801,17.763,-2.6898,3.0478,8.6751,-4.5477,-5.4885,-1.9238,-10.946,0,0.80722,-22.783,-7.4646,-4.0819,5.8458,9.0021,-1.1302,8.8325,-3.4961,3.152,-0.72208,-1.0566,16.43,6.5104,-33.111,0.067778,-30.394,4.5731,14.255,6.6711,4.7568,2.5206,3.4763,7.0844,20.683,-5.4049,17.685,0.075961,0.95985,-4.9602,11.207,-17.587,8.3953,-7.9944,-7.9048,-11.29,5.0461,3.5135,2.321,13.33,-17.794,9.5703,0.035194,-17.71,-3.9393,4.0097,-1.1865,-0.90264,13.233,2.1768,1.3439,-4.3891,6.7173,4.7465,0.80722,0,8.6697,-10.94,3.5722,25.587,-14.538,3.5433,-0.047329,2.7525,24.061,5.7231,4.8844,7.3198,11.433,2.5106,-2.9634,3.5639,-22.469,-3.7139,-16.24,-10.046,5.85,3.1107,-21.121,0.72528,10.69,-7.42,-6.5243,-4.7178,8.29,8.3122,3.0443,4.3634,2.6808,3.2986,12.286,-11.596,-16.886,21.074,-0.70701,-1.4723,-10.394,-2.148,-11.807,-19.077,15.707,-9.8762,2.1386,3.0518,-10.464,4.1456,5.3456,6.893,11.936,-22.783,8.6697,0,2.0013,1.9613,2.333,-12.222,3.7055,-11.407,9.7049,5.4257,2.1265,0.26247,-11.279,-2.5729,20.781,0.2099,22.731,-9.1872,-14.654,-14.263,-5.6996,4.2979,-0.6333,-13.307,-25.337,11.341,-26.995,-8.1619,-2.1233,5.0643,-7.6449,21.352,-4.2098,4.3197,8.5005,18.173,-11.114,-7.367,6.6888,-10.914,13.694,-8.4334,-13.865,9.5617,-10.063,7.8799,-13.286,8.1922,-3.7584,-0.297,-8.3543,12.923,-2.6002,4.1477,-7.4646,-10.94,2.0013,0,-14.675,-9.0716,14.658,17.415,-8.7014,11.095,-13.395,-16.111,-8.3676,-11.414,-10.421,3.8982,14.235,1.8976,8.6484,3.7848,0.78799,-1.4287,0.42757,-25.461,4.7173,-4.8141,-12.451,-3.1266,-3.2521,-5.2278,-13.076,-7.2956,6.882,-18.569,-1.4285,10.784,-9.637,15.877,2.3671,-1.8355,3.1928,-1.1716,-1.0079,13.417,-2.6127,7.9057,-13.584,-0.2386,-16.484,-7.9129,4.3596,2.8365,-19.944,-8.2597,-4.2294,-4.0819,3.5722,1.9613,-14.675,0,-0.19735,-18.459,-18.28,13.742,-19.968,0.24966,30.464,13.205,6.0871,12.566,4.3816,-12.315,8.2401,-10.918,-2.9769,5.2237,4.5627,-13.632,14.409,-6.2503,0.60401,4.556,3.7458,16.805,-2.5634,33.951,7.0465,-5.745,12.042,10.516,-5.0589,15.576,-17.899,2.6338,-9.2115,-11.049,4.9858,8.3399,2.4134,-13.521,-2.3559,-0.097875,0.49023,3.3576,10.347,1.2382,-0.26497,-5.58,4.3959,-2.169,5.8458,25.587,2.333,-9.0716,-0.19735,0,-6.7952,4.4741,3.6316,4.5407,25.493,2.1936,-3.1875,14.029,8.2299,-2.5032,3.7842,-4.3636,-10.726,-1.4069,-10.456,-7.7807,11.895,-1.0502,-8.6468,5.491,9.4357,-2.5192,-3.9547,-3.8915,2.0025,12.181,-3.0928,7.6595,-5.7974,-3.6927,2.9004,-3.0779,-17.657,22.962,9.5799,-8.2932,0.20701,-4.26,18.528,3.7153,0.72222,3.5666,4.6184,-4.7397,2.1902,-10.666,6.6544,-4.7443,-6.9776,9.0021,-14.538,-12.222,14.658,-18.459,-6.7952,0,9.5406,-1.0189,7.6439,-11.646,-13.982,-12.459,-0.19304,-6.9859,-13.376,14.073,-15.939,21.4,13.688,9.8055,7.2897,3.5959,-12.257,17.801,4.8162,-15.99,9.3249,-2.4092,-1.6336,-21.511,-0.73324,-5.5392,-4.8204,-11.741,-0.42007,-24.635,21.696,9.758,-3.3236,14.169,-12.13,2.489,-16.035,2.1241,-10.085,11.846,-10.197,7.6998,5.7699,3.9546,-11.729,9.917,1.5124,5.6041,-1.1302,3.5433,3.7055,17.415,-18.28,4.4741,9.5406,0,-8.3431,17.516,-0.4798,-14.156,-6.4419,-3.0259,-1.4329,-0.13813,14.84,-1.1522,-0.79552,6.4929,-7.6582,-6.934,6.2477,-24.59,-4.3109,-0.70823,-8.3222,-4.8322,-10.931,-10.557,-10.779,0.69317,6.3774,-13.488,-2.4412,14.877,-5.6475,9.7959,-5.9373,12.095,7.1926,-7.7127,4.1268,16.197,7.7753,19.51,-31.57,3.6238,-14.924,-13.152,12.661,-8.9446,-35.167,-21.35,-22.941,8.8325,-0.047329,-11.407,-8.7014,13.742,3.6316,-1.0189,-8.3431,0,-14.075,-2.766,16.202,2.1827,24.35,16.589,-10.632,0.81956,-8.0912,-1.6082,11.174,16.79,11.601,-8.2695,3.7454,3.6861,13.181,-5.4036,21.884,23.538,-9.1624,10.636,24.173,-30.04,18.348,-1.459,-11.304,-0.32859,-2.7382,6.5556,-7.9774,6.037,-13.19,-5.3606,-5.9817,-2.3293,-14.621,21.084,-2.4468,11.875,5.0544,-10.254,-3.3075,13.767,7.54,3.8644,-3.4961,2.7525,9.7049,11.095,-19.968,4.5407,7.6439,17.516,-14.075,0,3.869,-12.946,-16.667,-6.3195,-9.1549,1.5565,16.274,-0.80085,5.123,-2.4893,-9.0596,-2.4392,20.284,-12.148,0.74102,-11.023,2.5538,-11.785,-19.104,-1.8157,-15.329,-5.7371,10.729,-6.1367,-12.201,4.8085,-2.9354,5.7072,-4.651,13.244,7.4218,-1.6867,6.6247,1.2262,-26.497,-5.3534,4.2624,3.5681,6.6601,17.829,-5.5951,9.7896,-0.28935,14.446,4.0307,3.152,24.061,5.4257,-13.395,0.24966,25.493,-11.646,-0.4798,-2.766,3.869,0,0.90317,-0.61218,5.912,2.3512,1.8714,-3.2247,-0.45705,-10.386,-9.829,-17.392,-11.795,13.877,5.3074,-9.5368,0.98856,20.262,-8.6872,-8.7503,5.2317,1.7288,2.7324,2.9546,5.5513,-3.4546,-4.0632,5.6833,-6.2171,-21.013,22.877,2.9701,0.88723,0.89758,19.34,-0.1805,11.12,-11.525,3.6292,-24.313,-9.4482,5.3068,-2.126,-25.802,-10.761,-8.3438,-0.72208,5.7231,2.1265,-16.111,30.464,2.1936,-13.982,-14.156,16.202,-12.946,0.90317,0,9.7881,9.9826,18.24,-0.62051,-7.9132,4.4477,-9.934,1.1513,6.8605,9.874,-9.8071,14.492,-5.7744,-0.092852,3.331,5.5808,12.708,-6.722,28.848,11.674,-7.9973,18.41,5.6907,-5.478,16.908,-22.126,5.5643,-6.8946,-7.3742,0.23334,10.327,-2.9812,-2.5433,5.9736,-3.6169,-0.87086,-12.082,3.7601,11.34,2.6963,-5.0673,-0.13665,8.435,-1.0566,4.8844,0.26247,-8.3676,13.205,-3.1875,-12.459,-6.4419,2.1827,-16.667,-0.61218,9.7881,0,-1.0125,11.493,3.4614,-24.443,9.0264,-16.194,1.0484,-2.1942,-4.2509,-19.694,11.19,-14.505,3.8488,-1.8599,1.1835,3.7442,-1.1263,17.773,1.5964,1.45,-2.0695,30.56,9.0754,11.673,-12.875,0.44324,-4.1026,-19.255,6.5668,10.705,12.417,2.1755,15.263,-16.906,7.0001,-8.1541,-3.2393,10.99,-8.136,-21.769,-10.2,-19.22,16.43,7.3198,-11.279,-11.414,6.0871,14.029,-0.19304,-3.0259,24.35,-6.3195,5.912,9.9826,-1.0125,0,17.055,-15.73,3.1169,-14.383,-3.2596,11.054,7.455,5.9937,0.50784,2.4262,1.3776,16.854,-1.7251,16.347,9.3964,-7.9015,5.3561,32.82,-25.724,19.224,-6.4527,-11.353,-2.1542,-1.4052,-0.14927,2.5147,12.946,-20.576,13.109,7.0857,2.0307,12.935,-10.049,1.5399,-21.235,-2.7928,19.719,-11.184,-21.773,-11.463,-6.8022,6.5104,11.433,-2.5729,-10.421,12.566,8.2299,-6.9859,-1.4329,16.589,-9.1549,2.3512,18.24,11.493,17.055,0,-7.0995,-3.8012,-1.3525,-15.106,11.711,3.7321,4.3815,-9.4405,4.9815,-10.57,8.901,-4.5716,9.6711,7.7523,-16.212,17.692,25.204,-10.886,10.54,6.6367,1.7485,9.2168,-11.9,1.672,0.61319,-1.2344,-10.071,-13.01,-6.3493,-12.084,-20.773,8.2284,-17.047,6.0322,2.7724,-9.1924,10.318,6.8173,7.0882,16.048,-33.111,2.5106,20.781,3.8982,4.3816,-2.5032,-13.376,-0.13813,-10.632,1.5565,1.8714,-0.62051,3.4614,-15.73,-7.0995,0,-3.9985,31.169,-7.783,-20.568,-12.14,-11.52,-1.3703,-1.4621,-10.095,-15.091,9.5546,-21.817,-1.4959,3.13,5.3311,-12.437,19.754,-9.5266,10.189,7.3644,11.185,-5.1299,-9.517,1.1518,-14.167,22.155,-7.0293,-0.1563,7.1231,-5.0935,2.4739,-5.3709,6.3193,-6.3361,-1.7021,-13.304,1.9619,-6.4638,-8.6807,0.067778,-2.9634,0.2099,14.235,-12.315,3.7842,14.073,14.84,0.81956,16.274,-3.2247,-7.9132,-24.443,3.1169,-3.8012,-3.9985,0,-7.1836,9.3047,6.0242,3.3371,4.399,10.714,-21.767,8.0421,-1.6024,-5.7678,1.2617,-1.2898,-9.612,-12.445,4.1951,-2.7322,-0.60436,-16.82,-1.5774,-9.8788,12.816,0.33472,4.1682,18.779,-12.664,-9.4334,-4.4097,-8.5593,-13.123,7.6285,-14.188,-1.2631,0.6591,-4.6208,6.2201,3.3093,3.6467,15.389,-30.394,3.5639,22.731,1.8976,8.2401,-4.3636,-15.939,-1.1522,-8.0912,-0.80085,-0.45705,4.4477,9.0264,-14.383,-1.3525,31.169,-7.1836,0,-11.634,-13.616,-9.4128,-7.0349,-6.3495,1.7858,-14.512,-16.118,6.4067,-17.278,-0.68925,-0.81521,11.004,-9.1392,18.127,-7.5922,15.995,11.083,18.81,-11.421,-4.6275,-1.2786,-23.076,21.162,-8.1523,2.4162,12.511,2.5813,-0.50834,7.1549,6.3637,-8.0481,-7.7084,-0.82807,6.5002,-2.061,-8.4429,4.5731,-22.469,-9.1872,8.6484,-10.918,-10.726,21.4,-0.79552,-1.6082,5.123,-10.386,-9.934,-16.194,-3.2596,-15.106,-7.783,9.3047,-11.634,0,2.9636,11.889,10.475,5.6444,-4.1948,37.516,-0.75177,-5.168,6.0311,-0.026584,7.1544,-18.605,-6.84,-4.1744,-0.26356,-15.617,-9.0533,-18.461,15.472,11.657,-8.372,9.9174,-3.1695,11.325,0.48084,20.764,15.983,-7.9578,3.6518,-10.581,-6.8128,21.736,-25.135,-7.381,-15.703,-11.132,14.255,-3.7139,-14.654,3.7848,-2.9769,-1.4069,13.688,6.4929,11.174,-2.4893,-9.829,1.1513,1.0484,11.054,11.711,-20.568,6.0242,-13.616,2.9636,0,13.281,10.051,-7.021,-5.4802,4.1271,13.487,-25.602,21.335,4.9321,-14.443,-1.4906,14.806,-14.989,2.1497,-1.5017,2.6394,-8.1423,5.4098,11.306,-4.1544,8.3216,-23.046,-2.5572,12.192,24.466,18.881,-17.119,6.1564,-11.847,-25.219,6.6137,-9.7523,-11.504,-22.682,-21.371,6.6711,-16.24,-14.263,0.78799,5.2237,-10.456,9.8055,-7.6582,16.79,-9.0596,-17.392,6.8605,-2.1942,7.455,3.7321,-12.14,3.3371,-9.4128,11.889,13.281,0,24.854,-9.3812,1.508,16.442,6.2185,-12.747,23.738,17.288,-4.3974,1.1998,7.165,-18.953,9.1544,-4.2194,-9.4535,-6.8807,3.5362,24.353,-22.257,4.6025,-8.7556,-4.2256,18.146,17.904,14.967,-7.9194,10.209,-14.63,-22.754,1.5432,-10.041,-10.416,-16.623,-19.933,4.7568,-10.046,-5.6996,-1.4287,4.5627,-7.7807,7.2897,-6.934,11.601,-2.4392,-11.795,9.874,-4.2509,5.9937,4.3815,-11.52,4.399,-7.0349,10.475,10.051,24.854,0,-3.8878,4.5294,12.476,-1.2539,-6.8451,13.319,8.3627,-5.4099,1.8153,6.0103,-11.957,13.376,-7.4652,-8.7522,-0.7352,-2.6359,27.818,-14.722,2.8912,-6.7693,-2.7558,0.26249,-9.0315,-9.6734,10.65,4.3229,16.108,8.6851,-15.116,4.4254,8.344,12.126,-0.3504,2.5206,5.85,4.2979,0.42757,-13.632,11.895,3.5959,6.2477,-8.2695,20.284,13.877,-9.8071,-19.694,0.50784,-9.4405,-1.3703,10.714,-6.3495,5.6444,-7.021,-9.3812,-3.8878,0,-4.2546,3.7889,-4.7005,11.628,-8.6631,-14.538,5.9485,-14.236,-3.2601,4.2723,1.8955,-20.65,-6.2213,-4.7909,5.134,-9.5696,17.039,12.85,-2.3419,4.1088,12.036,-5.5023,9.8561,-4.4804,15.391,-9.8362,1.1164,-2.7557,11.277,-7.2629,3.5115,-0.76575,3.4763,3.1107,-0.6333,-25.461,14.409,-1.0502,-12.257,-24.59,3.7454,-12.148,5.3074,14.492,11.19,2.4262,4.9815,-1.4621,-21.767,1.7858,-4.1948,-5.4802,1.508,4.5294,-4.2546,0,-2.1354,-0.59928,10.166,1.5094,2.0497,9.4721,11.892,-0.54057,-2.3129,12.143,4.5697,-7.6212,10.812,-17.674,4.0879,-4.8094,-10.564,7.9705,-6.7435,6.2615,12.915,6.5029,-6.1818,8.5247,3.8472,-10.492,-5.238,-0.96015,1.2863,-5.087,-13.629,7.0844,-21.121,-13.307,4.7173,-6.2503,-8.6468,17.801,-4.3109,3.6861,0.74102,-9.5368,-5.7744,-14.505,1.3776,-10.57,-10.095,8.0421,-14.512,37.516,4.1271,16.442,12.476,3.7889,-2.1354,0,2.9583,-4.9409,10.572,4.766,6.5866,-13.34,-2.6288,-9.6007,3.9453,-15.884,-14.459,-18.69,14.127,12.03,-10.413,11.771,-5.3877,17.828,-0.47955,4.5619,14.526,-16.231,4.4534,-2.26,2.1186,17.129,-4.5981,-8.3664,-5.4895,-7.9498,20.683,0.72528,-25.337,-4.8141,0.60401,5.491,4.8162,-0.70823,13.181,-11.023,0.98856,-0.092852,3.8488,16.854,8.901,-15.091,-1.6024,-16.118,-0.75177,13.487,6.2185,-1.2539,-4.7005,-0.59928,2.9583,0,-8.6253,19.523,7.9947,-1.8697,-0.13483,14.052,-19.317,3.7388,0.011998,-4.6309,-11.237,7.3518,-0.93051,0.093855,10.1,-15.724,-4.7447,5.6365,-26.48,-8.636,5.2391,3.05,6.6299,8.5789,-17.869,20.12,1.3944,14.832,4.8556,-5.4049,10.69,11.341,-12.451,4.556,9.4357,-15.99,-8.3222,-5.4036,2.5538,20.262,3.331,-1.8599,-1.7251,-4.5716,9.5546,-5.7678,6.4067,-5.168,-25.602,-12.747,-6.8451,11.628,10.166,-4.9409,-8.6253,0,-14.423,-5.7114,11.982,3.3649,-5.6385,7.5848,6.1536,-2.9219,-7.7095,9.8375,-9.598,-12.365,8.9145,-3.5071,11.755,8.246,8.1621,17.443,29.444,-22.328,8.3832,-11.056,-10.751,15.328,-10.942,-14.073,-17.519,-20.014,17.685,-7.42,-26.995,-3.1266,3.7458,-2.5192,9.3249,-4.8322,21.884,-11.785,-8.6872,5.5808,1.1835,16.347,9.6711,-21.817,1.2617,-17.278,6.0311,21.335,23.738,13.319,-8.6631,1.5094,10.572,19.523,-14.423,0,14.542,-5.3769,1.3058,14.971,-33.305,9.5447,-3.0367,-8.2462,-9.6881,4.805,12.929,-10.677,8.733,-17.323,-3.2685,10.662,8.0016,11.201,-30.144,-3.0806,-10.722,-17.798,8.7137,-4.1551,-19.305,-20.607,-13.298,0.075961,-6.5243,-8.1619,-3.2521,16.805,-3.9547,-2.4092,-10.931,23.538,-19.104,-8.7503,12.708,3.7442,9.3964,7.7523,-1.4959,-1.2898,-0.68925,-0.026584,4.9321,17.288,8.3627,-14.538,2.0497,4.766,7.9947,-5.7114,14.542,0,-5.3422,11.267,10.123,-15.917,8.8456,3.6168,-8.6045,-0.25752,-0.67065,6.9509,-16.426,0.1828,-3.8266,-2.4539,-1.1287,-8.4429,-2.9186,3.0973,8.4774,11.536,8.299,-15.14,28.631,9.9943,17.176,6.1018,0.95985,-4.7178,-2.1233,-5.2278,-2.5634,-3.8915,-1.6336,-10.557,-9.1624,-1.8157,5.2317,-6.722,-1.1263,-7.9015,-16.212,3.13,-9.612,-0.81521,7.1544,-14.443,-4.3974,-5.4099,5.9485,9.4721,6.5866,-1.8697,11.982,-5.3769,-5.3422,0,-6.5443,-16.302,5.1044,-1.6927,-2.3545,-7.8266,-4.0916,2.4564,-3.0977,-0.50908,-2.7377,12.532,2.1254,8.6545,-3.9504,5.8118,-8.6979,-2.5073,-18.541,-4.4267,7.3514,0.24588,-17.524,-6.9911,-0.60111,-4.9602,8.29,5.0643,-13.076,33.951,2.0025,-21.511,-10.779,10.636,-15.329,1.7288,28.848,17.773,5.3561,17.692,5.3311,-12.445,11.004,-18.605,-1.4906,1.1998,1.8153,-14.236,11.892,-13.34,-0.13483,3.3649,1.3058,11.267,-6.5443,0,8.3607,-2.6818,8.554,14.837,0.83674,21.783,-23.03,0.44414,-4.841,-13.529,4.3712,10.515,9.2737,4.3166,13.361,-14.639,2.0045,-12.173,-5.0444,16.962,-14.459,-23.619,-14.791,-15.657,11.207,8.3122,-7.6449,-7.2956,7.0465,12.181,-0.73324,0.69317,24.173,-5.7371,2.7324,11.674,1.5964,32.82,25.204,-12.437,4.1951,-9.1392,-6.84,14.806,7.165,6.0103,-3.2601,-0.54057,-2.6288,14.052,-5.6385,14.971,10.123,-16.302,8.3607,0,-20.117,13.949,-2.193,-4.5503,0.7513,-3.0077,0.74625,1.9213,9.2399,-21.393,-7.0062,-12.921,-10.555,-24.111,26.927,-8.5523,9.3321,9.8634,-11.599,8.7044,19.393,16.054,27.291,-17.587,3.0443,21.352,6.882,-5.745,-3.0928,-5.5392,6.3774,-30.04,10.729,2.9546,-7.9973,1.45,-25.724,-10.886,19.754,-2.7322,18.127,-4.1744,-14.989,-18.953,-11.957,4.2723,-2.3129,-9.6007,-19.317,7.5848,-33.305,-15.917,5.1044,-2.6818,-20.117,0,-15.953,6.3465,14.029,7.7688,-3.1669,-7.7456,6.6563,-12.215,18.995,1.4896,36.263,0.09113,13.759,-12.814,13.014,-11.024,-7.7623,0.1344,-1.2451,-21.663,-7.7257,-20.136,8.3953,4.3634,-4.2098,-18.569,12.042,7.6595,-4.8204,-13.488,18.348,-6.1367,5.5513,18.41,-2.0695,19.224,10.54,-9.5266,-0.60436,-7.5922,-0.26356,2.1497,9.1544,13.376,1.8955,12.143,3.9453,3.7388,6.1536,9.5447,8.8456,-1.6927,8.554,13.949,-15.953,0,-8.279,-20.076,4.4936,-9.3015,4.674,-2.4214,5.2792,-6.9263,4.2551,-7.774,-2.6189,-0.4527,-0.64318,-8.6728,-7.5194,2.7615,9.0762,2.444,-1.0617,-0.042336,13.237,-7.9944,2.6808,4.3197,-1.4285,10.516,-5.7974,-11.741,-2.4412,-1.459,-12.201,-3.4546,5.6907,30.56,-6.4527,6.6367,10.189,-16.82,15.995,-15.617,-1.5017,-4.2194,-7.4652,-20.65,4.5697,-15.884,0.011998,-2.9219,-3.0367,3.6168,-2.3545,14.837,-2.193,6.3465,-8.279,0,14.494,11.262,-9.0717,-1.4133,-4.4977,-23.012,10.095,3.6681,-19.947,0.33266,-8.2794,12.661,-11.904,-0.44039,6.3732,6.6315,-5.431,9.2936,2.8941,17.766,-7.9048,3.2986,8.5005,10.784,-5.0589,-3.6927,-0.42007,14.877,-11.304,4.8085,-4.0632,-5.478,9.0754,-11.353,1.7485,7.3644,-1.5774,11.083,-9.0533,2.6394,-9.4535,-8.7522,-6.2213,-7.6212,-14.459,-4.6309,-7.7095,-8.2462,-8.6045,-7.8266,0.83674,-4.5503,14.029,-20.076,14.494,0,5.0047,-1.2633,-2.6236,4.0282,-10.028,3.9489,-1.8008,5.3825,-9.7185,-2.934,3.534,-2.8117,-10.634,0.42053,-1.4169,3.2554,-6.1771,1.1109,6.0923,-11.29,12.286,18.173,-9.637,15.576,2.9004,-24.635,-5.6475,-0.32859,-2.9354,5.6833,16.908,11.673,-2.1542,9.2168,11.185,-9.8788,18.81,-18.461,-8.1423,-6.8807,-0.7352,-4.7909,10.812,-18.69,-11.237,9.8375,-9.6881,-0.25752,-4.0916,21.783,0.7513,7.7688,4.4936,11.262,5.0047,0,-35.393,-2.4687,1.3329,-17.942,10.731,-1.5159,-9.5681,7.8069,-2.6423,-0.5207,-3.2704,14.675,0.068743,0.22719,-3.4031,9.3797,-0.30838,-2.42,5.0461,-11.596,-11.114,15.877,-17.899,-3.0779,21.696,9.7959,-2.7382,5.7072,-6.2171,-22.126,-12.875,-1.4052,-11.9,-5.1299,12.816,-11.421,15.472,5.4098,3.5362,-2.6359,5.134,-17.674,14.127,7.3518,-9.598,4.805,-0.67065,2.4564,-23.03,-3.0077,-3.1669,-9.3015,-9.0717,-1.2633,-35.393,0,-0.49081,0.11349,15.46,-7.9227,-2.8906,8.4714,24.821,14.498,-5.7626,8.3744,-13.812,-18.851,3.5926,-8.6745,-4.7606,-13.864,-10.557,3.5135,-16.886,-7.367,2.3671,2.6338,-17.657,9.758,-5.9373,6.5556,-4.651,-21.013,5.5643,0.44324,-0.14927,1.672,-9.517,0.33472,-4.6275,11.657,11.306,24.353,27.818,-9.5696,4.0879,12.03,-0.93051,-12.365,12.929,6.9509,-3.0977,0.44414,0.74625,-7.7456,4.674,-1.4133,-2.6236,-2.4687,-0.49081,0,-21.913,-1.8965,-3.0227,7.3095,-7.0294,-15.802,-10.465,11.404,-1.5366,10.644,20.939,-2.823,1.9671,5.9214,13.753,7.1375,2.321,21.074,6.6888,-1.8355,-9.2115,22.962,-3.3236,12.095,-7.9774,13.244,22.877,-6.8946,-4.1026,2.5147,0.61319,1.1518,4.1682,-1.2786,-8.372,-4.1544,-22.257,-14.722,17.039,-4.8094,-10.413,0.093855,8.9145,-10.677,-16.426,-0.50908,-4.841,1.9213,6.6563,-2.4214,-4.4977,4.0282,1.3329,0.11349,-21.913,0,6.3601,-3.1219,2.5485,2.6009,4.5238,2.9184,-4.4735,3.8104,7.1682,-0.95242,1.0677,-7.611,-1.7168,-3.5415,-14.077,13.33,-0.70701,-10.914,3.1928,-11.049,9.5799,14.169,7.1926,6.037,7.4218,2.9701,-7.3742,-19.255,12.946,-1.2344,-14.167,18.779,-23.076,9.9174,8.3216,4.6025,2.8912,12.85,-10.564,11.771,10.1,-3.5071,8.733,0.1828,-2.7377,-13.529,9.2399,-12.215,5.2792,-23.012,-10.028,-17.942,15.46,-1.8965,6.3601,0,-21.667,-10.013,-3.4368,-10.457,-11.118,8.6338,-3.9851,3.829,3.811,-13.271,19.287,8.8544,11.61,16.592,-17.794,-1.4723,13.694,-1.1716,4.9858,-8.2932,-12.13,-7.7127,-13.19,-1.6867,0.88723,0.23334,6.5668,-20.576,-10.071,22.155,-12.664,21.162,-3.1695,-23.046,-8.7556,-6.7693,-2.3419,7.9705,-5.3877,-15.724,11.755,-17.323,-3.8266,12.532,4.3712,-21.393,18.995,-6.9263,10.095,3.9489,10.731,-7.9227,-3.0227,-3.1219,-21.667,0
