0,-11.817,-12.042,-10.473,4.1837,5.1748,10.381,-9.3594,5.8534,-6.942,-6.093,-11.874,0.87242,4.9249,-2.3435,0.2596,-12.192,-7.1357,-0.39186,1.0517,3.307,-11.817,0,12.097,11.919,-5.4494,-6.939,-8.4892,10.258,-8.9376,5.5479,4.1614,9.8111,-0.67943,-1.9801,-0.10646,-2.4481,10.67,6.8853,2.5542,-1.4704,-1.1703,-12.042,12.097,0,7.3442,-1.8236,-4.7694,-7.0244,4.724,-9.9353,5.9987,5.0542,9.2035,-3.387,-3.9431,1.4565,-2.8682,9.505,4.8744,-1.7609,0.43906,-1.8859,-10.473,11.919,7.3442,0,-3.2762,-7.5747,-5.2741,11.75,-6.7111,7.0192,5.9068,9.8448,-1.8151,-2.6087,-1.3576,-1.0651,9.1968,4.2207,2.6131,1.1949,-2.5422,4.1837,-5.4494,-1.8236,-3.2762,0,4.0859,8.729,-4.9813,1.232,1.8142,3.0877,-3.2861,-7.5556,-3.2603,-2.9685,-2.3681,-5.0925,-13.685,-9.2547,10.883,-1.5561,5.1748,-6.939,-4.7694,-7.5747,4.0859,0,6.2791,-6.7659,3.1308,-3.8841,-2.6575,-6.6657,-0.48866,0.31343,3.3391,0.21168,-7.2847,-4.2961,-2.4985,2.6466,-2.5512,10.381,-8.4892,-7.0244,-5.2741,8.729,6.2791,0,-8.6674,1.768,-1.8472,-1.1141,-6.7556,-4.5389,2.5556,-2.7905,0.15158,-9.3233,-11.538,-2.3651,8.7329,-2.2234,-9.3594,10.258,4.724,11.75,-4.9813,-6.7659,-8.6674,0,-2.703,4.6655,4.321,7.2469,1.984,-2.855,-1.2873,-1.3902,8.0309,5.6268,3.7571,-2.3283,-0.18585,5.8534,-8.9376,-9.9353,-6.7111,1.232,3.1308,1.768,-2.703,0,-3.5207,-2.9462,-5.5819,6.5514,-1.147,-2.1014,2.4814,-3.9576,-3.3505,-1.3598,-2.9747,4.9775,-6.942,5.5479,5.9987,7.0192,1.8142,-3.8841,-1.8472,4.6655,-3.5207,0,16.073,11.171,-3.8243,-5.1803,-3.3058,-2.3367,8.9815,-1.039,-3.7052,3.7312,-3.1741,-6.093,4.1614,5.0542,5.9068,3.0877,-2.6575,-1.1141,4.321,-2.9462,16.073,0,8.9465,-4.9995,-5.4112,-2.186,-1.5946,6.8529,-1.7455,-4.008,4.9721,-4.6198,-11.874,9.8111,9.2035,9.8448,-3.2861,-6.6657,-6.7556,7.2469,-5.5819,11.171,8.9465,0,-1.9456,-3.1109,0.044417,0.019501,13.569,4.5587,0.18586,-0.29986,-3.0819,0.87242,-0.67943,-3.387,-1.8151,-7.5556,-0.48866,-4.5389,1.984,6.5514,-3.8243,-4.9995,-1.9456,0,0.22805,-0.69379,-0.21809,1.48,4.0224,3.6054,-11.573,8.466,4.9249,-1.9801,-3.9431,-2.6087,-3.2603,0.31343,2.5556,-2.855,-1.147,-5.1803,-5.4112,-3.1109,0.22805,0,1.2502,5.0464,-4.9789,2.4373,7.1012,-1.914,-1.0227,-2.3435,-0.10646,1.4565,-1.3576,-2.9685,3.3391,-2.7905,-1.2873,-2.1014,-3.3058,-2.186,0.044417,-0.69379,1.2502,0,2.4367,-0.69616,4.9982,1.5327,-2.5275,-4.456,0.2596,-2.4481,-2.8682,-1.0651,-2.3681,0.21168,0.15158,-1.3902,2.4814,-2.3367,-1.5946,0.019501,-0.21809,5.0464,2.4367,0,-2.3666,3.0116,3.7567,-1.0759,-4.4867,-12.192,10.67,9.505,9.1968,-5.0925,-7.2847,-9.3233,8.0309,-3.9576,8.9815,6.8529,13.569,1.48,-4.9789,-0.69616,-2.3666,0,5.3265,0.17511,-2.6779,0.29156,-7.1357,6.8853,4.8744,4.2207,-13.685,-4.2961,-11.538,5.6268,-3.3505,-1.039,-1.7455,4.5587,4.0224,2.4373,4.9982,3.0116,5.3265,0,7.0845,-8.6058,-0.15338,-0.39186,2.5542,-1.7609,2.6131,-9.2547,-2.4985,-2.3651,3.7571,-1.3598,-3.7052,-4.008,0.18586,3.6054,7.1012,1.5327,3.7567,0.17511,7.0845,0,-5.0909,-0.84811,1.0517,-1.4704,0.43906,1.1949,10.883,2.6466,8.7329,-2.3283,-2.9747,3.7312,4.9721,-0.29986,-11.573,-1.914,-2.5275,-1.0759,-2.6779,-8.6058,-5.0909,0,-6.3928,3.307,-1.1703,-1.8859,-2.5422,-1.5561,-2.5512,-2.2234,-0.18585,4.9775,-3.1741,-4.6198,-3.0819,8.466,-1.0227,-4.456,-4.4867,0.29156,-0.15338,-0.84811,-6.3928,0
