0,3.2208,5.0055,11.56,4.1915,0.19605,-8.4973,-1.7223,9.8554,7.5515,-1.3974,6.3061,-7.8792,-9.7301,-5.8691,-0.7443,2.2879,0.76632,5.353,-9.1653,7.3139,11.929,2.5671,3.7297,-6.8181,-11.549,-5.2049,0.037556,5.0475,0.64284,7.5338,-8.3355,3.9718,-11.352,-16.225,24.463,-1.3129,0.84515,5.027,-8.1828,-2.1771,-8.1261,-3.5429,-4.4157,2.2534,-5.0062,22.327,-3.3226,4.7808,-20.478,-15.82,-7.2726,4.1426,-20.121,-7.3952,3.2208,0,11.317,14.953,-15.009,8.527,-8.8456,-32.912,21.183,8.9665,-7.9441,-16.395,-18.887,-5.8738,-7.7126,-12.153,0.69959,24.227,6.6642,6.2816,4.8104,17.171,-13.253,-4.394,2.5526,3.2545,11.22,12.918,-4.284,-4.0909,5.6957,14.054,-2.2106,13.601,-14.056,5.4582,2.8098,1.1259,8.0168,-19.668,10.422,4.1393,11.405,10.235,-19.165,-4.9934,-3.6022,0.42638,14.735,-4.2552,9.4952,8.303,-17.25,0.70395,-3.9198,5.0055,11.317,0,18.626,1.9689,22.044,-9.9468,-14.689,10.888,-1.7149,-1.0459,-6.8354,-2.0557,-7.4259,-7.2491,-13.87,0.063548,14.534,-2.0923,15.061,0.24784,2.7665,-8.2219,-10.797,4.2926,-6.3788,6.1538,3.8005,2.79,12.533,5.8466,15.851,-13.456,12.885,-0.52067,-1.4015,-5.2425,14.021,5.9043,-7.7825,5.4572,1.4084,7.09,-7.1684,-17.862,0.41715,3.9585,-13.887,10.78,-11.793,7.2268,-0.014472,-1.9446,-10.956,-11.699,11.56,14.953,18.626,0,3.2911,20.236,-8.1449,-14.054,9.6856,7.1559,3.2279,0.11516,-5.9624,-7.8915,-10.478,-3.5964,5.5988,14.036,-0.034249,9.4146,3.6106,15.802,-9.2306,-8.9523,5.0338,-9.929,1.6695,0.21191,-2.5109,2.7067,6.117,9.449,-8.3758,8.2322,-7.622,8.095,-8.728,3.2529,-0.8921,-10.124,11.679,-3.8838,5.7713,-1.5182,-9.8968,5.1698,4.5455,-16.433,24.745,-8.5257,2.7571,-1.4339,-9.7174,-6.9706,-10.445,4.1915,-15.009,1.9689,3.2911,0,5.7522,5.0655,13.371,-13.034,-4.3684,16.132,25.294,19.052,0.56175,0.1609,10.944,4.5426,-8.433,-11.037,2.5139,-4.5783,-6.2173,7.1753,-4.4946,1.6929,-14.338,-13.853,-18.657,2.1701,9.0713,-1.1942,-4.5784,-7.8623,-5.7741,10.719,-0.80344,-13.147,1.0594,-11.838,10.516,-1.2593,-8.5925,-5.3839,-17.222,8.7775,14.165,6.9182,-19.221,0.45061,-0.66057,-7.1056,-11.329,9.0918,-5.9109,-5.2118,0.19605,8.527,22.044,20.236,5.7522,0,-7.4246,-11.948,1.1664,-1.6405,7.2664,-1.9516,1.3697,-3.8645,-7.8495,-4.0668,4.8641,9.274,-4.8592,28.027,0.18568,4.3383,-14.998,-14.656,15.193,-8.8251,7.0515,-2.6574,-3.0377,7.8923,-0.020004,15.323,-13.367,18.302,4.8933,-5.5558,-15.228,11.159,-6.1482,-0.19388,13.372,-0.10569,2.8608,-4.7846,-9.7524,11.914,-0.50897,-22.791,18.819,-3.2563,11.862,-1.0739,-8.6017,-3.478,-6.2733,-8.4973,-8.8456,-9.9468,-8.1449,5.0655,-7.4246,0,15.402,-7.192,5.6501,8.8145,7.6777,15.94,1.0892,-0.2002,5.5779,6.5135,-3.3034,-16.031,-3.0778,-20.807,-5.8989,14.657,-6.0374,-4.1618,1.5447,-13.805,-11.003,-9.7979,-6.4541,-6.0672,-1.0551,-8.7413,-3.5872,5.0866,-2.4058,0.91543,-15.263,-2.8409,0.63959,1.4549,5.5532,8.4504,-3.8736,3.9701,6.5362,-13.798,0.3393,-10.074,20.003,0.87377,8.4879,4.4899,13.275,4.891,-1.7223,-32.912,-14.689,-14.054,13.371,-11.948,15.402,0,-16.146,-2.0022,9.5363,18.533,18.453,2.7215,4.2741,12.1,3.0536,-20.682,-9.3982,-9.8099,-8.8156,-11.45,18.4,2.6104,-4.9727,-3.8629,-15.987,-15.578,-0.12231,-1.1086,-6.6496,-15.733,0.90836,-17.114,8.3726,-1.3334,-1.7799,-6.6093,-6.3769,11.986,-7.6099,-1.9194,-6.9193,-9.6464,19.681,5.0278,1.091,0.94611,-16.447,6.9819,-10.471,-3.7027,16.44,1.4893,5.5223,9.8554,21.183,10.888,9.6856,-13.034,1.1664,-7.192,-16.146,0,9.49,-12.605,-13.959,-16.527,-10.524,-7.3174,-18.939,-1.2884,17.599,6.1225,-2.1316,2.3976,11.566,-2.585,-1.2316,-6.8877,1.7855,5.1491,13.856,0.79486,-1.6512,8.6384,6.744,-1.4308,3.1134,-21.096,11.024,8.5179,1.5347,23.028,-32.054,1.8185,4.7706,11.58,3.3822,-16.387,-14.688,2.6533,4.2347,3.9247,-11.407,1.1113,7.5512,-3.0607,-6.9702,-5.931,7.5515,8.9665,-1.7149,7.1559,-4.3684,-1.6405,5.6501,-2.0022,9.49,0,5.5454,-0.028713,-5.085,-16.714,-18.992,-3.57,18.098,3.8221,-5.2685,-4.2505,-7.1242,20.762,-0.55163,-8.1194,0.44349,-7.1058,-1.1514,-4.86,-18.337,-21.124,-5.6264,-2.2895,-2.5859,-2.4077,-17.19,12.455,-2.9545,-8.404,2.6459,-13.953,13.935,8.4077,6.409,0.80851,0.16331,2.0492,-4.2607,1.744,2.454,2.554,1.0603,14.312,-4.497,1.8598,6.8548,-1.3974,-7.9441,-1.0459,3.2279,16.132,7.2664,8.8145,9.5363,-12.605,5.5454,0,13.312,15.97,-6.985,-11.392,6.7787,22.157,-9.0398,-21.181,7.1389,-12.363,1.1388,-1.2977,-15.428,13.599,-18.642,-3.7323,-38.796,-14.654,-4.4102,-16.457,-3.2984,-9.5949,-0.13486,8.2759,-4.5568,-27.157,0.52824,-17.363,9.0737,13.373,3.7622,-4.5039,-12.646,10.098,31.716,-3.6973,-13.412,1.2768,8.1006,3.6608,2.3925,1.7435,1.7862,8.174,6.3061,-16.395,-6.8354,0.11516,25.294,-1.9516,7.6777,18.533,-13.959,-0.028713,13.312,0,12.495,2.8197,2.4456,20.988,4.3696,-11.837,-5.9389,-5.7635,-1.6236,-2.2008,11.045,1.7546,-2.4187,-10.077,-20.699,-17.167,1.0823,1.4858,-0.50101,-11.991,-0.33683,-13.509,4.5608,5.5048,-7.9097,-7.3029,-13.356,9.3031,-3.1084,-12.304,-7.189,-8.1964,16.32,10.83,6.9948,-9.4516,-0.75537,1.8866,-14.214,-11.916,6.8634,-2.132,-2.4931,-7.8792,-18.887,-2.0557,-5.9624,19.052,1.3697,15.94,18.453,-16.527,-5.085,15.97,12.495,0,1.6355,0.72294,6.103,5.2555,-9.2012,-21.967,4.5374,-16.676,-15.33,9.505,-8.6954,2.5544,-6.1195,-10.318,-19.043,-3.0637,5.3468,-7.9591,-1.0562,-12.535,-1.8123,20.052,-10.835,-8.4574,-0.37679,-8.6661,11.921,-0.39034,1.9642,-0.4319,-16.406,6.5535,13.628,-4.6976,-9.5651,-8.4427,9.6507,1.0641,-0.65692,11.081,2.9741,1.9531,-9.7301,-5.8738,-7.4259,-7.8915,0.56175,-3.8645,1.0892,2.7215,-10.524,-16.714,-6.985,2.8197,1.6355,0,33.728,13.701,-19.111,-0.7133,9.1989,-1.0173,9.061,-10.798,3.6185,13.781,-4.6627,17.2,-4.7412,6.7232,11.503,7.423,9.3436,1.9373,6.3783,1.1009,9.4887,-4.9359,8.6474,-6.6668,-6.1912,8.8842,-11.833,-13.853,-1.1546,11.138,0.922,-1.5169,-2.1391,2.0834,0.89676,6.2849,-3.0016,-11.978,-4.2612,9.9086,-6.8731,-5.8691,-7.7126,-7.2491,-10.478,0.1609,-7.8495,-0.2002,4.2741,-7.3174,-18.992,-11.392,2.4456,0.72294,33.728,0,10.275,-27.496,-1.9246,11.494,-5.5869,10.023,-13.595,7.6903,19.771,-10.318,17.531,-6.2398,9.1329,18.701,9.9397,12.381,-1.0121,8.6104,-3.2791,7.054,-2.5081,13.497,-5.2006,-0.9128,7.1889,-21.444,-14.546,-2.0482,8.4174,1.284,-7.1428,2.2044,4.98,-3.2851,1.5561,-7.6366,-14.069,1.1547,4.5879,-8.5667,-0.7443,-12.153,-13.87,-3.5964,10.944,-4.0668,5.5779,12.1,-18.939,-3.57,6.7787,20.988,6.103,13.701,10.275,0,-1.4906,-10.057,1.7285,-5.1835,4.8966,-2.0777,5.6353,8.2614,-0.77047,0.37117,-12.627,-7.8867,1.9377,-1.1622,1.054,-9.1638,6.5547,-8.0337,5.7713,2.4764,-2.9814,-11.726,-19.575,12.698,-3.886,-16.304,-8.122,3.8166,15.312,9.026,1.7624,-3.3304,2.2536,7.5346,-9.8085,-13.194,-2.0292,6.6936,-0.86019,2.2879,0.69959,0.063548,5.5988,4.5426,4.8641,6.5135,3.0536,-1.2884,18.098,22.157,4.3696,5.2555,-19.111,-27.496,-1.4906,0,-4.1317,-16.965,4.0824,-13.509,9.9561,-4.2086,-18.601,12.061,-18.57,1.3439,-19.25,-26.648,-13.588,-19.155,-3.0241,-7.7466,0.20708,-2.1631,0.67934,-18.257,0.24016,-6.5789,-0.6976,21.721,11.776,-0.85045,-8.7588,5.7378,14.931,-5.0097,-5.8106,1.1476,5.2886,5.872,11.851,-0.55399,0.58966,13.112,0.76632,24.227,14.534,14.036,-8.433,9.274,-3.3034,-20.682,17.599,3.8221,-9.0398,-11.837,-9.2012,-0.7133,-1.9246,-10.057,-4.1317,0,3.6312,7.6185,1.6657,7.4785,-4.86,-4.8282,-2.7822,6.5015,3.126,13.323,0.12852,3.0885,12.633,23.744,-8.7225,14.94,-7.7641,3.7312,6.1422,-1.736,9.5365,-20.584,5.0213,0.75366,22.862,7.0124,-34.489,-5.0489,-4.9839,-3.6755,12.53,-2.4379,8.0157,5.3129,-12.332,2.1268,-12.731,5.353,6.6642,-2.0923,-0.034249,-11.037,-4.8592,-16.031,-9.3982,6.1225,-5.2685,-21.181,-5.9389,-21.967,9.1989,11.494,1.7285,-16.965,3.6312,0,-7.6208,32.513,4.2836,-3.8773,23.074,-6.7407,11.387,4.5812,21.32,14.032,1.824,14.002,-2.1835,20.543,-2.1552,-8.9994,7.8074,12.646,-0.63826,4.7434,-2.8169,-9.9318,-11.643,-4.4268,17.758,-2.0365,-15.351,8.9492,9.6846,5.3806,-9.5675,-7.3573,-9.7779,-6.6533,-2.7219,-6.3454,-9.1653,6.2816,15.061,9.4146,2.5139,28.027,-3.0778,-9.8099,-2.1316,-4.2505,7.1389,-5.7635,4.5374,-1.0173,-5.5869,-5.1835,4.0824,7.6185,-7.6208,0,-3.9148,-0.94248,-15.356,-16.854,19.1,-3.4432,10.301,-2.449,-5.6229,6.3224,-4.3454,19.622,-14.835,28.215,10.95,-15.19,-12.509,10.951,-6.6016,2.8375,13.658,5.212,4.1458,-3.2515,-10.229,12.723,-8.0729,-14.646,11.099,3.416,22.516,3.4751,-8.7174,2.8867,-1.2869,7.3139,4.8104,0.24784,3.6106,-4.5783,0.18568,-20.807,-8.8156,2.3976,-7.1242,-12.363,-1.6236,-16.676,9.061,10.023,4.8966,-13.509,1.6657,32.513,-3.9148,0,4.8233,-6.5752,18.418,-2.309,5.3936,4.2863,13.386,14.42,4.4931,12.572,-2.6601,17.679,-1.4954,-5.6814,6.8758,5.1429,2.212,-0.73397,1.1156,-7.4897,-16.77,-8.5066,12.653,0.23163,-7.9791,12.846,2.992,9.8784,-11.541,-7.8247,-15.989,-7.1873,-5.333,-7.7509,11.929,17.171,2.7665,15.802,-6.2173,4.3383,-5.8989,-11.45,11.566,20.762,1.1388,-2.2008,-15.33,-10.798,-13.595,-2.0777,9.9561,7.4785,4.2836,-0.94248,4.8233,0,-9.4737,-3.1131,3.7012,-6.1009,4.3106,1.3355,-9.4681,-13.22,0.21612,0.041148,2.5895,1.484,-21.163,15.143,-4.0004,-3.5471,0.14647,-12.67,13.743,0.62324,2.1071,6.7745,-2.261,0.96514,1.5521,-0.75515,14.128,-3.9559,0.64303,4.9537,-13.086,-1.5564,1.4619,2.5671,-13.253,-8.2219,-9.2306,7.1753,-14.998,14.657,18.4,-2.585,-0.55163,-1.2977,11.045,9.505,3.6185,7.6903,5.6353,-4.2086,-4.86,-3.8773,-15.356,-6.5752,-9.4737,0,5.9177,-21.917,2.5465,-26.183,-3.3174,5.8671,2.505,5.4137,-7.9413,-1.0098,-16.525,0.36251,6,9.4313,-11.932,5.0595,-0.94638,-14.63,-4.4694,3.7762,-5.7362,5.1444,-5.182,2.5285,3.0425,-14.628,1.9477,-15.037,-3.1832,15.707,-0.31828,-4.7025,3.7297,-4.394,-10.797,-8.9523,-4.4946,-14.656,-6.0374,2.6104,-1.2316,-8.1194,-15.428,1.7546,-8.6954,13.781,19.771,8.2614,-18.601,-4.8282,23.074,-16.854,18.418,-3.1131,5.9177,0,-12.984,11.655,-3.6269,11.362,17.397,2.1636,11.225,-10.335,25.045,-11.71,-3.9927,7.0063,15.196,-5.081,2.6426,2.9748,-21.325,-14.452,-7.9138,11.248,6.0126,-14.294,9.8723,12.536,-3.5589,-5.3735,-16.262,-13.584,1.7861,-1.5,-4.2156,-6.8181,2.5526,4.2926,5.0338,1.6929,15.193,-4.1618,-4.9727,-6.8877,0.44349,13.599,-2.4187,2.5544,-4.6627,-10.318,-0.77047,12.061,-2.7822,-6.7407,19.1,-2.309,3.7012,-21.917,-12.984,0,-8.6825,14.594,-8.5002,-12.2,-3.3662,-16.09,4.4,-4.1589,12.79,8.0159,-12.466,-22.036,10.76,-13.997,8.8285,19.273,7.2452,-6.4434,-2.1514,1.8089,17.775,-6.0019,-7.889,8.1603,4.8195,16.526,4.2705,-8.3914,2.8829,10.447,-11.549,3.2545,-6.3788,-9.929,-14.338,-8.8251,1.5447,-3.8629,1.7855,-7.1058,-18.642,-10.077,-6.1195,17.2,17.531,0.37117,-18.57,6.5015,11.387,-3.4432,5.3936,-6.1009,2.5465,11.655,-8.6825,0,1.3697,18.5,6.6731,0.71085,8.9596,6.0179,6.39,4.0017,0.39541,-3.1783,23.277,-7.7196,6.1075,-2.5981,-9.3499,-1.7891,7.1484,18.812,-7.1869,-12.08,-8.2188,13.475,-2.9168,6.3534,2.1416,0.98505,-6.0173,12.79,-3.0105,-5.2049,11.22,6.1538,1.6695,-13.853,7.0515,-13.805,-15.987,5.1491,-1.1514,-3.7323,-20.699,-10.318,-4.7412,-6.2398,-12.627,1.3439,3.126,4.5812,10.301,4.2863,4.3106,-26.183,-3.6269,14.594,1.3697,0,7.1388,-3.9135,-2.7169,-6.9969,6.2508,3.094,13.33,-0.54472,-8.9472,-3.1078,15.408,1.9889,0.092345,8.4017,10.665,-3.5874,5.0867,-5.9124,-1.6846,-3.4133,4.5044,4.3734,-2.7242,15.663,7.1851,-8.201,-0.49107,8.36,0.037556,12.918,3.8005,0.21191,-18.657,-2.6574,-11.003,-15.578,13.856,-4.86,-38.796,-17.167,-19.043,6.7232,9.1329,-7.8867,-19.25,13.323,21.32,-2.449,13.386,1.3355,-3.3174,11.362,-8.5002,18.5,7.1388,0,11.447,4.0489,15.819,7.567,7.5155,5.0836,-8.0748,3.0875,20.167,0.64715,14.442,-10.122,-7.9991,-2.9604,6.059,15.545,-14.177,-22.107,1.4641,10.281,3.1834,-7.1044,0.48919,-1.0962,-6.6131,-0.18808,-8.4642,5.0475,-4.284,2.79,-2.5109,2.1701,-3.0377,-9.7979,-0.12231,0.79486,-18.337,-14.654,1.0823,-3.0637,11.503,18.701,1.9377,-26.648,0.12852,14.032,-5.6229,14.42,-9.4681,5.8671,17.397,-12.2,6.6731,-3.9135,11.447,0,19.714,18.663,-1.7881,7.3103,-5.3364,1.7389,2.4398,10.549,3.9696,5.8385,2.4839,-26.018,-16.093,-4.0967,0.92957,-1.7415,-12.734,15.49,1.2019,-1.3849,-13.532,-12.513,-20.329,6.6436,-9.9148,-15.984,0.64284,-4.0909,12.533,2.7067,9.0713,7.8923,-6.4541,-1.1086,-1.6512,-21.124,-4.4102,1.4858,5.3468,7.423,9.9397,-1.1622,-13.588,3.0885,1.824,6.3224,4.4931,-13.22,2.505,2.1636,-3.3662,0.71085,-2.7169,4.0489,19.714,0,11.721,6.6349,-5.4167,3.2006,10.239,-5.3388,0.98621,9.9129,2.0186,4.2289,-10.863,-9.5547,0.059308,-7.2631,-6.5338,-2.143,8.791,-10.108,1.7279,-9.5518,-2.6194,-14.292,6.3939,-9.4047,-18.276,7.5338,5.6957,5.8466,6.117,-1.1942,-0.020004,-6.0672,-6.6496,8.6384,-5.6264,-16.457,-0.50101,-7.9591,9.3436,12.381,1.054,-19.155,12.633,14.002,-4.3454,12.572,0.21612,5.4137,11.225,-16.09,8.9596,-6.9969,15.819,18.663,11.721,0,5.4048,2.1088,-0.66526,-6.2111,10.264,13.661,-4.4612,8.202,-9.0123,-12.146,-16.6,7.345,6.6772,-10.311,-12.134,8.3252,-1.3207,6.6532,-9.7378,-9.1953,-11.474,-2.4027,-4.3031,-30.327,-8.3355,14.054,15.851,9.449,-4.5784,15.323,-1.0551,-15.733,6.744,-2.2895,-3.2984,-11.991,-1.0562,1.9373,-1.0121,-9.1638,-3.0241,23.744,-2.1835,19.622,-2.6601,0.041148,-7.9413,-10.335,4.4,6.0179,6.2508,7.567,-1.7881,6.6349,5.4048,0,-14.923,30.263,3.2306,-7.4982,0.7474,2.9752,3.2697,-7.8161,7.3946,4.0308,18.052,3.2087,-28.902,1.659,-10.798,-7.5675,10.387,2.9333,18.106,6.0692,-11.318,5.7609,-8.4201,3.9718,-2.2106,-13.456,-8.3758,-7.8623,-13.367,-8.7413,0.90836,-1.4308,-2.5859,-9.5949,-0.33683,-12.535,6.3783,8.6104,6.5547,-7.7466,-8.7225,20.543,-14.835,17.679,2.5895,-1.0098,25.045,-4.1589,6.39,3.094,7.5155,7.3103,-5.4167,2.1088,-14.923,0,-10.796,-6.4658,6.2121,7.71,-2.1566,-0.28587,4.4095,-9.4703,-7.3093,-14.486,12.29,10.561,-9.8474,8.2739,16.054,-2.5557,-4.4024,-10.767,-7.6291,-0.97408,-1.2377,4.5592,-11.352,13.601,12.885,8.2322,-5.7741,18.302,-3.5872,-17.114,3.1134,-2.4077,-0.13486,-13.509,-1.8123,1.1009,-3.2791,-8.0337,0.20708,14.94,-2.1552,28.215,-1.4954,1.484,-16.525,-11.71,12.79,4.0017,13.33,5.0836,-5.3364,3.2006,-0.66526,30.263,-10.796,0,5.2982,-12.041,-3.9451,6.4383,-1.4952,-2.7973,12.369,6.4483,9.5299,4.3681,-17.783,5.4284,-12.464,-6.7106,11.925,4.6724,28.442,7.0904,-15.182,7.1829,-1.9249,-16.225,-14.056,-0.52067,-7.622,10.719,4.8933,5.0866,8.3726,-21.096,-17.19,8.2759,4.5608,20.052,9.4887,7.054,5.7713,-2.1631,-7.7641,-8.9994,10.95,-5.6814,-21.163,0.36251,-3.9927,8.0159,0.39541,-0.54472,-8.0748,1.7389,10.239,-6.2111,3.2306,-6.4658,5.2982,0,-24.978,-6.9755,5.75,-11.511,21.228,-1.885,-0.10811,-4.3904,-7.0853,3.6077,11.368,-5.3291,-7.3379,-4.0776,8.7054,6.2056,-4.3855,4.288,5.0031,1.5405,24.463,5.4582,-1.4015,8.095,-0.80344,-5.5558,-2.4058,-1.3334,11.024,12.455,-4.5568,5.5048,-10.835,-4.9359,-2.5081,2.4764,0.67934,3.7312,7.8074,-15.19,6.8758,15.143,6,7.0063,-12.466,-3.1783,-8.9472,3.0875,2.4398,-5.3388,10.264,-7.4982,6.2121,-12.041,-24.978,0,5.1437,-9.7192,5.8132,-13.267,-2.4985,-8.5688,1.8311,3.4582,1.3302,-7.4005,11.009,1.9064,4.3485,-9.4314,-16.283,-3.6864,-0.6226,-7.0819,-6.7222,-1.3129,2.8098,-5.2425,-8.728,-13.147,-15.228,0.91543,-1.7799,8.5179,-2.9545,-27.157,-7.9097,-8.4574,8.6474,13.497,-2.9814,-18.257,6.1422,12.646,-12.509,5.1429,-4.0004,9.4313,15.196,-22.036,23.277,-3.1078,20.167,10.549,0.98621,13.661,0.7474,7.71,-3.9451,-6.9755,5.1437,0,-8.3181,16.333,-8.8282,-15.849,-2.5154,7.6961,11.512,-6.4252,-26.156,-0.62254,16.969,-7.1025,-1.2228,-5.7931,0.26184,1.2174,3.338,-5.8451,0.84515,1.1259,14.021,3.2529,1.0594,11.159,-15.263,-6.6093,1.5347,-8.404,0.52824,-7.3029,-0.37679,-6.6668,-5.2006,-11.726,0.24016,-1.736,-0.63826,10.951,2.212,-3.5471,-11.932,-5.081,10.76,-7.7196,15.408,0.64715,3.9696,9.9129,-4.4612,2.9752,-2.1566,6.4383,5.75,-9.7192,-8.3181,0,1.8823,5.1022,1.6432,4.8625,-8.0149,-9.3634,-2.9827,0.30624,6.94,-4.6415,1.0308,-11.881,6.3256,-1.8541,4.4397,-13.814,1.0761,5.027,8.0168,5.9043,-0.8921,-11.838,-6.1482,-2.8409,-6.3769,23.028,2.6459,-17.363,-13.356,-8.6661,-6.1912,-0.9128,-19.575,-6.5789,9.5365,4.7434,-6.6016,-0.73397,0.14647,5.0595,2.6426,-13.997,6.1075,1.9889,14.442,5.8385,2.0186,8.202,3.2697,-0.28587,-1.4952,-11.511,5.8132,16.333,1.8823,0,-17.898,-7.0474,6.1115,9.9115,0.18114,-12.232,-24.973,2.6268,9.8384,-6.8036,-9.7097,-1.7572,6.5454,5.9291,-6.9335,-4.7917,-8.1828,-19.668,-7.7825,-10.124,10.516,-0.19388,0.63959,11.986,-32.054,-13.953,9.0737,9.3031,11.921,8.8842,7.1889,12.698,-0.6976,-20.584,-2.8169,2.8375,1.1156,-12.67,-0.94638,2.9748,8.8285,-2.5981,0.092345,-10.122,2.4839,4.2289,-9.0123,-7.8161,4.4095,-2.7973,21.228,-13.267,-8.8282,5.1022,-17.898,0,-3.5303,-4.1658,-18.721,-4.2586,16.076,10.465,1.3551,-2.7056,-4.3928,5.2164,-0.97669,-9.594,4.7654,1.8827,6.6101,-2.1771,10.422,5.4572,11.679,-1.2593,13.372,1.4549,-7.6099,1.8185,13.935,13.373,-3.1084,-0.39034,-11.833,-21.444,-3.886,21.721,5.0213,-9.9318,13.658,-7.4897,13.743,-14.63,-21.325,19.273,-9.3499,8.4017,-7.9991,-26.018,-10.863,-12.146,7.3946,-9.4703,12.369,-1.885,-2.4985,-15.849,1.6432,-7.0474,-3.5303,0,10.958,3.9793,-0.63775,-3.2218,14.94,-10.356,-7.695,10.759,6.5787,16.414,13.241,-12.339,5.2225,8.2336,-8.1261,4.1393,1.4084,-3.8838,-8.5925,-0.10569,5.5532,-1.9194,4.7706,8.4077,3.7622,-12.304,1.9642,-13.853,-14.546,-16.304,11.776,0.75366,-11.643,5.212,-16.77,0.62324,-4.4694,-14.452,7.2452,-1.7891,10.665,-2.9604,-16.093,-9.5547,-16.6,4.0308,-7.3093,6.4483,-0.10811,-8.5688,-2.5154,4.8625,6.1115,-4.1658,10.958,0,5.2363,-4.2488,-3.8512,0.93287,-13.242,5.5662,-7.886,6.3817,15.937,31.27,1.5396,3.9454,15.914,-3.5429,11.405,7.09,5.7713,-5.3839,2.8608,8.4504,-6.9193,11.58,6.409,-4.5039,-7.189,-0.4319,-1.1546,-2.0482,-8.122,-0.85045,22.862,-4.4268,4.1458,-8.5066,2.1071,3.7762,-7.9138,-6.4434,7.1484,-3.5874,6.059,-4.0967,0.059308,7.345,18.052,-14.486,9.5299,-4.3904,1.8311,7.6961,-8.0149,9.9115,-18.721,3.9793,5.2363,0,2.7674,-20.943,-3.0853,-11.793,-1.8705,2.7757,5.1149,7.4951,11.102,-5.445,7.3043,-7.9433,-4.4157,10.235,-7.1684,-1.5182,-17.222,-4.7846,-3.8736,-9.6464,3.3822,0.80851,-12.646,-8.1964,-16.406,11.138,8.4174,3.8166,-8.7588,7.0124,17.758,-3.2515,12.653,6.7745,-5.7362,11.248,-2.1514,18.812,5.0867,15.545,0.92957,-7.2631,6.6772,3.2087,12.29,4.3681,-7.0853,3.4582,11.512,-9.3634,0.18114,-4.2586,-0.63775,-4.2488,2.7674,0,-3.8626,-6.8658,-5.7007,11.152,6.8083,4.6781,1.8842,0.51394,-18.74,12.307,-0.14144,2.2534,-19.165,-17.862,-9.8968,8.7775,-9.7524,3.9701,19.681,-16.387,0.16331,10.098,16.32,6.5535,0.922,1.284,15.312,5.7378,-34.489,-2.0365,-10.229,0.23163,-2.261,5.1444,6.0126,1.8089,-7.1869,-5.9124,-14.177,-1.7415,-6.5338,-10.311,-28.902,10.561,-17.783,3.6077,1.3302,-6.4252,-2.9827,-12.232,16.076,-3.2218,-3.8512,-20.943,-3.8626,0,6.3045,5.4794,2.9421,-7.927,3.1244,-10.974,-6.2814,7.9001,-0.74303,11.298,-5.0062,-4.9934,0.41715,5.1698,14.165,11.914,6.5362,5.0278,-14.688,2.0492,31.716,10.83,13.628,-1.5169,-7.1428,9.026,14.931,-5.0489,-15.351,12.723,-7.9791,0.96514,-5.182,-14.294,17.775,-12.08,-1.6846,-22.107,-12.734,-2.143,-12.134,1.659,-9.8474,5.4284,11.368,-7.4005,-26.156,0.30624,-24.973,10.465,14.94,0.93287,-3.0853,-6.8658,6.3045,0,-6.2457,-16.732,6.5881,10.472,7.1895,0.4327,-4.1919,5.5599,5.0995,22.327,-3.6022,3.9585,4.5455,6.9182,-0.50897,-13.798,1.091,2.6533,-4.2607,-3.6973,6.9948,-4.6976,-2.1391,2.2044,1.7624,-5.0097,-4.9839,8.9492,-8.0729,12.846,1.5521,2.5285,9.8723,-6.0019,-8.2188,-3.4133,1.4641,15.49,8.791,8.3252,-10.798,8.2739,-12.464,-5.3291,11.009,-0.62254,6.94,2.6268,1.3551,-10.356,-13.242,-11.793,-5.7007,5.4794,-6.2457,0,-2.6443,1.399,-26.842,-19.123,-18.062,8.8183,-27.046,-8.4614,-3.3226,0.42638,-13.887,-16.433,-19.221,-22.791,0.3393,0.94611,4.2347,1.744,-13.412,-9.4516,-9.5651,2.0834,4.98,-3.3304,-5.8106,-3.6755,9.6846,-14.646,2.992,-0.75515,3.0425,12.536,-7.889,13.475,4.5044,10.281,1.2019,-10.108,-1.3207,-7.5675,16.054,-6.7106,-7.3379,1.9064,16.969,-4.6415,9.8384,-2.7056,-7.695,5.5662,-1.8705,11.152,2.9421,-16.732,-2.6443,0,-12.488,1.9144,-2.6698,6.1326,1.6539,4.6112,9.5088,4.7808,14.735,10.78,24.745,0.45061,18.819,-10.074,-16.447,3.9247,2.454,1.2768,-0.75537,-8.4427,0.89676,-3.2851,2.2536,1.1476,12.53,5.3806,11.099,9.8784,14.128,-14.628,-3.5589,8.1603,-2.9168,4.3734,3.1834,-1.3849,1.7279,6.6532,10.387,-2.5557,11.925,-4.0776,4.3485,-7.1025,1.0308,-6.8036,-4.3928,10.759,-7.886,2.7757,6.8083,-7.927,6.5881,1.399,-12.488,0,-3.4735,4.6918,-4.4525,-20.903,-0.088336,-8.8405,-20.478,-4.2552,-11.793,-8.5257,-0.66057,-3.2563,20.003,6.9819,-11.407,2.554,8.1006,1.8866,9.6507,6.2849,1.5561,7.5346,5.2886,-2.4379,-9.5675,3.416,-11.541,-3.9559,1.9477,-5.3735,4.8195,6.3534,-2.7242,-7.1044,-13.532,-9.5518,-9.7378,2.9333,-4.4024,4.6724,8.7054,-9.4314,-1.2228,-11.881,-9.7097,5.2164,6.5787,6.3817,5.1149,4.6781,3.1244,10.472,-26.842,1.9144,-3.4735,0,9.3582,9.422,-5.736,32.862,9.8348,-15.82,9.4952,7.2268,2.7571,-7.1056,11.862,0.87377,-10.471,1.1113,1.0603,3.6608,-14.214,1.0641,-3.0016,-7.6366,-9.8085,5.872,8.0157,-7.3573,22.516,-7.8247,0.64303,-15.037,-16.262,16.526,2.1416,15.663,0.48919,-12.513,-2.6194,-9.1953,18.106,-10.767,28.442,6.2056,-16.283,-5.7931,6.3256,-1.7572,-0.97669,16.414,15.937,7.4951,1.8842,-10.974,7.1895,-19.123,-2.6698,4.6918,9.3582,0,15.184,-10.579,9.7456,6.5892,-7.2726,8.303,-0.014472,-1.4339,-11.329,-1.0739,8.4879,-3.7027,7.5512,14.312,2.3925,-11.916,-0.65692,-11.978,-14.069,-13.194,11.851,5.3129,-9.7779,3.4751,-15.989,4.9537,-3.1832,-13.584,4.2705,0.98505,7.1851,-1.0962,-20.329,-14.292,-11.474,6.0692,-7.6291,7.0904,-4.3855,-3.6864,0.26184,-1.8541,6.5454,-9.594,13.241,31.27,11.102,0.51394,-6.2814,0.4327,-18.062,6.1326,-4.4525,9.422,15.184,0,-3.1673,8.4149,12.569,4.1426,-17.25,-1.9446,-9.7174,9.0918,-8.6017,4.4899,16.44,-3.0607,-4.497,1.7435,6.8634,11.081,-4.2612,1.1547,-2.0292,-0.55399,-12.332,-6.6533,-8.7174,-7.1873,-13.086,15.707,1.7861,-8.3914,-6.0173,-8.201,-6.6131,6.6436,6.3939,-2.4027,-11.318,-0.97408,-15.182,4.288,-0.6226,1.2174,4.4397,5.9291,4.7654,-12.339,1.5396,-5.445,-18.74,7.9001,-4.1919,8.8183,1.6539,-20.903,-5.736,-10.579,-3.1673,0,-11.446,0.82756,-20.121,0.70395,-10.956,-6.9706,-5.9109,-3.478,13.275,1.4893,-6.9702,1.8598,1.7862,-2.132,2.9741,9.9086,4.5879,6.6936,0.58966,2.1268,-2.7219,2.8867,-5.333,-1.5564,-0.31828,-1.5,2.8829,12.79,-0.49107,-0.18808,-9.9148,-9.4047,-4.3031,5.7609,-1.2377,7.1829,5.0031,-7.0819,3.338,-13.814,-6.9335,1.8827,5.2225,3.9454,7.3043,12.307,-0.74303,5.5599,-27.046,4.6112,-0.088336,32.862,9.7456,8.4149,-11.446,0,6.4842,-7.3952,-3.9198,-11.699,-10.445,-5.2118,-6.2733,4.891,5.5223,-5.931,6.8548,8.174,-2.4931,1.9531,-6.8731,-8.5667,-0.86019,13.112,-12.731,-6.3454,-1.2869,-7.7509,1.4619,-4.7025,-4.2156,10.447,-3.0105,8.36,-8.4642,-15.984,-18.276,-30.327,-8.4201,4.5592,-1.9249,1.5405,-6.7222,-5.8451,1.0761,-4.7917,6.6101,8.2336,15.914,-7.9433,-0.14144,11.298,5.0995,-8.4614,9.5088,-8.8405,9.8348,6.5892,12.569,0.82756,6.4842,0
