0,-9.5284,-13.012,2.9216,0.86362,-0.14936,7.3872,3.4705,6.8817,-10.614,-8.9173,-8.5438,2.7952,11.182,5.3284,2.3974,-10.348,0.026626,1.8516,3.069,1.7042,-9.5284,0,9.7249,-3.1253,-0.73828,0.27274,-6.1218,-1.9807,-4.7123,10.126,7.2744,10.587,-2.594,-10.502,-8.2035,-3.734,10.268,-3.3723,0.15778,-4.0284,-0.86749,-13.012,9.7249,0,-4.203,0.71159,1.3863,-7.0637,-4.9957,-6.4967,9.7311,7.5312,8.2501,-3.755,-10.288,-5.2902,-1.9756,9.7512,1.1051,-2.2547,-2.4588,-1.4677,2.9216,-3.1253,-4.203,0,1.342,-1.1411,7.8241,6.5453,0.689,-3.3953,-3.68,-2.8634,-0.77378,3.477,2.9269,-2.5097,-2.6835,-4.2054,5.3373,5.7566,1.6522,0.86362,-0.73828,0.71159,1.342,0,9.9881,-1.3,3.2019,3.5067,-3.905,-3.0494,-3.5943,-5.6841,1.0033,4.1271,-4.9829,-2.4896,-1.2473,5.3926,2.1695,-4.4694,-0.14936,0.27274,1.3863,-1.1411,9.9881,0,-3.3684,0.46756,2.2814,-2.2677,-0.561,-3.4831,-5.8212,-0.96528,2.4714,-5.5076,-0.17744,-0.76344,3.6599,-1.2013,-4.5209,7.3872,-6.1218,-7.0637,7.8241,-1.3,-3.3684,0,2.5698,2.8346,-5.2078,-6.4846,-5.8409,1.8717,6.5448,3.939,2.2521,-5.5643,-1.6123,2.2247,8.4329,2.8989,3.4705,-1.9807,-4.9957,6.5453,3.2019,0.46756,2.5698,0,5.9939,-6.0432,-5.0055,-3.696,-1.5015,4.2288,3.1863,-2.0894,-4.7146,-5.2584,6.1748,2.8605,-2.4271,6.8817,-4.7123,-6.4967,0.689,3.5067,2.2814,2.8346,5.9939,0,-9.0303,-5.8986,-7.5005,-1.6397,6.3753,4.8741,1.5344,-7.4831,-2.6796,2.3068,4.3316,-2.7546,-10.614,10.126,9.7311,-3.3953,-3.905,-2.2677,-5.2078,-6.0432,-9.0303,0,12.556,12.725,-0.93678,-8.4089,-10.139,-1.087,14.421,0.17415,-4.0696,-5.1307,0.51668,-8.9173,7.2744,7.5312,-3.68,-3.0494,-0.561,-6.4846,-5.0055,-5.8986,12.556,0,9.2157,-0.8127,-6.5703,-7.7653,-0.73475,13.825,2.0764,-4.4175,-6.0762,-1.2566,-8.5438,10.587,8.2501,-2.8634,-3.5943,-3.4831,-5.8409,-3.696,-7.5005,12.725,9.2157,0,0.46036,-9.3488,-8.0585,-1.1739,10.738,0.10691,-3.4585,-4.692,0.59943,2.7952,-2.594,-3.755,-0.77378,-5.6841,-5.8212,1.8717,-1.5015,-1.6397,-0.93678,-0.8127,0.46036,0,0.82485,0.35976,4.3491,-1.813,3.4554,-3.7799,-1.4987,3.6728,11.182,-10.502,-10.288,3.477,1.0033,-0.96528,6.5448,4.2288,6.3753,-8.4089,-6.5703,-9.3488,0.82485,0,3.7268,2.8826,-9.2052,0.19083,0.94293,2.9143,0.065292,5.3284,-8.2035,-5.2902,2.9269,4.1271,2.4714,3.939,3.1863,4.8741,-10.139,-7.7653,-8.0585,0.35976,3.7268,0,1.0999,-10.092,1.9473,3.4769,5.5729,-1.3066,2.3974,-3.734,-1.9756,-2.5097,-4.9829,-5.5076,2.2521,-2.0894,1.5344,-1.087,-0.73475,-1.1739,4.3491,2.8826,1.0999,0,-3.1191,5.0908,-6.6002,1.1029,0.55051,-10.348,10.268,9.7512,-2.6835,-2.4896,-0.17744,-5.5643,-4.7146,-7.4831,14.421,13.825,10.738,-1.813,-9.2052,-10.092,-3.1191,0,-0.32633,-2.4887,-5.0447,0.21858,0.026626,-3.3723,1.1051,-4.2054,-1.2473,-0.76344,-1.6123,-5.2584,-2.6796,0.17415,2.0764,0.10691,3.4554,0.19083,1.9473,5.0908,-0.32633,0,-6.9649,-1.4741,-0.91068,1.8516,0.15778,-2.2547,5.3373,5.3926,3.6599,2.2247,6.1748,2.3068,-4.0696,-4.4175,-3.4585,-3.7799,0.94293,3.4769,-6.6002,-2.4887,-6.9649,0,3.1071,2.0153,3.069,-4.0284,-2.4588,5.7566,2.1695,-1.2013,8.4329,2.8605,4.3316,-5.1307,-6.0762,-4.692,-1.4987,2.9143,5.5729,1.1029,-5.0447,-1.4741,3.1071,0,0.38415,1.7042,-0.86749,-1.4677,1.6522,-4.4694,-4.5209,2.8989,-2.4271,-2.7546,0.51668,-1.2566,0.59943,3.6728,0.065292,-1.3066,0.55051,0.21858,-0.91068,2.0153,0.38415,0
