0,0.43469,-23.345,-7.9541,-6.9468,-8.0614,-9.2388,5.4004,-3.9893,-9.6392,5.4762,4.5635,4.051,13.629,-0.15302,7.106,12.114,-2.9297,15.59,-1.3382,-4.1041,7.7783,4.6396,-2.0909,-25.393,-13.452,-25.437,-13.811,8.4216,-7.9164,5.1938,-4.9566,-4.6196,-2.0552,-15.374,11.681,-0.20397,18.848,11.066,-18.626,-18.963,-6.9767,-8.1123,-10.436,-7.6804,0.61422,4.4351,1.1483,-2.5757,-6.8316,8.9068,2.1205,3.5171,-6.3266,-8.4229,0.43469,0,4.9795,-13.316,-1.5992,9.4921,-0.70366,-10.381,14.17,-17.687,-7.1297,-18.609,6.6306,-4.3147,22.055,-5.2157,-3.0793,-1.4255,-1.9197,10.22,12.203,-6.738,-6.5751,-21.007,-7.1943,-6.8735,8.5535,15.462,11.975,10.624,-4.5773,10.627,28.743,-14.587,12.326,-9.1595,7.4509,-0.082796,-9.5181,-10.967,-2.5809,-2.4199,-0.98933,20.229,6.9878,-10.367,10.489,7.4911,5.4105,9.1182,-11.429,-3.6743,-5.5402,15.495,-22.833,-23.345,4.9795,0,6.1231,4.4565,17.008,14.626,-2.7348,8.0575,6.5457,-6.2065,-3.6813,0.85698,-11.519,2.5128,-5.07,-23.534,4.5401,-21.862,12.946,6.5443,-9.9086,-17.397,-6.4652,14.458,5.5682,36.465,20.706,-11.675,20.028,-6.9588,17.639,7.7792,4.8405,32.524,-25.098,-3.3413,-30.46,-9.7625,6.1138,10.273,5.0328,6.8095,19.083,1.2107,-0.60023,-3.636,-7.2845,-2.1669,19.244,-3.6366,4.5837,-8.0709,9.675,4.5665,-7.9541,-13.316,6.1231,0,-0.19881,-0.092355,0.41051,5.1044,-14.495,40.273,-5.6052,5.8835,-17.822,-0.070488,-4.8594,-7.607,-12.168,16.369,0.19705,-5.0427,-16.309,-6.0629,-1.838,15.493,17.962,19.172,2.0109,-1.09,-20.983,-2.1431,-8.4558,-0.66438,-7.5808,19.615,2.3589,2.3033,-9.2156,-7.7083,11.309,10.867,10.326,14.506,13.167,-1.3156,-3.6981,5.9183,-6.977,-8.1849,-11.06,-0.46403,7.9456,12.841,-7.6995,-15.636,10.748,-6.9468,-1.5992,4.4565,-0.19881,0,-2.9299,14.62,-14.518,13.154,2.9466,16.56,5.7913,-4.8961,-25.188,-7.5916,0.22229,-5.0954,-9.5776,-7.8554,2.4107,13.422,0.42738,-4.7948,1.1097,9.633,7.5356,6.888,6.5261,0.30318,8.1242,16.897,0.79011,-1.0551,2.0152,3.2879,-7.0735,-14.304,-8.934,-13.837,4.8006,2.3864,-1.0879,12.109,-1.8862,-6.1778,18.194,-23.128,8.0946,15.244,5.1852,-1.9372,-0.93803,17.801,7.7586,3.1493,-8.0614,9.4921,17.008,-0.092355,-2.9299,0,10.898,-2.8108,8.1729,-1.1362,-8.6675,-2.5094,4.6233,-5.9264,9.8893,-8.5105,-10.754,9.4097,-17.702,14.255,6.7162,-18.699,-13.168,-16.047,3.1688,-2.6236,14.834,19.758,-3.7181,18.716,-11.118,27.911,14.224,4.0275,17.035,-18.892,1.8755,-9.4755,-3.6002,-5.3932,9.1382,8.9583,-3.9897,15.137,2.9899,-9.6174,1.6205,-8.282,-0.6515,10.525,1.8501,-0.67782,-13.581,12.306,0.92728,-9.2388,-0.70366,14.626,0.41051,14.62,10.898,0,-3.8014,15.293,3.5389,10.288,10.199,4.4731,-15.694,-7.636,2.8702,-11.289,-4.1123,-28.481,15.973,14.515,-3.5406,-17.52,-8.104,7.6006,-0.62304,13.059,11.013,-8.1573,22.268,7.6732,15.484,0.011812,9.2693,10.702,-23.021,-13.057,-19.28,-11.303,0.071876,3.1431,-0.1024,2.1534,3.1626,-9.6488,9.589,-17.766,-7.0515,4.7026,14.737,5.335,2.4818,5.3086,13.03,9.859,5.4004,-10.381,-2.7348,5.1044,-14.518,-2.8108,-3.8014,0,-13.536,5.1612,-2.0039,6.9243,7.1546,22.729,-9.5844,13.054,1.4845,1.8825,2.973,1.0944,-13.393,10.515,-0.61065,4.1186,-5.2988,-7.4553,-7.6741,-14.947,-12.386,-6.3104,-3.4955,-1.9928,-15.035,7.2618,-5.1672,4.2662,0.54918,0.21881,12.191,0.28476,-8.0066,-6.0697,-8.0586,-5.4522,-6.9156,-0.40951,4.7774,-20.991,-25.38,-0.12038,9.9025,9.6716,-5.4745,-11.805,8.398,-3.9893,14.17,8.0575,-14.495,13.154,8.1729,15.293,-13.536,0,-11.933,7.8868,-2.7638,9.5114,-16.552,3.0393,1.9207,-3.7299,-11.812,-13.904,15.25,49.385,-2.0853,-11.041,-19.185,-1.6479,-6.4297,12.194,15.607,7.1658,19.676,9.2438,11.995,11.361,-6.9774,10.842,-18.838,-2.4298,-7.6639,-25.091,-5.9405,-1.9971,-6.3901,-0.36092,8.938,-1.1645,2.1119,-4.9833,5.4606,14.597,13.096,-6.4238,-5.5228,7.6027,34.423,-5.3001,-9.6392,-17.687,6.5457,40.273,2.9466,-1.1362,3.5389,5.1612,-11.933,0,-1.583,9.1741,-15.252,-1.9274,-9.4482,-4.542,-11.055,11.141,-2.328,-4.7822,-12.715,-3.5966,-1.8963,16.789,20.786,18.703,2.5429,-1.8995,-23.367,-1.6369,-4.2599,-1.4262,-10.786,21.427,1.4729,1.1829,-11.241,-9.6868,8.1067,13.817,10.291,11.59,12.334,-3.6157,-5.1892,9.0821,-10.971,-8.6943,-8.6868,-0.23694,8.2863,11.099,-3.551,-13.301,15.96,5.4762,-7.1297,-6.2065,-5.6052,16.56,-8.6675,10.288,-2.0039,7.8868,-1.583,0,16.266,3.533,-5.8241,-17.804,13.262,4.6616,-17.397,-2.533,2.35,9.0792,11.58,-1.3817,0.66215,-2.7177,-4.2912,-5.5141,-6.0882,1.492,1.5592,41.311,-3.2774,-11.233,2.8896,-7.9254,-0.64218,-13.163,-0.46956,-5.7522,-2.0379,-9.0274,-10.303,-0.054648,-13.776,-14.771,20.187,-17.87,2.0854,8.6563,0.50841,6.25,-0.36206,31.001,3.167,5.5283,4.5635,-18.609,-3.6813,5.8835,5.7913,-2.5094,10.199,6.9243,-2.7638,9.1741,16.266,0,-0.82111,0.2428,-21.051,7.7839,0.40787,-1.195,-3.7538,1.3351,-2.3608,4.2646,-2.7116,4.9639,1.3773,-1.1214,-7.5565,-8.7378,-9.7649,0.16278,10.581,0.049547,-18.576,19.792,-8.472,0.8121,-16.4,-1.9339,6.3395,-1.2456,-2.6534,0.27278,-1.6735,-17.275,-19.277,15.189,-18.541,-10.338,-2.1873,-1.6311,24.514,5.8871,8.5053,-5.4817,16.904,4.051,6.6306,0.85698,-17.822,-4.8961,4.6233,4.4731,7.1546,9.5114,-15.252,3.533,-0.82111,0,5.5404,-1.652,16.711,5.0207,-12.612,-6.7766,12.836,10.349,9.1851,-5.299,-16.161,-14.234,-28.857,1.1982,-0.71364,3.3367,5.5985,4.4832,6.1679,1.0754,-7.5483,1.7811,-8.0147,6.5185,-0.85402,-7.8978,-7.7464,-11.671,-18.313,-18.309,2.9904,-1.5351,-5.1605,6.6313,-6.4761,-1.2821,7.3006,-1.7266,-3.7638,1.9235,11.964,-1.0463,13.629,-4.3147,-11.519,-0.070488,-25.188,-5.9264,-15.694,22.729,-16.552,-1.9274,-5.8241,0.2428,5.5404,0,-1.0429,7.9717,8.9237,2.8492,13.37,-4.3145,-16.081,9.1508,6.6814,3.427,-13.436,-9.572,-15.707,-18.315,-1.2551,-13.793,-5.9313,-6.8253,-8.094,-0.60008,-10.684,12.777,7.6938,11.459,16.678,-4.4906,-10.295,-5.4307,-11.021,-5.9016,-0.81196,-6.8321,14.192,-8.2136,-17.258,-7.0056,5.4105,4.1442,-6.8627,-13.658,-1.1126,-0.15302,22.055,2.5128,-4.8594,-7.5916,9.8893,-7.636,-9.5844,3.0393,-9.4482,-17.804,-21.051,-1.652,-1.0429,0,-16.423,-1.4435,8.9993,2.8051,0.98048,1.8551,-15.044,0.39779,-9.641,-3.3689,-0.14245,4.9483,12.495,10.815,3.1176,-14.998,6.0875,30.1,-10.313,7.8537,-1.6576,12.117,4.8431,-0.61291,-7.2703,4.9979,7.6933,-0.49678,15.748,14.39,-18.861,15.049,7.8291,2.9572,0.3269,-9.2823,-5.2205,-13.812,5.7864,-18.646,7.106,-5.2157,-5.07,-7.607,0.22229,-8.5105,2.8702,13.054,1.9207,-4.542,13.262,7.7839,16.711,7.9717,-16.423,0,5.8764,-18.635,-0.21185,5.3931,2.902,29.382,-2.108,-1.4573,-10.057,-14.746,-6.1109,-12.529,-2.2852,-1.6804,14.156,-3.4088,-14.11,-1.367,-6.0664,-0.11957,-2.7198,-0.62118,-2.7864,-1.7584,-19.729,-28.537,-7.8913,-7.5935,-11.057,7.6783,-1.5383,-6.7916,-4.5833,3.7175,3.2127,3.2475,11.012,0.25193,4.3738,12.114,-3.0793,-23.534,-12.168,-5.0954,-10.754,-11.289,1.4845,-3.7299,-11.055,4.6616,0.40787,5.0207,8.9237,-1.4435,5.8764,0,-8.2238,10.749,-12.744,-1.1789,9.4311,22.674,3.1193,-12.99,-8.1288,-17.463,-14.531,15.887,-17.543,6.2637,-16.367,-4.2367,-10.732,-23.878,16.238,11.928,24.848,2.2875,-2.1605,-5.2663,-6.648,-15.223,-14.724,6.2071,-5.5266,6.8202,7.7949,6.6079,-20.73,-2.3738,-15.938,8.3447,-2.0432,-1.6062,-2.9297,-1.4255,4.5401,16.369,-9.5776,9.4097,-4.1123,1.8825,-11.812,11.141,-17.397,-1.195,-12.612,2.8492,8.9993,-18.635,-8.2238,0,1.5146,-2.9317,-14.108,-19.133,-0.90037,3.6302,7.1051,9.4689,1.3209,4.1815,-7.7965,-0.39148,-23.872,5.1622,4.263,10.855,3.9743,1.8239,0.35661,-0.35121,15.161,-0.07075,12.465,26.203,3.8909,4.5163,3.4259,-7.3094,3.228,-6.2619,-9.2209,-2.5326,6.7937,5.9457,-22.784,-9.0828,1.2979,15.59,-1.9197,-21.862,0.19705,-7.8554,-17.702,-28.481,2.973,-13.904,-2.328,-2.533,-3.7538,-6.7766,13.37,2.8051,-0.21185,10.749,1.5146,0,-14.644,-13.687,6.5523,14.515,9.9064,-8.9909,0.66614,-20.315,-15.2,7.5886,-21.371,-0.98608,-17.4,-4.2758,-5.4163,-15.22,28.034,4.0569,20.425,13.305,-2.9024,-7.9931,-1.6777,1.2293,-8.1961,1.5397,-1.154,8.4485,8.1064,-3.6051,-13.894,-0.4173,1.532,0.41152,-16.5,-9.9945,-1.3382,10.22,12.946,-5.0427,2.4107,14.255,15.973,1.0944,15.25,-4.7822,2.35,1.3351,12.836,-4.3145,0.98048,5.3931,-12.744,-2.9317,-14.644,0,12.382,-1.9541,-32.566,-22.104,-3.4421,-10.749,10.941,11.367,-5.0469,27.995,1.3347,27.434,5.8398,2.8963,16.248,-25.689,-6.6745,-13.773,-7.5965,-10.617,-6.3905,-5.7782,-1.3613,12.321,-9.7887,2.0609,-2.5876,-9.7631,-3.1193,29.585,3.6494,8.0215,-2.7248,13.452,-2.1548,-4.1041,12.203,6.5443,-16.309,13.422,6.7162,14.515,-13.393,49.385,-12.715,9.0792,-2.3608,10.349,-16.081,1.8551,2.902,-1.1789,-14.108,-13.687,12.382,0,-0.72833,-8.0992,-16.974,-1.8173,-6.7232,10.904,13.274,8.4652,16.021,10.785,9.2654,9.955,-8.2424,8.392,-16.267,-0.9841,-6.2564,-27.975,-4.4723,-1.6019,-7.2949,-1.9582,6.7717,0.087628,1.7322,-4.8907,6.3641,17.04,10.222,-7.3774,-8.2736,9.5803,35.896,-3.9665,7.7783,-6.738,-9.9086,-6.0629,0.42738,-18.699,-3.5406,10.515,-2.0853,-3.5966,11.58,4.2646,9.1851,9.1508,-15.044,29.382,9.4311,-19.133,6.5523,-1.9541,-0.72833,0,4.2679,4.718,-8.7046,-8.4836,-9.6598,-18.139,0.60221,-8.6543,14.228,-11.963,-15.892,-4.7636,-10.508,6.6407,-0.71662,3.4847,-1.3422,2.0323,-18.401,-26.446,-4.0717,-10.334,-6.8711,8.0314,0.16342,-0.68972,-3.2074,-1.5022,-0.76977,1.7781,13.346,-4.2415,1.8578,4.6396,-6.5751,-17.397,-1.838,-4.7948,-13.168,-17.52,-0.61065,-11.041,-1.8963,-1.3817,-2.7116,-5.299,6.6814,0.39779,-2.108,22.674,-0.90037,14.515,-32.566,-8.0992,4.2679,0,13.107,-2.4532,3.4296,-13.382,-12.656,10.655,-29.37,0.22438,-26.794,-4.0379,-7.937,-20.075,25.203,12.181,20.426,5.3123,6.2649,2.9887,1.4531,-5.1517,-12.77,12.08,-5.831,6.4468,10.774,5.1741,-35.97,-5.2698,-13.853,4.0116,-8.4266,-0.0038819,-2.0909,-21.007,-6.4652,15.493,1.1097,-16.047,-8.104,4.1186,-19.185,16.789,0.66215,4.9639,-16.161,3.427,-9.641,-1.4573,3.1193,3.6302,9.9064,-22.104,-16.974,4.718,13.107,0,9.8726,16.148,-7.714,-12.943,-6.1696,-18.103,0.41914,-19.994,-15.151,6.0231,-11.084,16.569,-2.9065,3.266,9.3075,16.618,5.1338,5.0041,8.1437,-12.961,0.53746,6.9304,-4.5978,1.8176,-3.4785,-13.252,1.7245,2.3365,3.2888,-21.511,9.0703,-25.393,-7.1943,14.458,17.962,9.633,3.1688,7.6006,-5.2988,-1.6479,20.786,-2.7177,1.3773,-14.234,-13.436,-3.3689,-10.057,-12.99,7.1051,-8.9909,-3.4421,-1.8173,-8.7046,-2.4532,9.8726,0,26.762,13.451,8.2298,-12.087,3.7648,-3.7534,1.181,-0.76673,9.2306,8.5555,-5.1446,-6.4476,-14.837,-3.3868,20.205,20.961,12.986,15.279,3.3635,2.6541,5.457,-10.89,-0.77966,1.4115,2.4244,-2.1367,2.1584,-1.7734,-1.4741,11.393,-13.452,-6.8735,5.5682,19.172,7.5356,-2.6236,-0.62304,-7.4553,-6.4297,18.703,-4.2912,-1.1214,-28.857,-9.572,-0.14245,-14.746,-8.1288,9.4689,0.66614,-10.749,-6.7232,-8.4836,3.4296,16.148,26.762,0,5.7028,4.1167,-6.391,-2.7242,-4.6277,-4.8747,-0.57706,6.3264,2.9584,2.8767,-5.0962,-5.4756,1.5178,16.901,17.527,15.798,20.487,0.52279,4.3553,4.9511,-7.5788,5.2039,2.0368,-3.5646,-2.9516,2.0773,-1.619,-7.2961,4.8808,-25.437,8.5535,36.465,2.0109,6.888,14.834,13.059,-7.6741,12.194,2.5429,-5.5141,-7.5565,1.1982,-15.707,4.9483,-6.1109,-17.463,1.3209,-20.315,10.941,10.904,-9.6598,-13.382,-7.714,13.451,5.7028,0,26.19,-5.5218,19.202,-4.9668,14.486,11.793,-0.44818,32.014,-24.194,-0.67171,-23.275,-15.872,6.6222,10.765,3.6212,6.9603,21.523,4.8336,-1.8244,-2.4956,-1.458,2.9159,16.906,-9.1713,0.064866,-5.1546,14.361,1.3221,-13.811,15.462,20.706,-1.09,6.5261,19.758,11.013,-14.947,15.607,-1.8995,-6.0882,-8.7378,-0.71364,-18.315,12.495,-12.529,-14.531,4.1815,-15.2,11.367,13.274,-18.139,-12.656,-12.943,8.2298,4.1167,26.19,0,0.59598,22.199,-5.9081,18.725,22.438,-1.6686,26.188,-20.999,-0.39744,-12.706,-12.714,-1.0297,10.558,7.6206,6.012,22.606,5.3946,-4.3016,-1.5191,2.6539,7.1094,13.4,-7.14,-1.9235,-6.2924,17.466,-4.7058,8.4216,11.975,-11.675,-20.983,0.30318,-3.7181,-8.1573,-12.386,7.1658,-23.367,1.492,-9.7649,3.3367,-1.2551,10.815,-2.2852,15.887,-7.7965,7.5886,-5.0469,8.4652,0.60221,10.655,-6.1696,-12.087,-6.391,-5.5218,0.59598,0,-4.569,4.444,-5.8342,10.453,-22.401,-6.5096,5.8625,11.581,16.705,-5.7982,-7.6811,-3.6284,-4.2245,-6.521,-0.86754,10.102,-7.8558,8.0878,21.57,16.554,-8.4307,-10.667,-17.67,6.1742,7.824,-15.903,-7.9164,10.624,20.028,-2.1431,8.1242,18.716,22.268,-6.3104,19.676,-1.6369,1.5592,0.16278,5.5985,-13.793,3.1176,-1.6804,-17.543,-0.39148,-21.371,27.995,16.021,-8.6543,-29.37,-18.103,3.7648,-2.7242,19.202,22.199,-4.569,0,0.4472,31.632,10.131,3.751,23.25,-39.203,-7.9353,-18.631,-11.611,-5.7302,1.5981,0.67435,3.4581,15.185,-5.6755,2.5715,-6.6613,-5.0292,2.4898,26.308,0.95897,4.6296,-2.3366,17.621,-0.90788,5.1938,-4.5773,-6.9588,-8.4558,16.897,-11.118,7.6732,-3.4955,9.2438,-4.2599,41.311,10.581,4.4832,-5.9313,-14.998,14.156,6.2637,-23.872,-0.98608,1.3347,10.785,14.228,0.22438,0.41914,-3.7534,-4.6277,-4.9668,-5.9081,4.444,0.4472,0,-5.324,-9.1989,-1.5485,-7.7043,0.078733,-9.6274,0.53044,-8.5752,-1.1174,-10.362,-13.751,0.24487,-11.754,-10.952,17.624,-13.64,5.462,10.623,0.31498,1.7,-2.2508,41.804,4.4361,2.5713,-4.9566,10.627,17.639,-0.66438,0.79011,27.911,15.484,-1.9928,11.995,-1.4262,-3.2774,0.049547,6.1679,-6.8253,6.0875,-3.4088,-16.367,5.1622,-17.4,27.434,9.2654,-11.963,-26.794,-19.994,1.181,-4.8747,14.486,18.725,-5.8342,31.632,-5.324,0,10.897,5.7903,20.659,-26.602,-4.8996,-13.736,-4.7264,-9.1907,1.9528,3.5808,-0.29271,15.757,-4.734,-2.2444,-2.1178,-9.6536,-2.3089,20.711,4.3995,5.9088,-8.9736,12.633,-1.0975,-4.6196,28.743,7.7792,-7.5808,-1.0551,14.224,0.011812,-15.035,11.361,-10.786,-11.233,-18.576,1.0754,-8.094,30.1,-14.11,-4.2367,4.263,-4.2758,5.8398,9.955,-15.892,-4.0379,-15.151,-0.76673,-0.57706,11.793,22.438,10.453,10.131,-9.1989,10.897,0,-10.671,13.591,-8.9304,8.8161,-0.74864,-8.3499,-6.1828,6.2695,5.697,0.34012,20.729,12.591,-13.85,8.6737,8.2959,7.8652,5.3396,-11.567,-7.0646,-8.7715,14.7,-15.105,-2.0552,-14.587,4.8405,19.615,2.0152,4.0275,9.2693,7.2618,-6.9774,21.427,2.8896,19.792,-7.5483,-0.60008,-10.313,-1.367,-10.732,10.855,-5.4163,2.8963,-8.2424,-4.7636,-7.937,6.0231,9.2306,6.3264,-0.44818,-1.6686,-22.401,3.751,-1.5485,5.7903,-10.671,0,0.68811,-2.5259,-17.567,-8.39,10.768,1.4118,4.3804,9.8531,5.1735,-5.4009,-14.479,10.241,-14.304,-16.162,-9.4268,2.756,23.87,14.114,-3.2317,-8.937,15.613,-15.374,12.326,32.524,2.3589,3.2879,17.035,10.702,-5.1672,10.842,1.4729,-7.9254,-8.472,1.7811,-10.684,7.8537,-6.0664,-23.878,3.9743,-15.22,16.248,8.392,-10.508,-20.075,-11.084,8.5555,2.9584,32.014,26.188,-6.5096,23.25,-7.7043,20.659,13.591,0.68811,0,-25.307,-2.1401,-21.617,-10.355,1.0033,5.985,3.2472,7.608,31.021,1.5972,-2.2967,-0.12681,-3.7872,-1.5845,24.043,-5.9379,5.4186,-9.3887,11.71,-2.8127,11.681,-9.1595,-25.098,2.3033,-7.0735,-18.892,-23.021,4.2662,-18.838,1.1829,-0.64218,0.8121,-8.0147,12.777,-1.6576,-0.11957,16.238,1.8239,28.034,-25.689,-16.267,6.6407,25.203,16.569,-5.1446,2.8767,-24.194,-20.999,5.8625,-39.203,0.078733,-26.602,-8.9304,-2.5259,-25.307,0,5.0907,22.573,14.499,2.0075,-2.8301,0.85545,-1.7537,-16.081,3.2957,-1.1113,5.2621,6.4725,-1.7935,-26.584,1.3858,-2.8461,2.5081,-19.275,-1.6606,-0.20397,7.4509,-3.3413,-9.2156,-14.304,1.8755,-13.057,0.54918,-2.4298,-11.241,-13.163,-16.4,6.5185,7.6938,12.117,-2.7198,11.928,0.35661,4.0569,-6.6745,-0.9841,-0.71662,12.181,-2.9065,-6.4476,-5.0962,-0.67171,-0.39744,11.581,-7.9353,-9.6274,-4.8996,8.8161,-17.567,-2.1401,5.0907,0,10.142,-1.4932,1.2512,3.0924,-1.154,-13.032,4.3147,25.64,-28.895,25.681,4.9039,1.5982,-8.3721,-13.649,-15.975,-7.1257,3.1553,-5.9936,18.848,-0.082796,-30.46,-7.7083,-8.934,-9.4755,-19.28,0.21881,-7.6639,-9.6868,-0.46956,-1.9339,-0.85402,11.459,4.8431,-0.62118,24.848,-0.35121,20.425,-13.773,-6.2564,3.4847,20.426,3.266,-14.837,-5.4756,-23.275,-12.706,16.705,-18.631,0.53044,-13.736,-0.74864,-8.39,-21.617,22.573,10.142,0,9.5184,-7.2795,-5.3231,-0.91337,-9.5536,-11.254,5.5259,-7.2518,9.7285,9.0907,3.2894,-22.33,0.25608,-9.0684,2.0886,-6.7426,-7.9562,11.066,-9.5181,-9.7625,11.309,-13.837,-3.6002,-11.303,12.191,-25.091,8.1067,-5.7522,6.3395,-7.8978,16.678,-0.61291,-2.7864,2.2875,15.161,13.305,-7.5965,-27.975,-1.3422,5.3123,9.3075,-3.3868,1.5178,-15.872,-12.714,-5.7982,-11.611,-8.5752,-4.7264,-8.3499,10.768,-10.355,14.499,-1.4932,9.5184,0,-3.9527,-1.5298,7.8628,-1.3773,-8.6887,-4.3809,-1.4319,3.4269,-7.6298,-14.838,-9.7305,15.227,8.8779,-9.013,-25.156,1.9217,-18.626,-10.967,6.1138,10.867,4.8006,-5.3932,0.071876,0.28476,-5.9405,13.817,-2.0379,-1.2456,-7.7464,-4.4906,-7.2703,-1.7584,-2.1605,-0.07075,-2.9024,-10.617,-4.4723,2.0323,6.2649,16.618,20.205,16.901,6.6222,-1.0297,-7.6811,-5.7302,-1.1174,-9.1907,-6.1828,1.4118,1.0033,2.0075,1.2512,-7.2795,-3.9527,0,12.521,3.2478,7.6441,-1.4351,7.1514,2.8842,-3.9072,1.1486,0.35928,-3.4798,-7.9043,-2.6132,1.9869,-4.4127,12.207,-18.963,-2.5809,10.273,10.326,2.3864,9.1382,3.1431,-8.0066,-1.9971,10.291,-9.0274,-2.6534,-11.671,-10.295,4.9979,-19.729,-5.2663,12.465,-7.9931,-6.3905,-1.6019,-18.401,2.9887,5.1338,20.961,17.527,10.765,10.558,-3.6284,1.5981,-10.362,1.9528,6.2695,4.3804,5.985,-2.8301,3.0924,-5.3231,-1.5298,12.521,0,22.659,4.6596,4.2124,12.33,-5.6783,-2.7565,1.49,4.8566,-3.8736,-3.6599,-6.8346,-7.0259,1.3785,7.7532,-6.9767,-2.4199,5.0328,14.506,-1.0879,8.9583,-0.1024,-6.0697,-6.3901,11.59,-10.303,0.27278,-18.313,-5.4307,7.6933,-28.537,-6.648,26.203,-1.6777,-5.7782,-7.2949,-26.446,1.4531,5.0041,12.986,15.798,3.6212,7.6206,-4.2245,0.67435,-13.751,3.5808,5.697,9.8531,3.2472,0.85545,-1.154,-0.91337,7.8628,3.2478,22.659,0,6.2363,2.2685,5.6225,-4.4028,-2.6278,-0.23247,0.38964,-5.0255,4.2276,-0.15517,-11.38,-4.5393,3.4587,-8.1123,-0.98933,6.8095,13.167,12.109,-3.9897,2.1534,-8.0586,-0.36092,12.334,-0.054648,-1.6735,-18.309,-11.021,-0.49678,-7.8913,-15.223,3.8909,1.2293,-1.3613,-1.9582,-4.0717,-5.1517,8.1437,15.279,20.487,6.9603,6.012,-6.521,3.4581,0.24487,-0.29271,0.34012,5.1735,7.608,-1.7537,-13.032,-9.5536,-1.3773,7.6441,4.6596,6.2363,0,4.5582,-3.7411,12.275,-9.7243,5.3658,0.42473,5.7399,-2.3658,10.669,1.081,-4.4894,-1.8724,-10.436,20.229,19.083,-1.3156,-1.8862,15.137,3.1626,-5.4522,8.938,-3.6157,-13.776,-17.275,2.9904,-5.9016,15.748,-7.5935,-14.724,4.5163,-8.1961,12.321,6.7717,-10.334,-12.77,-12.961,3.3635,0.52279,21.523,22.606,-0.86754,15.185,-11.754,15.757,20.729,-5.4009,31.021,-16.081,4.3147,-11.254,-8.6887,-1.4351,4.2124,2.2685,4.5582,0,6.7467,-8.7076,7.4979,-0.35725,-1.681,16.646,-10.485,2.448,-13.05,11.112,-9.349,-7.6804,6.9878,1.2107,-3.6981,-6.1778,2.9899,-9.6488,-6.9156,-1.1645,-5.1892,-14.771,-19.277,-1.5351,-0.81196,14.39,-11.057,6.2071,3.4259,1.5397,-9.7887,0.087628,-6.8711,12.08,0.53746,2.6541,4.3553,4.8336,5.3946,10.102,-5.6755,-10.952,-4.734,12.591,-14.479,1.5972,3.2957,25.64,5.5259,-4.3809,7.1514,12.33,5.6225,-3.7411,6.7467,0,-20.808,14.31,9.8681,6.3524,-8.2475,-19.029,-17.759,-6.744,3.9868,-4.7191,0.61422,-10.367,-0.60023,5.9183,18.194,-9.6174,9.589,-0.40951,2.1119,9.0821,20.187,15.189,-5.1605,-6.8321,-18.861,7.6783,-5.5266,-7.3094,-1.154,2.0609,1.7322,8.0314,-5.831,6.9304,5.457,4.9511,-1.8244,-4.3016,-7.8558,2.5715,17.624,-2.2444,-13.85,10.241,-2.2967,-1.1113,-28.895,-7.2518,-1.4319,2.8842,-5.6783,-4.4028,12.275,-8.7076,-20.808,0,-25.084,-0.76432,1.1249,4.6906,7.9427,10.707,15.595,-3.827,6.552,4.4351,10.489,-3.636,-6.977,-23.128,1.6205,-17.766,4.7774,-4.9833,-10.971,-17.87,-18.541,6.6313,14.192,15.049,-1.5383,6.8202,3.228,8.4485,-2.5876,-4.8907,0.16342,6.4468,-4.5978,-10.89,-7.5788,-2.4956,-1.5191,8.0878,-6.6613,-13.64,-2.1178,8.6737,-14.304,-0.12681,5.2621,25.681,9.7285,3.4269,-3.9072,-2.7565,-2.6278,-9.7243,7.4979,14.31,-25.084,0,1.4722,-5.8112,-3.7331,-9.3136,-4.8778,-12.758,-0.72363,-11.8,1.1483,7.4911,-7.2845,-8.1849,8.0946,-8.282,-7.0515,-20.991,5.4606,-8.6943,2.0854,-10.338,-6.4761,-8.2136,7.8291,-6.7916,7.7949,-6.2619,8.1064,-9.7631,6.3641,-0.68972,10.774,1.8176,-0.77966,5.2039,-1.458,2.6539,21.57,-5.0292,5.462,-9.6536,8.2959,-16.162,-3.7872,6.4725,4.9039,9.0907,-7.6298,1.1486,1.49,-0.23247,5.3658,-0.35725,9.8681,-0.76432,1.4722,0,19.927,-7.6321,-14.856,-12.143,8.8677,4.1054,-12.84,-2.5757,5.4105,-2.1669,-11.06,15.244,-0.6515,4.7026,-25.38,14.597,-8.6868,8.6563,-2.1873,-1.2821,-17.258,2.9572,-4.5833,6.6079,-9.2209,-3.6051,-3.1193,17.04,-3.2074,5.1741,-3.4785,1.4115,2.0368,2.9159,7.1094,16.554,2.4898,10.623,-2.3089,7.8652,-9.4268,-1.5845,-1.7935,1.5982,3.2894,-14.838,0.35928,4.8566,0.38964,0.42473,-1.681,6.3524,1.1249,-5.8112,19.927,0,-4.1596,-8.8211,-18.414,13.569,13.709,-3.5148,-6.8316,9.1182,19.244,-0.46403,5.1852,10.525,14.737,-0.12038,13.096,-0.23694,0.50841,-1.6311,7.3006,-7.0056,0.3269,3.7175,-20.73,-2.5326,-13.894,29.585,10.222,-1.5022,-35.97,-13.252,2.4244,-3.5646,16.906,13.4,-8.4307,26.308,0.31498,20.711,5.3396,2.756,24.043,-26.584,-8.3721,-22.33,-9.7305,-3.4798,-3.8736,-5.0255,5.7399,16.646,-8.2475,4.6906,-3.7331,-7.6321,-4.1596,0,-0.45119,11.363,-2.9348,10.625,-1.9657,8.9068,-11.429,-3.6366,7.9456,-1.9372,1.8501,5.335,9.9025,-6.4238,8.2863,6.25,24.514,-1.7266,5.4105,-9.2823,3.2127,-2.3738,6.7937,-0.4173,3.6494,-7.3774,-0.76977,-5.2698,1.7245,-2.1367,-2.9516,-9.1713,-7.14,-10.667,0.95897,1.7,4.3995,-11.567,23.87,-5.9379,1.3858,-13.649,0.25608,15.227,-7.9043,-3.6599,4.2276,-2.3658,-10.485,-19.029,7.9427,-9.3136,-14.856,-8.8211,-0.45119,0,11.318,-0.92354,-8.756,9.1769,2.1205,-3.6743,4.5837,12.841,-0.93803,-0.67782,2.4818,9.6716,-5.5228,11.099,-0.36206,5.8871,-3.7638,4.1442,-5.2205,3.2475,-15.938,5.9457,1.532,8.0215,-8.2736,1.7781,-13.853,2.3365,2.1584,2.0773,0.064866,-1.9235,-17.67,4.6296,-2.2508,5.9088,-7.0646,14.114,5.4186,-2.8461,-15.975,-9.0684,8.8779,-2.6132,-6.8346,-0.15517,10.669,2.448,-17.759,10.707,-4.8778,-12.143,-18.414,11.363,11.318,0,-5.2181,-9.8509,0.95817,3.5171,-5.5402,-8.0709,-7.6995,17.801,-13.581,5.3086,-5.4745,7.6027,-3.551,31.001,8.5053,1.9235,-6.8627,-13.812,11.012,8.3447,-22.784,0.41152,-2.7248,9.5803,13.346,4.0116,3.2888,-1.7734,-1.619,-5.1546,-6.2924,6.1742,-2.3366,41.804,-8.9736,-8.7715,-3.2317,-9.3887,2.5081,-7.1257,2.0886,-9.013,1.9869,-7.0259,-11.38,1.081,-13.05,-6.744,15.595,-12.758,8.8677,13.569,-2.9348,-0.92354,-5.2181,0,3.5375,2.799,-6.3266,15.495,9.675,-15.636,7.7586,12.306,13.03,-11.805,34.423,-13.301,3.167,-5.4817,11.964,-13.658,5.7864,0.25193,-2.0432,-9.0828,-16.5,13.452,35.896,-4.2415,-8.4266,-21.511,-1.4741,-7.2961,14.361,17.466,7.824,17.621,4.4361,12.633,14.7,-8.937,11.71,-19.275,3.1553,-6.7426,-25.156,-4.4127,1.3785,-4.5393,-4.4894,11.112,3.9868,-3.827,-0.72363,4.1054,13.709,10.625,-8.756,-9.8509,3.5375,0,-4.0707,-8.4229,-22.833,4.5665,10.748,3.1493,0.92728,9.859,8.398,-5.3001,15.96,5.5283,16.904,-1.0463,-1.1126,-18.646,4.3738,-1.6062,1.2979,-9.9945,-2.1548,-3.9665,1.8578,-0.0038819,9.0703,11.393,4.8808,1.3221,-4.7058,-15.903,-0.90788,2.5713,-1.0975,-15.105,15.613,-2.8127,-1.6606,-5.9936,-7.9562,1.9217,12.207,7.7532,3.4587,-1.8724,-9.349,-4.7191,6.552,-11.8,-12.84,-3.5148,-1.9657,9.1769,0.95817,2.799,-4.0707,0
