0,-5.5207,-15.005,-4.9732,9.0901,0.79316,12.757,-3.2439,3.7898,0.45407,-0.31884,-2.9367,2.7483,9.1624,-10.845,-7.2709,-3.6688,-10.098,-7.0176,10.148,5.0514,-5.5207,0,3.9529,2.3152,-2.5172,-0.73409,-2.0855,2.3452,-5.4561,1.8393,1.0229,1.5912,-1.8037,-4.1861,0.70513,0.28782,1.1754,0.31468,0.67417,-4.0593,-6.1033,-15.005,3.9529,0,4.5572,-7.2847,0.79006,-8.325,-0.7406,-5.0376,1.273,1.7783,5.5844,-4.0015,-10.476,9.1504,4.4817,4.0923,10.189,5.5479,-6.228,-5.3488,-4.9732,2.3152,4.5572,0,-12.057,-2.5441,-2.6587,4.0532,-7.9688,2.2555,0.37226,2.439,-1.5641,-2.7778,5.9221,-0.41736,8.4855,3.7347,5.614,0.88667,-6.4324,9.0901,-2.5172,-7.2847,-12.057,0,2.2404,6.9883,-5.6005,4.7222,-2.2582,-0.17156,-2.9078,0.84857,4.0644,-7.9315,-3.0352,-7.0921,-5.4074,-8.58,3.66,7.4245,0.79316,-0.73409,0.79006,-2.5441,2.2404,0,3.0488,-4.6577,3.8471,4.2272,-0.63135,-0.17971,4.65,-2.465,-0.68926,-0.33168,-3.3583,-2.486,-1.8902,0.32369,-1.8145,12.757,-2.0855,-8.325,-2.6587,6.9883,3.0488,0,-5.0299,0.53046,3.4477,0.42053,-0.68981,1.6681,4.6293,-9.5606,-9.1295,-1.9298,-9.3173,-6.3377,11.61,1.1372,-3.2439,2.3452,-0.7406,4.0532,-5.6005,-4.6577,-5.0299,0,0.46738,-2.5731,-3.8272,-5.3399,1.191,1.6675,1.8569,4.5815,1.4357,1.0303,4.9343,-4.3431,-0.822,3.7898,-5.4561,-5.0376,-7.9688,4.7222,3.8471,0.53046,0.46738,0,-1.9317,-2.9206,-5.2189,7.119,2.2984,-2.4482,3.4969,-8.807,-2.9,-2.5928,-2.1975,6.653,0.45407,1.8393,1.273,2.2555,-2.2582,4.2272,3.4477,-2.5731,-1.9317,0,4.6481,5.1456,-0.35318,-2.4487,-1.2698,-2.3104,2.7662,-3.2352,-0.62324,1.8072,-6.5863,-0.31884,1.0229,1.7783,0.37226,-0.17156,-0.63135,0.42053,-3.8272,-2.9206,4.6481,0,10.216,-2.3678,-3.9012,-0.31813,-3.5293,2.617,1.1406,-2.4559,0.94474,-1.6457,-2.9367,1.5912,5.5844,2.439,-2.9078,-0.17971,-0.68981,-5.3399,-5.2189,5.1456,10.216,0,-3.5274,-7.0295,2.8366,-2.1581,4.358,2.664,-0.021807,0.38645,-4.837,2.7483,-1.8037,-4.0015,-1.5641,0.84857,4.65,1.6681,1.191,7.119,-0.35318,-2.3678,-3.5274,0,1.3734,-0.66907,-1.0792,-5.5955,-3.2885,-1.2108,-0.47228,1.9775,9.1624,-4.1861,-10.476,-2.7778,4.0644,-2.465,4.6293,1.6675,2.2984,-2.4487,-3.9012,-7.0295,1.3734,0,-6.8633,-3.6342,-1.3758,-6.6992,-2.0433,4.984,4.0124,-10.845,0.70513,9.1504,5.9221,-7.9315,-0.68926,-9.5606,1.8569,-2.4482,-1.2698,-0.31813,2.8366,-0.66907,-6.8633,0,5.2366,3.5073,9.4067,7.419,-6.002,-3.2422,-7.2709,0.28782,4.4817,-0.41736,-3.0352,-0.33168,-9.1295,4.5815,3.4969,-2.3104,-3.5293,-2.1581,-1.0792,-3.6342,5.2366,0,-1.5815,5.4023,4.1514,-10.315,0.87622,-3.6688,1.1754,4.0923,8.4855,-7.0921,-3.3583,-1.9298,1.4357,-8.807,2.7662,2.617,4.358,-5.5955,-1.3758,3.5073,-1.5815,0,2.4917,3.2683,1.6234,-5.219,-10.098,0.31468,10.189,3.7347,-5.4074,-2.486,-9.3173,1.0303,-2.9,-3.2352,1.1406,2.664,-3.2885,-6.6992,9.4067,5.4023,2.4917,0,4.4834,-5.4951,0.60932,-7.0176,0.67417,5.5479,5.614,-8.58,-1.8902,-6.3377,4.9343,-2.5928,-0.62324,-2.4559,-0.021807,-1.2108,-2.0433,7.419,4.1514,3.2683,4.4834,0,-3.7127,-4.5556,10.148,-4.0593,-6.228,0.88667,3.66,0.32369,11.61,-4.3431,-2.1975,1.8072,0.94474,0.38645,-0.47228,4.984,-6.002,-10.315,1.6234,-5.4951,-3.7127,0,1.0833,5.0514,-6.1033,-5.3488,-6.4324,7.4245,-1.8145,1.1372,-0.822,6.653,-6.5863,-1.6457,-4.837,1.9775,4.0124,-3.2422,0.87622,-5.219,0.60932,-4.5556,1.0833,0
