0,5.0122,4.5481,8.1911,-1.9396,-4.9999,6.9511,-24.746,-5.1542,2.3499,-1.848,3.7808,-4.3705,19.106,11.248,-7.9692,-11.667,3.6329,-14.214,1.2265,4.6936,5.0415,6.7088,-5.0145,-2.8711,14.457,8.1196,-0.19559,6.597,-13.396,0.3584,12.988,-2.0085,5.5444,0.7813,-2.3666,-1.5025,2.9141,0.23753,-9.5048,4.4156,3.5242,-16.308,-12.748,3.9615,-7.9057,0.60367,1.3914,-0.90767,-1.7629,-8.6377,-13.973,4.4792,-9.5184,7.6285,5.0122,0,9.3902,14.798,-12.031,-28.841,-10.802,-6.5308,-3.1023,-9.1761,-9.6183,-6.5102,2.3166,8.9181,0.8961,-17.245,2.008,0.52697,-27.546,-10.37,-5.6883,11.328,10.721,-13.899,-3.2755,-1.5025,0.69993,-0.54472,5.8475,-12.92,15.581,11.661,-5.1655,7.6394,8.9751,-13.564,6.8476,-6.946,0.17997,-11.481,-2.5908,10.444,-1.1593,-5.0031,-6.312,-3.1442,-11.873,-0.24302,-0.6017,5.4915,3.3767,0.15643,4.0307,11.876,14.006,4.5481,9.3902,0,26.704,-13.723,-1.416,-3.1212,-8.2806,-1.1232,10.065,-11.931,-20.196,-20.199,3.643,-3.1433,2.3003,-2.1535,24.191,-9.3442,9.6586,-12.757,1.5664,3.3072,2.4349,0.46891,-3.4796,7.5114,5.292,-5.8452,-1.7494,9.9815,11.089,-3.2985,21.235,30.939,-11.597,14.227,5.43,18.324,-12.847,8.2754,29.721,-3.7659,10.117,-4.8811,-8.3441,-4.1059,-2.2881,-6.2143,7.172,-1.954,1.2674,2.6462,-4.3765,-1.0545,8.1911,14.798,26.704,0,-8.2667,-8.9199,-0.28691,-14.632,-6.4705,2.6463,-7.9209,-9.6133,-10.532,13.063,4.6675,-2.1292,-8.1174,12.2,-13.567,6.0878,-6.3398,3.7791,2.1982,1.4763,-1.5892,-0.056024,5.5209,0.59504,2.0915,-10.586,10.973,11.735,-3.3384,11.622,17.14,-7.3008,10.496,3.7101,13.121,-9.9646,9.4664,16.176,-6.7009,3.3576,-4.1422,-8.1387,-5.7594,2.6979,-0.55971,1.8518,-6.809,-1.6176,8.3809,-1.2926,2.3062,-1.9396,-12.031,-13.723,-8.2667,0,4.8447,19.34,-1.8921,-12.661,-6.3805,20.899,22.416,9.972,1.2587,5.6612,1.8352,-8.1306,-10.39,14.041,5.216,21.061,-6.3284,-22.256,13.125,7.909,10.512,-2.7545,-16.375,12.987,-3.7238,-21.52,-13.492,15.521,-25.905,-14.67,52.17,-16.31,6.3365,-11.208,20.627,7.6426,-18.823,0.86654,-0.74652,9.5258,14.194,2.844,18.914,22.473,-30.503,-15.966,-7.3491,-2.6668,-2.8759,-12.599,-4.9999,-28.841,-1.416,-8.9199,4.8447,0,7.3968,6.1561,4.5911,17.263,4.1209,-1.5741,-9.6887,-12.831,-6.8085,19.983,0.79968,7.4688,20.1,15.295,-0.13753,-10.656,-8.1969,14.019,5.0915,-0.85215,2.2943,3.5198,-11.486,17.279,-12.014,-7.8753,5.0325,0.20632,-0.42413,6.6463,-2.1588,9.1481,4.4916,5.6791,4.5646,-1.163,2.0641,11.573,4.8074,1.701,10.181,-2.5688,-3.3663,-0.79179,-1.3604,0.88637,-7.118,-15.251,-16.705,6.9511,-10.802,-3.1212,-0.28691,19.34,7.3968,0,-8.8406,-17.302,4.3443,20.209,15.08,1.0419,7.1209,9.0196,5.259,-20.717,-2.1108,7.1061,11.166,21.345,-0.47091,-13.103,13.301,2.7637,10.208,-2.0625,-14.781,11.603,-7.8455,-19.681,-9.2177,14.492,-11.176,-7.8403,21.984,-15.88,6.5563,-3.7117,13.428,20.672,-6.3213,-1.5862,-1.0905,18.648,5.9594,10.281,11.879,14.444,-17.612,-21.279,-18.453,1.6176,-16.983,-11.008,-24.746,-6.5308,-8.2806,-14.632,-1.8921,6.1561,-8.8406,0,10.727,1.0838,2.2098,-2.5107,5.7296,-19.941,-9.9261,7.9767,12.554,-6.4583,10.928,-7.0488,-3.8087,0.26432,1.6302,-2.1335,-4.0118,-18.828,-12.679,3.6314,-9.4021,15.511,0.38973,-13.127,-1.9694,-4.2217,-5.0567,-1.5984,-1.0896,-10.296,-1.8634,7.9183,-8.948,-4.1847,18.313,4.9371,-0.69457,3.5846,5.8429,-10.57,-5.1543,8.5433,18.689,10.574,-2.8761,6.0862,-0.84197,-5.1542,-3.1023,-1.1232,-6.4705,-12.661,4.5911,-17.302,10.727,0,4.428,-14.866,-10.327,-6.2512,-8.9767,-4.7776,5.3271,13.315,3.6998,1.9753,-3.8311,-17.823,-6.5243,10.432,-5.8304,-5.2455,-8.4795,3.8517,31.646,-25.723,19.538,11.273,6.7457,-19.845,9.6235,2.0853,-13.14,13.818,-2.1025,8.1236,-10.023,-21.358,0.43072,-3.1454,0.68548,-14.609,-12.445,-0.53721,-18.853,-26.927,17.567,17.843,19.162,0.27113,4.1702,6.5823,2.3499,-9.1761,10.065,2.6463,-6.3805,17.263,4.3443,1.0838,4.428,0,-1.0936,-8.7784,-18.988,-3.6916,-2.9037,17.743,-4.12,14.909,3.7247,12.367,-4.6437,-0.0069416,2.7081,5.7764,-4.2903,-5.9846,0.82337,7.2856,-13.019,8.2812,-1.3959,-0.7452,-1.6162,10.503,6.8918,-3.8769,2.7398,2.9379,14.074,-2.1439,8.0113,10.434,0.51619,7.8286,5.3464,-8.4683,14.052,-10.863,-10.937,8.8703,1.604,-2.3075,1.4234,-22.529,-5.2057,-1.848,-9.6183,-11.931,-7.9209,20.899,4.1209,20.209,2.2098,-14.866,-1.0936,0,21.717,12.761,1.5668,5.875,3.6515,-11.487,-13.758,9.4255,0.24185,30.949,5.1877,-9.916,6.2078,-1.2409,1.9101,-14.864,-21.48,14.319,-6.5214,-19.446,-24.54,15.596,-24.663,-17.45,22.437,-30.96,-4.0555,-11.669,31.982,11.527,-12.115,9.6154,-3.5564,24.681,12.147,13.615,7.7295,17.293,-13.194,-7.7437,-14.64,1.3471,-6.8581,-6.8047,3.7808,-6.5102,-20.196,-9.6133,22.416,-1.5741,15.08,-2.5107,-10.327,-8.7784,21.717,0,17.899,7.2996,12.872,-3.2279,-10.717,-21.115,4.9113,-4.3373,30.983,2.1871,-6.6343,1.4303,-1.4649,9.3885,-7.5704,-14.498,18.026,-9.5487,-13.557,-10.321,7.8917,-27.45,-28.815,20.007,-22.321,-2.8855,-16.092,16.029,2.8676,-23.321,-0.032165,-13.537,12.448,7.7075,6.5244,9.5053,15.191,-16.152,-9.0058,-11.912,3.0045,-1.861,-0.15162,-4.3705,2.3166,-20.199,-10.532,9.972,-9.6887,1.0419,5.7296,-6.2512,-18.988,12.761,17.899,0,1.2506,3.9849,-9.7465,0.44213,-38.525,0.52228,-17.76,14.481,7.6869,-0.94008,-7.2978,-2.595,0.60267,-13.993,-13.218,15.737,-7.9361,-4.9351,-10.894,5.3043,-21.742,-19.47,8.0003,-15.349,-12.691,-23.14,12.844,-4.4405,-15.701,8.8798,-11.921,6.3301,11.452,0.57631,4.9824,12.223,-6.9587,1.9908,-4.3722,0.46268,10.777,5.4035,19.106,8.9181,3.643,13.063,1.2587,-12.831,7.1209,-19.941,-8.9767,-3.6916,1.5668,7.2996,1.2506,0,26.129,-6.1737,-20.348,-2.5718,-12.788,-1.2769,6.5902,6.5121,3.4512,-2.5825,-8.0911,7.554,0.88956,-3.6894,12.355,-23.223,4.7979,8.0276,-4.2108,-0.97439,-2.2638,0.88869,-0.91065,-1.1301,2.0525,-3.1697,5.6881,-0.94583,-12.412,-13.929,2.135,-8.6915,0.39173,4.5996,3.858,-4.5023,-10.821,-9.5241,16.727,-2.6132,9.4725,11.248,0.8961,-3.1433,4.6675,5.6612,-6.8085,9.0196,-9.9261,-4.7776,-2.9037,5.875,12.872,3.9849,26.129,0,0.27214,-22.299,-7.7103,-3.6807,-1.6126,9.0811,3.0478,1.2057,0.27622,-12.08,4.3849,-3.2726,-2.1211,9.1116,-13.142,2.4871,1.9884,-6.1389,-6.898,-10.082,5.4268,-3.2163,-2.6771,1.9301,2.7566,2.9182,-9.141,-10.279,-15.34,2.9106,-9.5731,5.9855,2.3981,3.0017,-5.0994,-8.7334,-6.1083,22.984,-3.2629,7.8547,-7.9692,-17.245,2.3003,-2.1292,1.8352,19.983,5.259,7.9767,5.3271,17.743,3.6515,-3.2279,-9.7465,-6.1737,0.27214,0,-4.4408,5.8437,16.765,12.918,-2.7392,-7.0037,-5.7406,14.843,-4.0423,-10.008,-3.7486,5.6082,-12.37,12.933,-2.4861,-8.5116,-1.8983,-0.015523,0.096159,4.1525,2.2402,3.4236,13.698,7.0607,5.5231,-0.6671,3.0982,10.988,2.1044,-5.3333,14.097,-5.9459,-5.4854,2.9557,0.17949,4.9335,4.9951,-11.284,-10.274,-11.667,2.008,-2.1535,-8.1174,-8.1306,0.79968,-20.717,12.554,13.315,-4.12,-11.487,-10.717,0.44213,-20.348,-22.299,-4.4408,0,1.8911,1.2507,-6.2617,-13.112,-4.6872,3.7284,-6.7259,7.2823,-4.7069,4.0096,8.2294,-10.854,14.529,4.0921,2.5268,-2.5712,5.9361,5.3264,-9.4116,7.3252,-0.87555,-3.1775,-6.5565,-16.583,2.9684,5.4155,6.3014,-11.494,4.4587,-10.659,-5.5462,-7.3339,8.1895,15.681,14.413,-15.222,12.827,0.56328,3.6329,0.52697,24.191,12.2,-10.39,7.4688,-2.1108,-6.4583,3.6998,14.909,-13.758,-21.115,-38.525,-2.5718,-7.7103,5.8437,1.8911,0,-2.1899,16.95,-14.925,-6.6792,0.014262,6.5211,6.271,0.41899,15.544,9.806,-12.778,6.4569,4.2633,11.301,-2.1189,23.69,27.381,-8.606,14.922,13.649,17.694,-13.863,5.376,20.648,-6.8401,14.678,-6.4135,-6.9612,-4.1054,-2.4298,-9.0998,5.7285,-2.3696,3.6517,-4.0814,-8.1714,-6.6469,-14.214,-27.546,-9.3442,-13.567,14.041,20.1,7.1061,10.928,1.9753,3.7247,9.4255,4.9113,0.52228,-12.788,-3.6807,16.765,1.2507,-2.1899,0,9.4458,3.7302,-14.015,-17.152,17.913,6.1797,-1.8478,-2.6251,-1.5617,-4.9846,14.232,-12.995,-15.864,6.7497,-10.761,-7.2681,15.591,-4.8041,6.7869,-0.52485,15.677,1.9017,-11.431,5.3703,10.271,2.6673,7.4615,6.3639,3.6258,4.1065,-7.4592,-2.8103,4.8788,-4.9159,-3.9024,-18.733,1.2265,-10.37,9.6586,6.0878,5.216,15.295,11.166,-7.0488,-3.8311,12.367,0.24185,-4.3373,-17.76,-1.2769,-1.6126,12.918,-6.2617,16.95,9.4458,0,-1.693,-13.56,-14.7,26.881,10.289,5.3009,10.665,0.44351,-4.8213,4.9257,-7.1102,0.35442,6.2657,3.9698,8.77,7.2024,3.6977,24.01,11.087,0.64509,14.124,4.6138,-6.0945,16.147,0.59653,-0.059629,0.90115,7.351,2.097,-7.1891,-14.632,-0.64924,-3.0788,-13.897,-21.4,4.6936,-5.6883,-12.757,-6.3398,21.061,-0.13753,21.345,-3.8087,-17.823,-4.6437,30.949,30.983,14.481,6.5902,9.0811,-2.7392,-13.112,-14.925,3.7302,-1.693,0,6.0623,-7.5133,2.6215,-0.14073,8.7071,-9.2344,-23.225,22.118,-12.278,-18.667,-13.316,14.776,-22.191,-18.606,20.471,-34.405,-2.8391,-16.221,18.356,9.8113,-12.851,3.63,-9.3698,22.476,11.191,8.9059,10.626,19.476,-16.581,-10.942,-20.858,0.90852,-6.0965,-3.0489,5.0415,11.328,1.5664,3.7791,-6.3284,-10.656,-0.47091,0.26432,-6.5243,-0.0069416,5.1877,2.1871,7.6869,6.5121,3.0478,-7.0037,-4.6872,-6.6792,-14.015,-13.56,6.0623,0,13.618,-15.407,-13.531,-6.4971,-15.107,-7.1729,8.7224,-13.278,3.1357,-2.9775,0.60613,-0.24537,-2.4003,-6.241,-8.1275,-22.256,-5.195,1.3238,3.563,5.6554,9.5721,-10.368,11.719,-0.48825,7.6088,-6.6399,0.71009,6.9385,6.384,-12.23,6.3321,-0.72158,13.09,6.7088,10.721,3.3072,2.1982,-22.256,-8.1969,-13.103,1.6302,10.432,2.7081,-9.916,-6.6343,-0.94008,3.4512,1.2057,-5.7406,3.7284,0.014262,-17.152,-14.7,-7.5133,13.618,0,-26.921,-16.213,-7.3019,-2.8029,10.89,-5.3418,-1.4639,15.249,9.6257,-15.939,11.515,2.1079,-23.976,5.3083,-15.265,2.7225,-13.197,-10.316,7.5925,-0.85872,-11.36,-2.8352,-13.929,2.5117,-21.821,-17.47,23.627,17.204,0.74693,6.2423,2.0421,27.409,-5.0145,-13.899,2.4349,1.4763,13.125,14.019,13.301,-2.1335,-5.8304,5.7764,6.2078,1.4303,-7.2978,-2.5825,0.27622,14.843,-6.7259,6.5211,17.913,26.881,2.6215,-15.407,-26.921,0,10.043,3.3776,4.2177,-3.9241,-1.2338,4.8244,-10.183,-6.7347,8.8538,-4.7095,1.8501,15.665,-0.31411,17.944,6.2942,8.9936,12.88,-2.9554,-1.7255,15.401,1.6531,4.5481,1.7779,11.584,7.8414,-12.901,-15.601,1.0228,-1.6727,-8.135,-28.006,-2.8711,-3.2755,0.46891,-1.5892,7.909,5.0915,2.7637,-4.0118,-5.2455,-4.2903,-1.2409,-1.4649,-2.595,-8.0911,-12.08,-4.0423,7.2823,6.271,6.1797,10.289,-0.14073,-13.531,-16.213,10.043,0,12.697,13.694,-5.2131,1.6319,3.665,-10.577,0.67974,14.251,-0.54376,6.0203,7.3879,-0.0039679,19.631,-5.3602,-0.088345,3.1228,0.62993,-1.9441,11.986,-2.8814,15.377,-13.796,16.724,9.4548,-13.015,-9.5479,0.94127,-22.815,1.6861,-17.437,14.457,-1.5025,-3.4796,-0.056024,10.512,-0.85215,10.208,-18.828,-8.4795,-5.9846,1.9101,9.3885,0.60267,7.554,4.3849,-10.008,-4.7069,0.41899,-1.8478,5.3009,8.7071,-6.4971,-7.3019,3.3776,12.697,0,14.3,-6.0861,10.151,-7.6132,-10.065,6.4832,7.8486,-3.0851,-2.5582,8.9701,-5.117,13.889,-8.2709,-2.3816,3.2467,-5.0312,-14.654,-5.3513,1.7974,5.2519,-7.3992,16.093,9.5141,-16.946,-17.706,-9.381,-6.923,-3.6736,-3.9047,8.1196,0.69993,7.5114,5.5209,-2.7545,2.2943,-2.0625,-12.679,3.8517,0.82337,-14.864,-7.5704,-13.993,0.88956,-3.2726,-3.7486,4.0096,15.544,-2.6251,10.665,-9.2344,-15.107,-2.8029,4.2177,13.694,14.3,0,8.5747,-5.6992,3.5598,1.7185,19.274,-2.2498,11.961,11.717,-3.3394,12.136,22.691,5.5707,-16.424,-2.3169,5.2886,-20.234,4.6991,-12.31,-3.6405,-14.633,5.2775,-3.9394,-2.705,-7.1804,4.4223,-7.8149,-1.1705,-4.0813,-0.19559,-0.54472,5.292,0.59504,-16.375,3.5198,-14.781,3.6314,31.646,7.2856,-21.48,-14.498,-13.218,-3.6894,-2.1211,5.6082,8.2294,9.806,-1.5617,0.44351,-23.225,-7.1729,10.89,-3.9241,-5.2131,-6.0861,8.5747,0,-26.75,14.33,15.265,13.312,-24.483,16.498,7.3019,-16.303,21.534,1.5666,15.268,-16.573,-14.272,4.9298,-8.6946,1.638,-17.393,-20.008,-1.9823,-16.704,-33.423,17.689,11.411,16.872,2.9586,1.2598,6.6274,6.597,5.8475,-5.8452,2.0915,12.987,-11.486,11.603,-9.4021,-25.723,-13.019,14.319,18.026,15.737,12.355,9.1116,-12.37,-10.854,-12.778,-4.9846,-4.8213,22.118,8.7224,-5.3418,-1.2338,1.6319,10.151,-5.6992,-26.75,0,-26.32,-8.0865,-5.0012,12.276,-14.521,-8.9463,11.654,-16.233,-3.0007,-15.427,9.1326,8.662,-6.6991,1.3841,-9.8932,11.435,10.935,-1.1115,16.099,24.712,-16.505,-12.188,-16.939,1.84,1.7397,1.0916,-13.396,-12.92,-1.7494,-10.586,-3.7238,17.279,-7.8455,15.511,19.538,8.2812,-6.5214,-9.5487,-7.9361,-23.223,-13.142,12.933,14.529,6.4569,14.232,4.9257,-12.278,-13.278,-1.4639,4.8244,3.665,-7.6132,3.5598,14.33,-26.32,0,0.070473,-2.1518,-4.4631,4.901,2.8745,-3.0818,7.7618,4.4651,6.2954,-1.3083,-8.9135,-0.15294,2.8003,12.163,-7.8759,-1.6265,1.2079,-9.0991,-12.106,7.7851,10.163,16.341,-7.8555,-0.24789,-7.0636,0.3584,15.581,9.9815,10.973,-21.52,-12.014,-19.681,0.38973,11.273,-1.3959,-19.446,-13.557,-4.9351,4.7979,2.4871,-2.4861,4.0921,4.2633,-12.995,-7.1102,-18.667,3.1357,15.249,-10.183,-10.577,-10.065,1.7185,15.265,-8.0865,0.070473,0,14.526,-24.981,13.447,9.4245,-22.546,21.171,-6.3304,12.706,-15.893,-10.252,8.4437,-4.6407,-2.1889,-17.117,-17.906,-6.3938,-11.335,-14.895,16.905,10.656,12.768,10.99,10.092,16.018,12.988,11.661,11.089,11.735,-13.492,-7.8753,-9.2177,-13.127,6.7457,-0.7452,-24.54,-10.321,-10.894,8.0276,1.9884,-8.5116,2.5268,11.301,-15.864,0.35442,-13.316,-2.9775,9.6257,-6.7347,0.67974,6.4832,19.274,13.312,-5.0012,-2.1518,14.526,0,-12.882,18.882,12.43,-14.988,17.637,5.9596,8.3226,-36.426,-6.7257,9.3582,-20.433,-3.359,-15.357,-13.628,-12.911,-2.6574,-10.616,6.275,-0.025161,4.6891,1.6583,2.8295,9.4031,-2.0085,-5.1655,-3.2985,-3.3384,15.521,5.0325,14.492,-1.9694,-19.845,-1.6162,15.596,7.8917,5.3043,-4.2108,-6.1389,-1.8983,-2.5712,-2.1189,6.7497,6.2657,14.776,0.60613,-15.939,8.8538,14.251,7.8486,-2.2498,-24.483,12.276,-4.4631,-24.981,-12.882,0,-10.207,-2.4604,16.255,-16.807,5.3986,-12.616,13.398,14.951,-1.6911,8.6066,6.0142,15.215,27.89,0.80177,16.333,22.242,-16.998,-11.258,-13.132,-12.793,-5.0731,-16.528,5.5444,7.6394,21.235,11.622,-25.905,0.20632,-11.176,-4.2217,9.6235,10.503,-24.663,-27.45,-21.742,-0.97439,-6.898,-0.015523,5.9361,23.69,-10.761,3.9698,-22.191,-0.24537,11.515,-4.7095,-0.54376,-3.0851,11.961,16.498,-14.521,4.901,13.447,18.882,-10.207,0,24.424,-23.773,19.62,3.6423,15.264,-27.464,-2.5969,24.692,-6.6501,5.5874,-10.086,-12.99,-5.2698,-10.516,-18.515,16.184,6.1748,5.668,-1.2303,-2.4469,4.3759,0.7813,8.9751,30.939,17.14,-14.67,-0.42413,-7.8403,-5.0567,2.0853,6.8918,-17.45,-28.815,-19.47,-2.2638,-10.082,0.096159,5.3264,27.381,-7.2681,8.77,-18.606,-2.4003,2.1079,1.8501,6.0203,-2.5582,11.717,7.3019,-8.9463,2.8745,9.4245,12.43,-2.4604,24.424,0,-13.216,17.95,7.9691,14.106,-15.811,3.332,28.864,-2.996,14.347,-9.5244,-4.5737,-9.9433,-1.5597,-6.9863,7.3233,0.58828,5.7384,-3.9142,-0.10474,-2.9162,-2.3666,-13.564,-11.597,-7.3008,52.17,6.6463,21.984,-1.5984,-13.14,-3.8769,22.437,20.007,8.0003,0.88869,5.4268,4.1525,-9.4116,-8.606,15.591,7.2024,20.471,-6.241,-23.976,15.665,7.3879,8.9701,-3.3394,-16.303,11.654,-3.0818,-22.546,-14.988,16.255,-23.773,-13.216,0,-16.086,6.7507,-9.0004,22.424,9.9112,-16.429,1.6259,0.87747,10.787,13.435,4.5461,17.708,21.44,-28.001,-16.596,-7.7254,-2.0871,-4.8461,-14.685,-1.5025,6.8476,14.227,10.496,-16.31,-2.1588,-15.88,-1.0896,13.818,2.7398,-30.96,-22.321,-15.349,-0.91065,-3.2163,2.2402,7.3252,14.922,-4.8041,3.6977,-34.405,-8.1275,5.3083,-0.31411,-0.0039679,-5.117,12.136,21.534,-16.233,7.7618,21.171,17.637,-16.807,19.62,17.95,-16.086,0,5.6488,19.832,-19.51,-7.8526,10.542,-9.0036,7.4234,-27.751,-14.319,-10.878,-6.4318,-15.459,11.249,5.1775,19.573,2.8545,6.0189,3.3021,2.9141,-6.946,5.43,3.7101,6.3365,9.1481,6.5563,-10.296,-2.1025,2.9379,-4.0555,-2.8855,-12.691,-1.1301,-2.6771,3.4236,-0.87555,13.649,6.7869,24.01,-2.8391,-22.256,-15.265,17.944,19.631,13.889,22.691,1.5666,-3.0007,4.4651,-6.3304,5.9596,5.3986,3.6423,7.9691,6.7507,5.6488,0,5.2566,-3.6576,5.6623,1.2784,-12.543,11.375,-5.4398,2.1362,-8.3947,12.483,3.3535,-10.97,-15.884,2.0853,-8.1876,-5.5413,-16.799,0.23753,0.17997,18.324,13.121,-11.208,4.4916,-3.7117,-1.8634,8.1236,14.074,-11.669,-16.092,-23.14,2.0525,1.9301,13.698,-3.1775,17.694,-0.52485,11.087,-16.221,-5.195,2.7225,6.2942,-5.3602,-8.2709,5.5707,15.268,-15.427,6.2954,12.706,8.3226,-12.616,15.264,14.106,-9.0004,19.832,5.2566,0,-9.1435,2.3007,11.054,-6.6142,9.1043,-9.2881,-18.983,1.5191,-7.9867,-13.715,9.9991,0.83118,9.3548,9.6078,-5.2216,-0.78303,-9.5048,-11.481,-12.847,-9.9646,20.627,5.6791,13.428,7.9183,-10.023,-2.1439,31.982,16.029,12.844,-3.1697,2.7566,7.0607,-6.5565,-13.863,15.677,0.64509,18.356,1.3238,-13.197,8.9936,-0.088345,-2.3816,-16.424,-16.573,9.1326,-1.3083,-15.893,-36.426,13.398,-27.464,-15.811,22.424,-19.51,-3.6576,-9.1435,0,8.103,-13.847,13.251,1.0079,14.98,13.376,11.136,7.0772,15.508,-11.713,-4.8052,-6.1271,0.68596,-2.5854,-9.585,4.4156,-2.5908,8.2754,9.4664,7.6426,4.5646,20.672,-8.948,-21.358,8.0113,11.527,2.8676,-4.4405,5.6881,2.9182,5.5231,-16.583,5.376,1.9017,14.124,9.8113,3.563,-10.316,12.88,3.1228,3.2467,-2.3169,-14.272,8.662,-8.9135,-10.252,-6.7257,14.951,-2.5969,3.332,9.9112,-7.8526,5.6623,2.3007,8.103,0,5.3842,2.6949,6.4047,15.138,5.2183,6.8493,9.6694,11.8,-9.6243,-16.397,-15.385,1.5011,-14.928,-12.024,3.5242,10.444,29.721,16.176,-18.823,-1.163,-6.3213,-4.1847,0.43072,10.434,-12.115,-23.321,-15.701,-0.94583,-9.141,-0.6671,2.9684,20.648,-11.431,4.6138,-12.851,5.6554,7.5925,-2.9554,0.62993,-5.0312,5.2886,4.9298,-6.6991,-0.15294,8.4437,9.3582,-1.6911,24.692,28.864,-16.429,10.542,1.2784,11.054,-13.847,5.3842,0,0.8612,8.8746,-2.5124,-5.1336,-3.3684,-5.9518,-8.0819,11.504,3.5435,-0.17604,-2.2278,-3.6424,0.8886,-16.308,-1.1593,-3.7659,-6.7009,0.86654,2.0641,-1.5862,18.313,-3.1454,0.51619,9.6154,-0.032165,8.8798,-12.412,-10.279,3.0982,5.4155,-6.8401,5.3703,-6.0945,3.63,9.5721,-0.85872,-1.7255,-1.9441,-14.654,-20.234,-8.6946,1.3841,2.8003,-4.6407,-20.433,8.6066,-6.6501,-2.996,1.6259,-9.0036,-12.543,-6.6142,13.251,2.6949,0.8612,0,5.49,9.4259,11.892,6.9568,-3.3134,4.3105,3.0583,9.3527,-1.2237,-4.1572,2.7679,-3.3132,-12.748,-5.0031,10.117,3.3576,-0.74652,11.573,-1.0905,4.9371,0.68548,7.8286,-3.5564,-13.537,-11.921,-13.929,-15.34,10.988,6.3014,14.678,10.271,16.147,-9.3698,-10.368,-11.36,15.401,11.986,-5.3513,4.6991,1.638,-9.8932,12.163,-2.1889,-3.359,6.0142,5.5874,14.347,0.87747,7.4234,11.375,9.1043,1.0079,6.4047,8.8746,5.49,0,-4.0649,5.0462,-3.5985,2.9146,0.010313,-0.28766,-1.4947,8.2068,-8.7874,-1.7222,-20.092,3.9615,-6.312,-4.8811,-4.1422,9.5258,4.8074,18.648,-0.69457,-14.609,5.3464,24.681,12.448,6.3301,2.135,2.9106,2.1044,-11.494,-6.4135,2.6673,0.59653,22.476,11.719,-2.8352,1.6531,-2.8814,1.7974,-12.31,-17.393,11.435,-7.8759,-17.117,-15.357,15.215,-10.086,-9.5244,10.787,-27.751,-5.4398,-9.2881,14.98,15.138,-2.5124,9.4259,-4.0649,0,8.5122,17.313,2.5569,10.197,-6.2032,-5.2129,-26.07,-0.28276,-13.968,-3.9798,-7.9057,-3.1442,-8.3441,-8.1387,14.194,1.701,5.9594,3.5846,-12.445,-8.4683,12.147,7.7075,11.452,-8.6915,-9.5731,-5.3333,4.4587,-6.9612,7.4615,-0.059629,11.191,-0.48825,-13.929,4.5481,15.377,5.2519,-3.6405,-20.008,10.935,-1.6265,-17.906,-13.628,27.89,-12.99,-4.5737,13.435,-14.319,2.1362,-18.983,13.376,5.2183,-5.1336,11.892,5.0462,8.5122,0,-3.5492,14.7,20.55,-14.423,-4.9214,-5.8432,-16.321,3.4313,-12.224,0.60367,-11.873,-4.1059,-5.7594,2.844,10.181,10.281,5.8429,-0.53721,14.052,13.615,6.5244,0.57631,0.39173,5.9855,14.097,-10.659,-4.1054,6.3639,0.90115,8.9059,7.6088,2.5117,1.7779,-13.796,-7.3992,-14.633,-1.9823,-1.1115,1.2079,-6.3938,-12.911,0.80177,-5.2698,-9.9433,4.5461,-10.878,-8.3947,1.5191,11.136,6.8493,-3.3684,6.9568,-3.5985,17.313,-3.5492,0,-9.0925,-2.3379,3.4631,2.1773,-8.6658,7.9871,-16.222,-0.1945,1.3914,-0.24302,-2.2881,2.6979,18.914,-2.5688,11.879,-10.57,-18.853,-10.863,7.7295,9.5053,4.9824,4.5996,2.3981,-5.9459,-5.5462,-2.4298,3.6258,7.351,10.626,-6.6399,-21.821,11.584,16.724,16.093,5.2775,-16.704,16.099,-9.0991,-11.335,-2.6574,16.333,-10.516,-1.5597,17.708,-6.4318,12.483,-7.9867,7.0772,9.6694,-5.9518,-3.3134,2.9146,2.5569,14.7,-9.0925,0,27.448,-34.82,-23.886,-5.9817,-5.4759,1.8401,-12.008,-0.90767,-0.6017,-6.2143,-0.55971,22.473,-3.3663,14.444,-5.1543,-26.927,-10.937,17.293,15.191,12.223,3.858,3.0017,-5.4854,-7.3339,-9.0998,4.1065,2.097,19.476,0.71009,-17.47,7.8414,9.4548,9.5141,-3.9394,-33.423,24.712,-12.106,-14.895,-10.616,22.242,-18.515,-6.9863,21.44,-15.459,3.3535,-13.715,15.508,11.8,-8.0819,4.3105,0.010313,10.197,20.55,-2.3379,27.448,0,-28.204,-16.248,-10.909,-3.6044,1.2957,-9.4754,-1.7629,5.4915,7.172,1.8518,-30.503,-0.79179,-17.612,8.5433,17.567,8.8703,-13.194,-16.152,-6.9587,-4.5023,-5.0994,2.9557,8.1895,5.7285,-7.4592,-7.1891,-16.581,6.9385,23.627,-12.901,-13.015,-16.946,-2.705,17.689,-16.505,7.7851,16.905,6.275,-16.998,16.184,7.3233,-28.001,11.249,-10.97,9.9991,-11.713,-9.6243,11.504,3.0583,-0.28766,-6.2032,-14.423,3.4631,-34.82,-28.204,0,24.778,8.1826,4.1931,1.3597,12.549,-8.6377,3.3767,-1.954,-6.809,-15.966,-1.3604,-21.279,18.689,17.843,1.604,-7.7437,-9.0058,1.9908,-10.821,-8.7334,0.17949,15.681,-2.3696,-2.8103,-14.632,-10.942,6.384,17.204,-15.601,-9.5479,-17.706,-7.1804,11.411,-12.188,10.163,10.656,-0.025161,-11.258,6.1748,0.58828,-16.596,5.1775,-15.884,0.83118,-4.8052,-16.397,3.5435,9.3527,-1.4947,-5.2129,-4.9214,2.1773,-23.886,-16.248,24.778,0,10.092,-0.47417,7.6957,11.341,-13.973,0.15643,1.2674,-1.6176,-7.3491,0.88637,-18.453,10.574,19.162,-2.3075,-14.64,-11.912,-4.3722,-9.5241,-6.1083,4.9335,14.413,3.6517,4.8788,-0.64924,-20.858,-12.23,0.74693,1.0228,0.94127,-9.381,4.4223,16.872,-16.939,16.341,12.768,4.6891,-13.132,5.668,5.7384,-7.7254,19.573,2.0853,9.3548,-6.1271,-15.385,-0.17604,-1.2237,8.2068,-26.07,-5.8432,-8.6658,-5.9817,-10.909,8.1826,10.092,0,-0.048936,13.008,0.47009,4.4792,4.0307,2.6462,8.3809,-2.6668,-7.118,1.6176,-2.8761,0.27113,1.4234,1.3471,3.0045,0.46268,16.727,22.984,4.9951,-15.222,-4.0814,-4.9159,-3.0788,0.90852,6.3321,6.2423,-1.6727,-22.815,-6.923,-7.8149,2.9586,1.84,-7.8555,10.99,1.6583,-12.793,-1.2303,-3.9142,-2.0871,2.8545,-8.1876,9.6078,0.68596,1.5011,-2.2278,-4.1572,-8.7874,-0.28276,-16.321,7.9871,-5.4759,-3.6044,4.1931,-0.47417,-0.048936,0,-1.1634,10.746,-9.5184,11.876,-4.3765,-1.2926,-2.8759,-15.251,-16.983,6.0862,4.1702,-22.529,-6.8581,-1.861,10.777,-2.6132,-3.2629,-11.284,12.827,-8.1714,-3.9024,-13.897,-6.0965,-0.72158,2.0421,-8.135,1.6861,-3.6736,-1.1705,1.2598,1.7397,-0.24789,10.092,2.8295,-5.0731,-2.4469,-0.10474,-4.8461,6.0189,-5.5413,-5.2216,-2.5854,-14.928,-3.6424,2.7679,-1.7222,-13.968,3.4313,-16.222,1.8401,1.2957,1.3597,7.6957,13.008,-1.1634,0,7.1153,7.6285,14.006,-1.0545,2.3062,-12.599,-16.705,-11.008,-0.84197,6.5823,-5.2057,-6.8047,-0.15162,5.4035,9.4725,7.8547,-10.274,0.56328,-6.6469,-18.733,-21.4,-3.0489,13.09,27.409,-28.006,-17.437,-3.9047,-4.0813,6.6274,1.0916,-7.0636,16.018,9.4031,-16.528,4.3759,-2.9162,-14.685,3.3021,-16.799,-0.78303,-9.585,-12.024,0.8886,-3.3132,-20.092,-3.9798,-12.224,-0.1945,-12.008,-9.4754,12.549,11.341,0.47009,10.746,7.1153,0
