0,-6.5843,-11.258,-1.7965,1.1454,-0.85465,3.7723,-1.9943,2.1048,-7.1055,-5.65,-4.511,2.4088,7.3803,5.8119,0.94318,-11.492,-3.0887,-0.96251,0.6706,1.4959,-6.5843,0,5.311,4.2202,-6.2667,-3.1959,0.47996,5.313,-5.3955,10.47,5.8903,7.1238,-2.4754,-0.79111,-5.3592,0.77767,8.3914,0.4392,5.3394,-2.8857,-4.2028,-11.258,5.311,0,2.5022,0.52353,3.9868,-1.0912,0.95691,-5.9583,5.5089,2.8177,4.1155,-3.2989,-3.0558,-3.9399,0.38396,8.722,1.9731,3.4368,-0.44674,-1.1784,-1.7965,4.2202,2.5022,0,-4.6895,1.9055,3.9808,6.2666,-6.0722,-0.037688,-2.8702,-1.3918,1.2277,3.613,-1.3937,0.3606,2.8977,-2.4339,8.317,4.4677,1.4746,1.1454,-6.2667,0.52353,-4.6895,0,2.4593,-1.9192,-2.3082,1.7697,-4.077,-4.2583,-3.9541,-3.517,-2.0173,3.6591,1.4395,-4.1547,-1.3822,-4.0988,3.4033,4.393,-0.85465,-3.1959,3.9868,1.9055,2.4593,0,-0.21889,-0.55606,-1.1742,-3.727,-4.5579,-2.9977,2.2805,1.284,0.67789,0.178,0.36437,0.47345,1.6504,3.0756,1.3538,3.7723,0.47996,-1.0912,3.9808,-1.9192,-0.21889,0,-2.2716,-8.3095,0.78515,-1.9374,-0.074946,-3.2891,4.7261,-2.3808,-3.6555,-0.48693,-4.7688,2.9269,1.551,-3.7876,-1.9943,5.313,0.95691,6.2666,-2.3082,-0.55606,-2.2716,0,-1.2278,0.26509,-1.9375,-0.76885,0.5842,1.4173,1.0227,1.5673,0.82157,-2.4505,7.5956,1.7857,3.1348,2.1048,-5.3955,-5.9583,-6.0722,1.7697,-1.1742,-8.3095,-1.2278,0,-4.0625,0.27327,-2.5949,5.9537,-3.6497,4.2039,0.19648,-4.6648,3.3391,-7.6481,-1.055,2.1741,-7.1055,10.47,5.5089,-0.037688,-4.077,-3.727,0.78515,0.26509,-4.0625,0,12.234,12.645,-5.7479,-4.1309,-8.8758,-1.3764,10.568,-0.35195,2.0911,-5.8519,-6.3559,-5.65,5.8903,2.8177,-2.8702,-4.2583,-4.5579,-1.9374,-1.9375,0.27327,12.234,0,10.89,-2.0238,-6.4893,-6.057,-1.5717,7.0057,2.3292,-1.0322,-8.1579,-5.6602,-4.511,7.1238,4.1155,-1.3918,-3.9541,-2.9977,-0.074946,-0.76885,-2.5949,12.645,10.89,0,-3.9073,-3.4706,-8.538,0.099838,8.1216,-0.83429,1.0426,-6.7992,-5.6057,2.4088,-2.4754,-3.2989,1.2277,-3.517,2.2805,-3.2891,0.5842,5.9537,-5.7479,-2.0238,-3.9073,0,0.98947,3.6867,0.4835,-3.437,4.4701,-1.749,0.71224,2.327,7.3803,-0.79111,-3.0558,3.613,-2.0173,1.284,4.7261,1.4173,-3.6497,-4.1309,-6.4893,-3.4706,0.98947,0,3.1342,2.9535,-4.0044,-1.7245,5.5207,1.8095,0.82355,5.8119,-5.3592,-3.9399,-1.3937,3.6591,0.67789,-2.3808,1.0227,4.2039,-8.8758,-6.057,-8.538,3.6867,3.1342,0,2.5633,-10.142,1.8213,-1.2006,2.2321,3.8631,0.94318,0.77767,0.38396,0.3606,1.4395,0.178,-3.6555,1.5673,0.19648,-1.3764,-1.5717,0.099838,0.4835,2.9535,2.5633,0,-0.092283,-0.81649,1.3624,0.39892,6.2323,-11.492,8.3914,8.722,2.8977,-4.1547,0.36437,-0.48693,0.82157,-4.6648,10.568,7.0057,8.1216,-3.437,-4.0044,-10.142,-0.092283,0,0.16186,2.7024,-1.3077,-3.0774,-3.0887,0.4392,1.9731,-2.4339,-1.3822,0.47345,-4.7688,-2.4505,3.3391,-0.35195,2.3292,-0.83429,4.4701,-1.7245,1.8213,-0.81649,0.16186,0,-3.0097,-3.3452,-2.4731,-0.96251,5.3394,3.4368,8.317,-4.0988,1.6504,2.9269,7.5956,-7.6481,2.0911,-1.0322,1.0426,-1.749,5.5207,-1.2006,1.3624,2.7024,-3.0097,0,-0.054206,1.0479,0.6706,-2.8857,-0.44674,4.4677,3.4033,3.0756,1.551,1.7857,-1.055,-5.8519,-8.1579,-6.7992,0.71224,1.8095,2.2321,0.39892,-1.3077,-3.3452,-0.054206,0,4.1761,1.4959,-4.2028,-1.1784,1.4746,4.393,1.3538,-3.7876,3.1348,2.1741,-6.3559,-5.6602,-5.6057,2.327,0.82355,3.8631,6.2323,-3.0774,-2.4731,1.0479,4.1761,0
