0,0.023382,-8.7302,-4.7062,0.016442,0.83777,2.535,-1.3718,3.203,-3.0829,-1.739,-4.1254,1.9143,4.1527,0.25072,0.91204,-5.1993,-4.1465,2.5573,-3.6304,0.71484,0.023382,0,1.4013,4.9657,-3.5321,-2.8485,-2.4886,7.7586,-3.5194,0.68402,-1.4753,3.0173,1.7954,-0.048013,-0.80304,-2.8085,5.331,-4.2984,0.66197,0.13232,2.0933,-8.7302,1.4013,0,4.9158,-0.94113,0.309,-2.3095,0.67596,-2.2056,1.3774,1.7598,2.7642,0.39197,-1.7854,-1.2576,-2.5822,5.7254,2.6345,-5.8329,4.3375,2.8538,-4.7062,4.9657,4.9158,0,-4.7459,-3.8595,-3.621,9.1504,-5.3773,1.0745,0.74193,6.0671,-2.3052,0.68973,2.2314,-0.7843,7.2935,-0.46771,-1.4442,4.1733,2.8253,0.016442,-3.5321,-0.94113,-4.7459,0,-1.2731,4.3269,-5.0093,3.0562,3.8566,2.9106,-1.2201,-5.3765,-4.3094,-1.5891,-1.2833,-6.4239,0.58923,-0.89888,-0.0016664,-2.9101,0.83777,-2.8485,0.309,-3.8595,-1.2731,0,-2.3493,-2.8753,1.9477,-2.4468,-3.5747,-6.1326,4.0322,3.1305,-2.6198,-0.54954,1.2866,-0.21924,-0.48364,-1.9979,-0.48754,2.535,-2.4886,-2.3095,-3.621,4.3269,-2.3493,0,-3.7594,4.2717,0.072013,2.4738,0.25682,-2.8945,-4.2538,-0.23076,-2.5159,-3.3085,2.5336,-0.7249,2.9009,-0.71884,-1.3718,7.7586,0.67596,9.1504,-5.0093,-2.8753,-3.7594,0,-3.6351,-0.12594,0.0089873,4.0673,-0.4854,0.3309,0.23026,-1.4218,5.5576,-2.9735,3.5025,0.069879,1.0494,3.203,-3.5194,-2.2056,-5.3773,3.0562,1.9477,4.2717,-3.6351,0,-4.4047,-0.17731,-5.1707,-0.50695,-2.8309,1.2646,-1.0017,-2.1231,1.4693,-0.69026,-1.4986,1.9055,-3.0829,0.68402,1.3774,1.0745,3.8566,-2.4468,0.072013,-0.12594,-4.4047,0,6.4605,5.0863,-2.6505,-3.6894,-3.64,-2.3652,0.0096549,0.38455,-0.91993,-1.8661,-3.1553,-1.739,-1.4753,1.7598,0.74193,2.9106,-3.5747,2.4738,0.0089873,-0.17731,6.4605,0,3.9603,-4.1868,-5.5628,-2.0276,-1.1156,-0.62241,1.2264,-0.59406,0.91056,-0.84178,-4.1254,3.0173,2.7642,6.0671,-1.2201,-6.1326,0.25682,4.0673,-5.1707,5.0863,3.9603,0,-0.79481,-2.9838,-0.27262,-1.6817,2.1919,-0.76631,-0.86093,2.3982,0.91494,1.9143,1.7954,0.39197,-2.3052,-5.3765,4.0322,-2.8945,-0.4854,-0.50695,-2.6505,-4.1868,-0.79481,0,3.0993,-2.2682,-1.3606,1.3617,-2.6213,-1.3136,-1.9176,2.7451,4.1527,-0.048013,-1.7854,0.68973,-4.3094,3.1305,-4.2538,0.3309,-2.8309,-3.6894,-5.5628,-2.9838,3.0993,0,-1.6387,3.7163,0.46727,-5.4573,0.16796,-1.2327,-0.38358,0.25072,-0.80304,-1.2576,2.2314,-1.5891,-2.6198,-0.23076,0.23026,1.2646,-3.64,-2.0276,-0.27262,-2.2682,-1.6387,0,1.778,-0.71637,3.5623,1.0729,1.0452,2.8637,0.91204,-2.8085,-2.5822,-0.7843,-1.2833,-0.54954,-2.5159,-1.4218,-1.0017,-2.3652,-1.1156,-1.6817,-1.3606,3.7163,1.778,0,-1.8862,-1.1882,-0.29341,0.83415,-2.5134,-5.1993,5.331,5.7254,7.2935,-6.4239,1.2866,-3.3085,5.5576,-2.1231,0.0096549,-0.62241,2.1919,1.3617,0.46727,-0.71637,-1.8862,0,0.77688,-3.2208,1.862,3.8703,-4.1465,-4.2984,2.6345,-0.46771,0.58923,-0.21924,2.5336,-2.9735,1.4693,0.38455,1.2264,-0.76631,-2.6213,-5.4573,3.5623,-1.1882,0.77688,0,-1.5822,1.4325,1.0334,2.5573,0.66197,-5.8329,-1.4442,-0.89888,-0.48364,-0.7249,3.5025,-0.69026,-0.91993,-0.59406,-0.86093,-1.3136,0.16796,1.0729,-0.29341,-3.2208,-1.5822,0,-2.9913,-1.1755,-3.6304,0.13232,4.3375,4.1733,-0.0016664,-1.9979,2.9009,0.069879,-1.4986,-1.8661,0.91056,2.3982,-1.9176,-1.2327,1.0452,0.83415,1.862,1.4325,-2.9913,0,1.3147,0.71484,2.0933,2.8538,2.8253,-2.9101,-0.48754,-0.71884,1.0494,1.9055,-3.1553,-0.84178,0.91494,2.7451,-0.38358,2.8637,-2.5134,3.8703,1.0334,-1.1755,1.3147,0
