0,-5.6346,-4.4994,-12.697,3.2203,-13.145,0.93744,-21.841,12.539,12.1,-1.749,-0.4933,13.105,-4.9418,-8.8769,-11.581,11.402,-0.087209,11.533,-2.59,3.5732,2.2024,7.9914,-7.0411,-6.2357,-15.673,-1.8835,-1.5213,-12.869,4.1198,-1.6778,10.748,22.701,13.169,1.5938,15.456,-6.7698,8.5262,-6.6535,-4.8654,11.52,-12.725,-10.7,-4.3923,3.8432,-8.6555,5.487,16.241,5.738,-1.0505,-4.6199,-3.2579,15.799,4.6284,13.398,-5.6346,0,-5.4958,4.147,-6.5716,-0.4197,-15.927,1.4113,-20.393,6.0101,-14.389,3.0666,-19.541,-1.0265,14.924,13.814,-5.6268,8.4449,1.3333,-5.5322,-17.962,10.985,9.0189,16.624,13.284,11.82,2.8847,13.146,3.3404,-8.5774,1.7464,16.001,-8.4766,-9.5907,5.1981,-7.0679,8.6018,-3.2446,9.1303,14.098,-12.199,-8.7292,5.4997,16.536,-35.913,-10.025,-6.449,-15.051,-18.007,-13.568,3.5062,11.682,-15.647,-4.506,-5.6491,-4.4994,-5.4958,0,16.345,22.707,7.1348,-1.1683,4.6541,1.2588,-17.648,12.341,-3.4454,4.9031,26.002,-13.599,6.6024,7.1245,10.178,-9.5805,23.398,14.907,-16.231,-6.8168,1.9537,-0.88716,4.5697,-7.9649,3.7688,3.5141,-13.522,17.703,-11.584,-8.7873,3.645,-15.673,3.3015,4.0624,-14.769,-21.526,-5.3341,14.217,13.021,-12.325,2.4984,4.381,15.603,-3.7533,6.8036,11.693,22.14,4.0447,6.9519,7.7486,19.997,-2.1887,-12.697,4.147,16.345,0,13.87,15.27,0.066799,17.026,-5.8645,-19.497,9.1053,-9.946,-0.63957,27.72,-3.2969,12.673,0.43143,3.944,-21.049,21.799,7.4712,-16.383,-13.599,6.7677,-2.6935,5.3743,-6.891,1.2931,0.87051,-7.0657,21.71,-5.0005,-18.977,2.8496,-14.175,-0.3694,0.80341,-24.447,-3.8438,-3.9432,2.6913,7.6147,-4.0596,7.965,-1.0344,12.788,-2.082,-6.2695,4.5058,12.967,12.15,13.55,0.19438,9.4317,-2.1341,3.2203,-6.5716,22.707,13.87,0,2.4486,1.9455,0.5772,8.6136,-15.657,17.352,-8.4175,14.926,27.471,-22.951,2.0383,12.538,7.5814,-10.247,23.386,24.858,-23.065,-9.6597,0.27517,-9.5465,-3.1807,-8.5869,-0.2878,-8.1937,-6.574,23.061,-4.7911,-0.6968,15.963,-26.865,8.8539,-2.8823,-16.48,-22.011,-15.391,26.07,4.1793,-13.422,4.0173,6.7609,9.1225,5.6535,11.316,17.132,27.556,9.1949,4.4412,14.674,28.265,9.2457,-13.145,-0.4197,7.1348,15.27,2.4486,0,10.56,29.649,-4.193,-9.3693,7.0693,-16.453,-3.3453,10.315,-0.26207,11.532,-11.629,-7.1677,-20.034,13.89,1.8616,-10.892,-13.154,-6.2509,-4.9214,-1.5173,1.4412,-0.34943,3.7959,-0.034858,3.3209,-8.4457,-22.253,-3.2606,-1.0359,4.3087,-7.2305,-10.523,4.1948,0.036064,-5.4534,15.849,-2.6223,-7.0823,3.1044,24.091,-8.3014,-6.6975,6.8196,7.3604,-2.6169,7.0548,1.2752,2.1715,-5.8015,0.93744,-15.927,-1.1683,0.066799,1.9455,10.56,0,9.0446,15.046,-5.5593,15.117,-17.359,12.247,1.2077,-8.5097,-4.9124,-5.9959,-20.327,-11.188,5.6105,10.162,-12.557,-17.535,-24.801,-24.689,-18.923,4.4597,-12.958,-8.9484,15.888,-4.4688,-9.6015,1.6804,7.7761,-2.5727,9.9162,-26.928,-1.6124,3.1969,-14.176,1.9004,8.7365,-0.019963,-19.644,20.01,13.203,7.135,4.8027,16.788,9.4258,-3.8628,-9.4628,10.414,0.9486,8.604,-21.841,1.4113,4.6541,17.026,0.5772,29.649,9.0446,0,-5.8139,-13.3,7.3199,-11.856,-4.874,8.8198,3.237,10.248,-12.426,-7.706,-22.871,9.7063,1.2886,-10.093,-17.527,-1.5095,-4.1479,2.3953,1.352,-3.1757,4.0976,2.0075,3.4617,-9.8784,-22.334,-4.1816,-3.1166,-2.898,-4.5994,-11.591,7.7642,-1.1403,-8.3651,13.745,4.3974,-2.3237,2.2401,17.05,-3.5277,-12.324,2.5295,5.9431,3.2718,4.6,-4.5668,-1.522,-5.8784,12.539,-20.393,1.2588,-5.8645,8.6136,-4.193,15.046,-5.8139,0,-3.7634,16.832,-7.2644,27.012,1.345,-21.933,-9.9103,4.5858,-4.6967,-2.5166,2.5185,17.709,-10.064,-7.4776,-16.335,-20.621,-17.385,3.5243,-7.6389,-17.14,7.8666,-2.0163,-5.493,15.505,15.381,-8.9324,11.329,-15.599,-0.71095,-8.3945,-23.976,16.155,2.2284,-2.9875,-9.7982,17.459,3.3977,16.684,22.533,20.669,12.077,-1.6463,-16.526,16.599,9.2351,21.6,12.1,6.0101,-17.648,-19.497,-15.657,-9.3693,-5.5593,-13.3,-3.7634,0,-22.369,6.7106,-5.9703,-20.675,9.7559,-5.1013,-1.1574,-2.2527,21.315,-15.862,-17.3,22.813,22.029,-1.6617,7.2834,-3.9853,3.3715,3.6814,0.98855,3.292,-13.109,17.29,8.7759,-4.6233,23.875,3.2373,0.92371,20.53,7.8364,13.292,-7.809,-14.312,-0.87431,-3.5644,-7.5936,-15.332,-6.1307,-0.76139,-10.286,-23.321,-11.966,0.40363,-1.4971,-10.683,-2.1157,-1.749,-14.389,12.341,9.1053,17.352,7.0693,15.117,7.3199,16.832,-22.369,0,-13.265,16.315,15.151,-21.865,0.62874,1.0428,-1.9332,-18.689,14.203,27.525,-28.386,-22.611,-8.9269,-19.055,-6.7545,1.1917,-5.6834,-9.8494,1.695,6.9746,-14.936,-0.45997,11.123,-21.809,5.9919,-11.357,-15.038,-9.5832,-27.072,13.879,12.922,-2.0392,-4.3155,15.135,15.821,11.663,10.343,25.144,31.29,4.9373,-7.2777,10.501,15.063,11.77,-0.4933,3.0666,-3.4454,-9.946,-8.4175,-16.453,-17.359,-11.856,-7.2644,6.7106,-13.265,0,-7.848,-11.13,9.5608,-6.1383,5.7757,8.0116,20.064,-13.808,-8.2724,16.221,15.123,12.069,19.801,14.44,-3.5173,2.4769,12.911,-4.6634,-4.5989,0.95053,5.2968,-9.1354,6.566,-16.222,24.135,12.493,-1.296,11.084,-3.085,-5.565,5.394,7.0585,-6.0363,-13.443,-3.2648,-2.3468,-16.166,-10.92,0.35132,-2.0775,-10.768,-8.7823,-10.231,13.105,-19.541,4.9031,-0.63957,14.926,-3.3453,12.247,-4.874,27.012,-5.9703,16.315,-7.848,0,5.7632,-22.124,-12.96,12.78,-4.9039,-3.0481,8.5543,26.024,-15.607,-10.063,-10.246,-22.955,-17.822,-5.8891,-12.566,-16.606,8.531,5.9303,-4.2288,13.367,29.891,-12.857,12.486,-12.771,-1.835,-11.289,-26.914,22.356,-0.78457,-8.5911,-6.1275,20.881,3.8975,15.437,17.197,20.254,15.98,4.4398,-6.7716,23.518,10.38,19.046,-4.9418,-1.0265,26.002,27.72,27.471,10.315,1.2077,8.8198,1.345,-20.675,15.151,-11.13,5.7632,0,-13.068,10.213,4.6379,7.571,-18.348,29.987,15.067,-22.728,-12.117,2.7126,-5.9127,1.5661,-6.1925,2.9163,-3.2775,-9.7679,24.701,-6.0017,-10.513,7.5884,-21.807,5.27,-1.3317,-27.845,-12.982,-9.1506,12.04,8.6287,-9.5847,5.6752,2.1832,14.166,0.5345,3.2445,12.257,22.814,9.162,9.1553,7.2344,21.651,3.1816,-8.8769,14.924,-13.599,-3.2969,-22.951,-0.26207,-8.5097,3.237,-21.933,9.7559,-21.865,9.5608,-22.124,-13.068,0,1.5577,-7.7172,-3.493,7.0762,-13.116,-26.138,17.744,7.8211,9.9196,14.673,10.105,0.54171,0.7897,12.212,2.4791,-7.4309,6.8081,-5.7901,-15.144,16.873,-14.514,9.4249,9.2988,20.734,20.335,-29.556,-6.4884,11.264,4.6558,-12.148,-9.387,-8.4537,-26.097,-31.323,-24.41,-0.21534,5.2004,-21.472,-26.16,-15.091,-11.581,13.814,6.6024,12.673,2.0383,11.532,-4.9124,10.248,-9.9103,-5.1013,0.62874,-6.1383,-12.96,10.213,1.5577,0,-12.352,10.298,-11.422,5.0913,-5.3765,-0.94981,0.038265,4.8429,6.2051,9.8728,8.814,20.278,3.5867,-16.866,3.6773,1.079,-20.275,-10.59,-2.1233,-0.94533,2.6466,-16.575,0.96895,6.0238,-5.1793,8.1004,1.3683,6.6875,-14.771,6.3533,-8.698,-5.4124,-1.0897,1.0905,-1.7404,7.9791,-7.3906,7.0208,-4.6815,11.402,-5.6268,7.1245,0.43143,12.538,-11.629,-5.9959,-12.426,4.5858,-1.1574,1.0428,5.7757,12.78,4.6379,-7.7172,-12.352,0,5.4241,7.342,5.7902,10.867,-4.6206,1.7422,5.8899,-1.6853,-2.135,-21.768,-6.093,-3.4519,-0.72918,13.648,2.2917,10.34,15.834,-8.4327,2.9724,5.0954,2.2739,-15.439,-5.9155,17.899,-9.1425,-12.385,5.8574,5.6365,-5.0137,4.9016,8.0149,2.7373,6.1063,9.9482,4.5746,10.714,6.4113,4.526,-0.087209,8.4449,10.178,3.944,7.5814,-7.1677,-20.327,-7.706,-4.6967,-2.2527,-1.9332,8.0116,-4.9039,7.571,-3.493,10.298,5.4241,0,2.7405,1.196,-0.52545,2.7586,9.6599,13.492,12.235,14.494,0.055665,20.08,3.1269,-31.181,7.9223,3.3727,-2.207,-3.9498,-6.5917,-3.6562,14.944,-7.7275,-13.271,3.9955,7.0235,-0.60113,-3.0867,16.191,-13.325,-4.3451,-3.1473,4.5598,-2.9416,1.5948,2.7763,4.9098,-3.5622,11.896,-1.5513,11.533,1.3333,-9.5805,-21.049,-10.247,-20.034,-11.188,-22.871,-2.5166,21.315,-18.689,20.064,-3.0481,-18.348,7.0762,-11.422,7.342,2.7405,0,-15.722,-9.8667,20.631,24.462,3.3701,11.495,1.5379,-2.8729,1.2766,5.1497,0.51781,-8.4797,9.0598,13.368,-3.4077,13.752,-2.721,9.554,25.203,-0.010205,10.851,-1.638,-13.186,-1.1758,0.19314,-4.1365,-18.216,-3.7438,2.3852,-11.295,-15.621,-6.2134,-1.675,-1.8155,-8.9315,-4.247,-2.59,-5.5322,23.398,21.799,23.386,13.89,5.6105,9.7063,2.5185,-15.862,14.203,-13.808,8.5543,29.987,-13.116,5.0913,5.7902,1.196,-15.722,0,16.551,-26.471,-13.557,-2.1826,-8.8573,-3.5546,-10.009,-1.8898,-2.2245,-4.3738,20.855,-7.3772,-9.4873,9.968,-14.512,9.8837,-4.528,-15.898,-11.701,-8.7251,11.639,9.203,-15.595,-0.8972,7.6498,19.403,-2.0229,3.7271,15.741,23.374,5.5126,10.545,13.071,16.45,1.6203,3.5732,-17.962,14.907,7.4712,24.858,1.8616,10.162,1.2886,17.709,-17.3,27.525,-8.2724,26.024,15.067,-26.138,-5.3765,10.867,-0.52545,-9.8667,16.551,0,-27.792,-16.083,-6.1072,-17.321,-8.0278,-6.9583,-8.8629,-9.589,1.9709,11.973,-11.608,3.962,19.228,-23.513,7.6497,-7.5674,-9.6459,-16.487,-27.177,24.55,6.6821,-8.1663,-2.7987,18.93,11.032,11.509,13.777,23.619,33.793,7.6173,-3.869,17.021,16.249,11.768,2.2024,10.985,-16.231,-16.383,-23.065,-10.892,-12.557,-10.093,-10.064,22.813,-28.386,16.221,-15.607,-22.728,17.744,-0.94981,-4.6206,2.7586,20.631,-26.471,-27.792,0,25.423,5.5988,18.231,7.0383,6.0432,7.5046,8.0305,-1.5773,-14.956,11.336,4.0675,-14.726,21.874,-8.0503,9.9326,16.558,9.6684,20.556,-13.688,-9.8567,7.5697,2.5144,-14.294,-18.253,-7.0274,-5.9784,-21.915,-34.928,-8.3556,-1.2959,-13.182,-14.945,-8.2427,7.9914,9.0189,-6.8168,-13.599,-9.6597,-13.154,-17.535,-17.527,-7.4776,22.029,-22.611,15.123,-10.063,-12.117,7.8211,0.038265,1.7422,9.6599,24.462,-13.557,-16.083,25.423,0,5.6168,18.592,5.7596,2.3112,12.786,6.5657,-8.0989,-7.4697,13.19,5.3539,-9.2638,14.575,-1.5797,11.56,12.744,-0.068691,18.021,-3.93,-10.015,-1.7904,3.4466,-14.173,-15.548,-9.573,1.1224,-12.684,-17.597,-9.6225,2.5135,-4.816,-4.4463,-6.2457,-7.0411,16.624,1.9537,6.7677,0.27517,-6.2509,-24.801,-1.5095,-16.335,-1.6617,-8.9269,12.069,-10.246,2.7126,9.9196,4.8429,5.8899,13.492,3.3701,-2.1826,-6.1072,5.5988,5.6168,0,14.87,21.008,-7.7931,5.495,6.7222,-9.891,9.8111,6.3031,-4.9627,-4.3609,-2.9771,-15.839,21.596,-3.3476,-0.10692,7.8361,-3.0436,-7.988,4.2029,32.862,-15.161,-10.203,-1.8857,-11.369,-16.928,-5.5429,14.682,10.604,-13.782,-2.3761,-7.0514,-6.2357,13.284,-0.88716,-2.6935,-9.5465,-4.9214,-24.689,-4.1479,-20.621,7.2834,-19.055,19.801,-22.955,-5.9127,14.673,6.2051,-1.6853,12.235,11.495,-8.8573,-17.321,18.231,18.592,14.87,0,22.946,-0.13696,13.239,20.652,-13.651,-2.928,3.9663,-5.9459,-20.391,10.202,-13.197,28.23,5.5596,1.5531,26.777,-9.4351,-1.9241,3.2113,8.9099,-17.757,-7.8675,-15.098,-8.1485,-20.221,-13.656,-3.4106,6.659,-15.784,-6.6684,-19.803,-15.673,11.82,4.5697,5.3743,-3.1807,-1.5173,-18.923,2.3953,-17.385,-3.9853,-6.7545,14.44,-17.822,1.5661,10.105,9.8728,-2.135,14.494,1.5379,-3.5546,-8.0278,7.0383,5.7596,21.008,22.946,0,-0.48044,10.372,16.859,-15.395,2.7355,-2.3902,-10.676,-16.207,-0.12436,-22.191,27.759,-3.5416,-0.26666,11.85,-6.5663,3.0605,7.7357,15.356,-13.953,-3.002,-7.3266,-10.015,-14.455,-4.617,4.7886,5.0204,-20.352,-2.6702,-15.218,-1.8835,2.8847,-7.9649,-6.891,-8.5869,1.4412,4.4597,1.352,3.5243,3.3715,1.1917,-3.5173,-5.8891,-6.1925,0.54171,8.814,-21.768,0.055665,-2.8729,-10.009,-6.9583,6.0432,2.3112,-7.7931,-0.13696,-0.48044,0,9.6951,-3.3802,-1.2843,-16.732,0.35369,-0.15832,-10.011,4.804,-0.022195,-6.3701,-1.615,7.1827,0.94516,-7.1126,5.3116,11.726,-4.5785,-5.5811,-0.31469,1.7642,2.1048,0.58889,-4.8038,-11.572,-12.94,-6.3704,-0.69239,3.9137,-1.5213,13.146,3.7688,1.2931,-0.2878,-0.34943,-12.958,-3.1757,-7.6389,3.6814,-5.6834,2.4769,-12.566,2.9163,0.7897,20.278,-6.093,20.08,1.2766,-1.8898,-8.8629,7.5046,12.786,5.495,13.239,10.372,9.6951,0,4.322,-25.771,-0.67712,6.1616,-6.8416,-11.993,2.3876,0.11992,7.735,-5.8772,-3.686,10.56,-1.7324,2.0907,-1.3009,7.0024,-20.352,-1.9291,-10.076,1.5231,-3.8012,-4.0726,-7.3453,4.7884,-5.7615,7.3133,-4.0959,-12.869,3.3404,3.5141,0.87051,-8.1937,3.7959,-8.9484,4.0976,-17.14,0.98855,-9.8494,12.911,-16.606,-3.2775,12.212,3.5867,-3.4519,3.1269,5.1497,-2.2245,-9.589,8.0305,6.5657,6.7222,20.652,16.859,-3.3802,4.322,0,-7.51,-2.7223,-6.7287,-11.542,-19.701,9.5122,-12.005,18.283,5.4265,1.627,19.151,-10.003,7.3781,1.3713,0.10477,-4.7204,2.9386,-20.059,-9.3124,-10.775,-6.0387,-4.984,6.0482,-10.753,-8.1591,-44.699,4.1198,-8.5774,-13.522,-7.0657,-6.574,-0.034858,15.888,2.0075,7.8666,3.292,1.695,-4.6634,8.531,-9.7679,2.4791,-16.866,-0.72918,-31.181,0.51781,-4.3738,1.9709,-1.5773,-8.0989,-9.891,-13.651,-15.395,-1.2843,-25.771,-7.51,0,-7.1241,-0.46826,8.9988,8.1675,4.0256,2.1172,-13.636,9.4997,11.44,-7.2565,-3.7769,-5.0013,4.9022,-10.519,13.297,-1.6274,9.821,-2.4904,1.6125,-2.438,1.3179,-7.9986,3.6205,-11.953,6.3669,-1.6778,1.7464,17.703,21.71,23.061,3.3209,-4.4688,3.4617,-2.0163,-13.109,6.9746,-4.5989,5.9303,24.701,-7.4309,3.6773,13.648,7.9223,-8.4797,20.855,11.973,-14.956,-7.4697,9.8111,-2.928,2.7355,-16.732,-0.67712,-2.7223,-7.1241,0,-0.29339,-5.8861,11.294,-18.216,2.3712,3.3094,-14.871,-11.859,-6.4257,11.951,-0.68384,-10.911,11.752,0.54583,4.8478,1.3779,0.023716,4.9201,13.601,17.286,14.836,6.092,13.194,2.1475,10.748,16.001,-11.584,-5.0005,-4.7911,-8.4457,-9.6015,-9.8784,-5.493,17.29,-14.936,0.95053,-4.2288,-6.0017,6.8081,1.079,2.2917,3.3727,9.0598,-7.3772,-11.608,11.336,13.19,6.3031,3.9663,-2.3902,0.35369,6.1616,-6.7287,-0.46826,-0.29339,0,5.3794,1.8612,7.0855,3.8864,0.26621,4.4297,5.8788,6.9718,-3.6791,-25.561,-1.6886,8.0224,-14.712,-18.588,-0.63411,-3.3688,-9.72,-14.278,0.51744,7.368,-1.7215,-3.1098,4.3127,22.701,-8.4766,-8.7873,-18.977,-0.6968,-22.253,1.6804,-22.334,15.505,8.7759,-0.45997,5.2968,13.367,-10.513,-5.7901,-20.275,10.34,-2.207,13.368,-9.4873,3.962,4.0675,5.3539,-4.9627,-5.9459,-10.676,-0.15832,-6.8416,-11.542,8.9988,-5.8861,5.3794,0,10.846,0.44249,4.1849,-4.2897,11.888,-3.5349,-7.6681,8.8068,-12.348,-0.31365,-2.9072,6.5199,-12.977,13.726,13.01,2.2225,-2.4578,-0.68548,-12.826,7.5781,-0.9094,13.903,13.169,-9.5907,3.645,2.8496,15.963,-3.2606,7.7761,-4.1816,15.381,-4.6233,11.123,-9.1354,29.891,7.5884,-15.144,-10.59,15.834,-3.9498,-3.4077,9.968,19.228,-14.726,-9.2638,-4.3609,-20.391,-16.207,-10.011,-11.993,-19.701,8.1675,11.294,1.8612,10.846,0,-13.289,12.266,-11.292,-3.485,-8.3583,-21.078,18.429,-6.5204,-9.7952,-0.60715,12.641,0.63093,14.679,9.9691,13.328,12.263,9.7477,-0.24104,19.697,9.2944,19.378,1.5938,5.1981,-15.673,-14.175,-26.865,-1.0359,-2.5727,-3.1166,-8.9324,23.875,-21.809,6.566,-12.857,-21.807,16.873,-2.1233,-8.4327,-6.5917,13.752,-14.512,-23.513,21.874,14.575,-2.9771,10.202,-0.12436,4.804,2.3876,9.5122,4.0256,-18.216,7.0855,0.44249,-13.289,0,-1.3123,2.3203,20.249,13.772,20.584,-17.815,-4.4663,2.7036,-7.7496,-6.0547,-6.6145,-12.945,-6.9835,-12.369,-24.151,-16.025,0.72415,-6.4041,-18.303,-11.228,15.456,-7.0679,3.3015,-0.3694,8.8539,4.3087,9.9162,-2.898,11.329,3.2373,5.9919,-16.222,12.486,5.27,-14.514,-0.94533,2.9724,-3.6562,-2.721,9.8837,7.6497,-8.0503,-1.5797,-15.839,-13.197,-22.191,-0.022195,0.11992,-12.005,2.1172,2.3712,3.8864,4.1849,12.266,-1.3123,0,-16.824,-1.7377,-6.5075,-6.9538,10.345,-0.10774,-18.824,-11.17,6.8597,6.4709,-0.38744,13.645,17.688,7.4205,-7.919,2.192,26.661,11.6,10.678,-6.7698,8.6018,4.0624,0.80341,-2.8823,-7.2305,-26.928,-4.5994,-15.599,0.92371,-11.357,24.135,-12.771,-1.3317,9.4249,2.6466,5.0954,14.944,9.554,-4.528,-7.5674,9.9326,11.56,21.596,28.23,27.759,-6.3701,7.735,18.283,-13.636,3.3094,0.26621,-4.2897,-11.292,2.3203,-16.824,0,2.7954,-3.6733,13.995,-3.005,-1.7938,2.0545,13.621,-11.171,-6.9445,-8.7485,-6.2354,-15.732,-6.4203,3.7188,6.6396,-12.604,-3.4671,-15.999,8.5262,-3.2446,-14.769,-24.447,-16.48,-10.523,-1.6124,-11.591,-0.71095,20.53,-15.038,12.493,-1.835,-27.845,9.2988,-16.575,2.2739,-7.7275,25.203,-15.898,-9.6459,16.558,12.744,-3.3476,5.5596,-3.5416,-1.615,-5.8772,5.4265,9.4997,-14.871,4.4297,11.888,-3.485,20.249,-1.7377,2.7954,0,6.2209,8.9771,-6.2302,-8.7581,1.1897,-8.0159,2.09,-10.924,-3.4427,-0.35585,-8.7936,-15.731,-9.1812,-4.7235,-0.9866,-16.931,-5.1785,-6.6535,9.1303,-21.526,-3.8438,-22.011,4.1948,3.1969,7.7642,-8.3945,7.8364,-9.5832,-1.296,-11.289,-12.982,20.734,0.96895,-15.439,-13.271,-0.010205,-11.701,-16.487,9.6684,-0.068691,-0.10692,1.5531,-0.26666,7.1827,-3.686,1.627,11.44,-11.859,5.8788,-3.5349,-8.3583,13.772,-6.5075,-3.6733,6.2209,0,7.7162,-29.291,-4.5802,14.974,-1.8716,-5.531,-5.2038,-1.2063,-19.195,-12.54,-16.51,-1.7148,-0.98157,-13.223,-22.843,-4.1423,-4.8654,14.098,-5.3341,-3.9432,-15.391,0.036064,-14.176,-1.1403,-23.976,13.292,-27.072,11.084,-26.914,-9.1506,20.335,6.0238,-5.9155,3.9955,10.851,-8.7251,-27.177,20.556,18.021,7.8361,26.777,11.85,0.94516,10.56,19.151,-7.2565,-6.4257,6.9718,-7.6681,-21.078,20.584,-6.9538,13.995,8.9771,7.7162,0,-16.435,-2.7441,1.3573,2.493,-16.158,-5.9397,-23.023,-11.574,-19.504,-19.592,-8.5103,9.3239,-12.612,-11.236,-22.219,11.52,-12.199,14.217,2.6913,26.07,-5.4534,1.9004,-8.3651,16.155,-7.809,13.879,-3.085,22.356,12.04,-29.556,-5.1793,17.899,7.0235,-1.638,11.639,24.55,-13.688,-3.93,-3.0436,-9.4351,-6.5663,-7.1126,-1.7324,-10.003,-3.7769,11.951,-3.6791,8.8068,18.429,-17.815,10.345,-3.005,-6.2302,-29.291,-16.435,0,0.84022,-13.638,0.54994,9.8898,3.6209,8.5884,22.974,17.472,19.149,4.613,-1.933,19.584,22.379,12.791,-12.725,-8.7292,13.021,7.6147,4.1793,15.849,8.7365,13.745,2.2284,-14.312,12.922,-5.565,-0.78457,8.6287,-6.4884,8.1004,-9.1425,-0.60113,-13.186,9.203,6.6821,-9.8567,-10.015,-7.988,-1.9241,3.0605,5.3116,2.0907,7.3781,-5.0013,-0.68384,-25.561,-12.348,-6.5204,-4.4663,-0.10774,-1.7938,-8.7581,-4.5802,-2.7441,0.84022,0,-0.057915,-8.7773,7.0698,26.851,-5.1547,2.745,10.588,12.522,-6.0061,-3.6139,0.9837,6.2675,-5.8335,-10.7,5.4997,-12.325,-4.0596,-13.422,-2.6223,-0.019963,4.3974,-2.9875,-0.87431,-2.0392,5.394,-8.5911,-9.5847,11.264,1.3683,-12.385,-3.0867,-1.1758,-15.595,-8.1663,7.5697,-1.7904,4.2029,3.2113,7.7357,11.726,-1.3009,1.3713,4.9022,-10.911,-1.6886,-0.31365,-9.7952,2.7036,-18.824,2.0545,1.1897,14.974,1.3573,-13.638,-0.057915,0,4.3172,-4.899,-6.5381,7.1829,-10.31,-10.795,-8.657,3.353,-11.417,-21.681,-12.682,-0.91584,-4.3923,16.536,2.4984,7.965,4.0173,-7.0823,-19.644,-2.3237,-9.7982,-3.5644,-4.3155,7.0585,-6.1275,5.6752,4.6558,6.6875,5.8574,16.191,0.19314,-0.8972,-2.7987,2.5144,3.4466,32.862,8.9099,15.356,-4.5785,7.0024,0.10477,-10.519,11.752,8.0224,-2.9072,-0.60715,-7.7496,-11.17,13.621,-8.0159,-1.8716,2.493,0.54994,-8.7773,4.3172,0,-15.297,-10.417,2.9707,-7.0584,-10.99,-2.4377,17.523,7.9641,-10.513,2.314,-0.27983,3.8432,-35.913,4.381,-1.0344,6.7609,3.1044,20.01,2.2401,17.459,-7.5936,15.135,-6.0363,20.881,2.1832,-12.148,-14.771,5.6365,-13.325,-4.1365,7.6498,18.93,-14.294,-14.173,-15.161,-17.757,-13.953,-5.5811,-20.352,-4.7204,13.297,0.54583,-14.712,6.5199,12.641,-6.0547,6.8597,-11.171,2.09,-5.531,-16.158,9.8898,7.0698,-4.899,-15.297,0,10.91,7.7873,9.4225,16.898,13.976,0.15045,-8.5341,15.297,2.4822,6.0646,-8.6555,-10.025,15.603,12.788,9.1225,24.091,13.203,17.05,3.3977,-15.332,15.821,-13.443,3.8975,14.166,-9.387,6.3533,-5.0137,-4.3451,-18.216,19.403,11.032,-18.253,-15.548,-10.203,-7.8675,-3.002,-0.31469,-1.9291,2.9386,-1.6274,4.8478,-18.588,-12.977,0.63093,-6.6145,6.4709,-6.9445,-10.924,-5.2038,-5.9397,3.6209,26.851,-6.5381,-10.417,10.91,0,-4.8197,2.7006,16.398,17.974,-3.2925,1.7754,7.6452,8.7678,-2.8476,5.487,-6.449,-3.7533,-2.082,5.6535,-8.3014,7.135,-3.5277,16.684,-6.1307,11.663,-3.2648,15.437,0.5345,-8.4537,-8.698,4.9016,-3.1473,-3.7438,-2.0229,11.509,-7.0274,-9.573,-1.8857,-15.098,-7.3266,1.7642,-10.076,-20.059,9.821,1.3779,-0.63411,13.726,14.679,-12.945,-0.38744,-8.7485,-3.4427,-1.2063,-23.023,8.5884,-5.1547,7.1829,2.9707,7.7873,-4.8197,0,6.1705,5.9513,6.2279,11.556,-13.651,3.2722,2.9284,23.362,16.241,-15.051,6.8036,-6.2695,11.316,-6.6975,4.8027,-12.324,22.533,-0.76139,10.343,-2.3468,17.197,3.2445,-26.097,-5.4124,8.0149,4.5598,2.3852,3.7271,13.777,-5.9784,1.1224,-11.369,-8.1485,-10.015,2.1048,1.5231,-9.3124,-2.4904,0.023716,-3.3688,13.01,9.9691,-6.9835,13.645,-6.2354,-0.35585,-19.195,-11.574,22.974,2.745,-10.31,-7.0584,9.4225,2.7006,6.1705,0,18.122,11.031,-6.1747,-9.2509,18.673,16.198,12.697,5.738,-18.007,11.693,4.5058,17.132,6.8196,16.788,2.5295,20.669,-10.286,25.144,-16.166,20.254,12.257,-31.323,-1.0897,2.7373,-2.9416,-11.295,15.741,23.619,-21.915,-12.684,-16.928,-20.221,-14.455,0.58889,-3.8012,-10.775,1.6125,4.9201,-9.72,2.2225,13.328,-12.369,17.688,-15.732,-8.7936,-12.54,-19.504,17.472,10.588,-10.795,-10.99,16.898,16.398,5.9513,18.122,0,25.031,-2.4609,-4.8786,23.161,18.21,12.178,-1.0505,-13.568,22.14,12.967,27.556,7.3604,9.4258,5.9431,12.077,-23.321,31.29,-10.92,15.98,22.814,-24.41,1.0905,6.1063,1.5948,-15.621,23.374,33.793,-34.928,-17.597,-5.5429,-13.656,-4.617,-4.8038,-4.0726,-6.0387,-2.438,13.601,-14.278,-2.4578,12.263,-24.151,7.4205,-6.4203,-15.731,-16.51,-19.592,19.149,12.522,-8.657,-2.4377,13.976,17.974,6.2279,11.031,25.031,0,5.8152,-0.95291,13.883,20.473,7.5623,-4.6199,3.5062,4.0447,12.15,9.1949,-2.6169,-3.8628,3.2718,-1.6463,-11.966,4.9373,0.35132,4.4398,9.162,-0.21534,-1.7404,9.9482,2.7763,-6.2134,5.5126,7.6173,-8.3556,-9.6225,14.682,-3.4106,4.7886,-11.572,-7.3453,-4.984,1.3179,17.286,0.51744,-0.68548,9.7477,-16.025,-7.919,3.7188,-9.1812,-1.7148,-8.5103,4.613,-6.0061,3.353,17.523,0.15045,-3.2925,11.556,-6.1747,-2.4609,5.8152,0,4.6523,-2.9103,1.8611,4.6608,-3.2579,11.682,6.9519,13.55,4.4412,7.0548,-9.4628,4.6,-16.526,0.40363,-7.2777,-2.0775,-6.7716,9.1553,5.2004,7.9791,4.5746,4.9098,-1.675,10.545,-3.869,-1.2959,2.5135,10.604,6.659,5.0204,-12.94,4.7884,6.0482,-7.9986,14.836,7.368,-12.826,-0.24104,0.72415,2.192,6.6396,-4.7235,-0.98157,9.3239,-1.933,-3.6139,-11.417,7.9641,-8.5341,1.7754,-13.651,-9.2509,-4.8786,-0.95291,4.6523,0,0.13932,2.0223,-9.0458,15.799,-15.647,7.7486,0.19438,14.674,1.2752,10.414,-4.5668,16.599,-1.4971,10.501,-10.768,23.518,7.2344,-21.472,-7.3906,10.714,-3.5622,-1.8155,13.071,17.021,-13.182,-4.816,-13.782,-15.784,-20.352,-6.3704,-5.7615,-10.753,3.6205,6.092,-1.7215,7.5781,19.697,-6.4041,26.661,-12.604,-0.9866,-13.223,-12.612,19.584,0.9837,-21.681,-10.513,15.297,7.6452,3.2722,18.673,23.161,13.883,-2.9103,0.13932,0,13.284,11.118,4.6284,-4.506,19.997,9.4317,28.265,2.1715,0.9486,-1.522,9.2351,-10.683,15.063,-8.7823,10.38,21.651,-26.16,7.0208,6.4113,11.896,-8.9315,16.45,16.249,-14.945,-4.4463,-2.3761,-6.6684,-2.6702,-0.69239,7.3133,-8.1591,-11.953,13.194,-3.1098,-0.9094,9.2944,-18.303,11.6,-3.4671,-16.931,-22.843,-11.236,22.379,6.2675,-12.682,2.314,2.4822,8.7678,2.9284,16.198,18.21,20.473,1.8611,2.0223,13.284,0,9.6315,13.398,-5.6491,-2.1887,-2.1341,9.2457,-5.8015,8.604,-5.8784,21.6,-2.1157,11.77,-10.231,19.046,3.1816,-15.091,-4.6815,4.526,-1.5513,-4.247,1.6203,11.768,-8.2427,-6.2457,-7.0514,-19.803,-15.218,3.9137,-4.0959,-44.699,6.3669,2.1475,4.3127,13.903,19.378,-11.228,10.678,-15.999,-5.1785,-4.1423,-22.219,12.791,-5.8335,-0.91584,-0.27983,6.0646,-2.8476,23.362,12.697,12.178,7.5623,4.6608,-9.0458,11.118,9.6315,0
