0,-9.342,-7.5517,-7.5669,7.699,6.364,10.487,-10.703,3.4307,-11.966,-6.3474,-6.4606,-0.33055,5.7954,3.0747,8.9005,-6.1431,-0.37079,-4.9939,-4.1243,3.7101,-9.342,0,4.0728,7.9033,-6.6716,-4.6717,-8.5675,11.339,-8.4475,10.487,3.2306,7.3463,-2.3174,-4.559,-1.0639,-9.4344,5.648,1.2233,5.2768,2.3973,-7.1085,-7.5517,4.0728,0,1.8715,-4.817,-1.378,-6.5181,3.6548,-0.64705,5.3424,6.0832,3.9622,2.4096,-6.1021,-1.6841,-6.0015,4.122,2.6851,2.6063,-1.1494,-0.14109,-7.5669,7.9033,1.8715,0,-5.0345,-10.281,-2.5239,18.232,-8.1182,9.6771,7.9159,1.8819,2.7002,2.2086,-8.6146,-8.9691,-0.87363,-1.7901,-1.8023,7.1984,-10.706,7.699,-6.6716,-4.817,-5.0345,0,4.2374,9.9478,-6.9582,2.3483,-12.428,-4.6532,-10.734,-0.13302,1.5562,1.1949,3.6147,-7.1908,-1.1453,-3.1715,1.5191,6.7583,6.364,-4.6717,-1.378,-10.281,4.2374,0,2.0829,-8.9327,4.8341,-7.1301,-5.7976,-3.5194,0.76569,-3.2885,6.2766,3.3338,-1.3706,2.7485,0.33813,-5.0386,6.3934,10.487,-8.5675,-6.5181,-2.5239,9.9478,2.0829,0,-6.1024,0.90227,-8.7227,-1.8904,-9.1011,2.1422,8.5989,-2.7637,4.5731,-10.257,-3.3159,-9.9237,1.9455,1.73,-10.703,11.339,3.6548,18.232,-6.9582,-8.9327,-6.1024,0,-7.3393,12.228,6.9999,3.8639,1.2817,-0.71617,-5.8877,-10.255,1.604,-0.53041,1.2571,4.967,-9.0406,3.4307,-8.4475,-0.64705,-8.1182,2.3483,4.8341,0.90227,-7.3393,0,-5.8344,-4.5641,-3.19,-0.56978,-0.88659,3.1765,7.129,0.38809,-1.8593,2.0576,-5.0927,10.774,-11.966,10.487,5.3424,9.6771,-12.428,-7.1301,-8.7227,12.228,-5.8344,0,8.4687,7.8902,0.90503,-1.6961,-4.0865,-8.2889,5.9735,-0.70191,2.2669,2.7836,-8.5279,-6.3474,3.2306,6.0832,7.9159,-4.6532,-5.7976,-1.8904,6.9999,-4.5641,8.4687,0,1.5574,7.6754,1.1185,-9.3435,-8.5282,-0.69055,-0.30055,-3.8057,4.6783,-6.1611,-6.4606,7.3463,3.9622,1.8819,-10.734,-3.5194,-9.1011,3.8639,-3.19,7.8902,1.5574,0,-4.8316,-3.9272,1.678,-1.9359,10.088,2.8387,5.7646,-2.2386,-4.9331,-0.33055,-2.3174,2.4096,2.7002,-0.13302,0.76569,2.1422,1.2817,-0.56978,0.90503,7.6754,-4.8316,0,1.847,-5.3315,-4.4748,-5.5154,1.0627,-7.0177,3.24,-1.2355,5.7954,-4.559,-6.1021,2.2086,1.5562,-3.2885,8.5989,-0.71617,-0.88659,-1.6961,1.1185,-3.9272,1.847,0,-5.2499,3.781,-6.4141,-5.1076,-9.4945,1.493,-3.4426,3.0747,-1.0639,-1.6841,-8.6146,1.1949,6.2766,-2.7637,-5.8877,3.1765,-4.0865,-9.3435,1.678,-5.3315,-5.2499,0,5.1871,4.4122,4.6053,6.5461,-6.2339,5.3015,8.9005,-9.4344,-6.0015,-8.9691,3.6147,3.3338,4.5731,-10.255,7.129,-8.2889,-8.5282,-1.9359,-4.4748,3.781,5.1871,0,-0.669,-1.5119,-0.14945,-4.9053,5.3169,-6.1431,5.648,4.122,-0.87363,-7.1908,-1.3706,-10.257,1.604,0.38809,5.9735,-0.69055,10.088,-5.5154,-6.4141,4.4122,-0.669,0,0.1793,11.236,-2.9326,0.33703,-0.37079,1.2233,2.6851,-1.7901,-1.1453,2.7485,-3.3159,-0.53041,-1.8593,-0.70191,-0.30055,2.8387,1.0627,-5.1076,4.6053,-1.5119,0.1793,0,1.3995,-3.1615,-0.29021,-4.9939,5.2768,2.6063,-1.8023,-3.1715,0.33813,-9.9237,1.2571,2.0576,2.2669,-3.8057,5.7646,-7.0177,-9.4945,6.5461,-0.14945,11.236,1.3995,0,-2.5895,2.7336,-4.1243,2.3973,-1.1494,7.1984,1.5191,-5.0386,1.9455,4.967,-5.0927,2.7836,4.6783,-2.2386,3.24,1.493,-6.2339,-4.9053,-2.9326,-3.1615,-2.5895,0,-4.0865,3.7101,-7.1085,-0.14109,-10.706,6.7583,6.3934,1.73,-9.0406,10.774,-8.5279,-6.1611,-4.9331,-1.2355,-3.4426,5.3015,5.3169,0.33703,-0.29021,2.7336,-4.0865,0
