0,-1.6949,-7.7927,-4.2242,4.0358,1.0223,-0.2714,-0.24502,5.6879,1.1773,1.1481,-1.1312,-1.1334,1.7665,0.89143,0.61141,-2.9224,-1.7523,2.3932,1.4597,-2.5878,-1.6949,0,1.5139,3.6613,-3.0545,-5.8911,1.9627,7.1785,-4.6067,4.3883,5.4037,1.7698,-2.1281,-3.9265,-2.8509,-1.8117,2.4667,-3.961,2.2797,-3.4726,-5.8337,-7.7927,1.5139,0,3.5175,-3.7973,-2.5203,2.6603,-0.70209,-4.529,1.6059,-0.56096,1.4992,0.64067,-3.0765,-3.8322,0.5578,1.2012,0.44612,-2.0355,-2.0683,3.9607,-4.2242,3.6613,3.5175,0,-4.1937,-1.9075,4.5111,4.243,-7.9725,0.51823,2.614,3.1952,0.049424,-0.25218,-3.9553,-2.7302,1.7015,-3.4215,0.80897,-2.9679,-0.67064,4.0358,-3.0545,-3.7973,-4.1937,0,2.4918,-5.1488,-0.97395,4.7938,-1.6756,-1.5448,-5.9303,-0.42362,1.1781,5.4025,5.4818,-6.0439,2.718,3.0131,0.03293,-2.6794,1.0223,-5.8911,-2.5203,-1.9075,2.4918,0,-3.2528,-3.9251,3.8951,0.68987,-3.3015,-0.23966,1.0139,1.565,2.2411,-1.0819,-1.7867,3.3098,-1.0701,-1.6795,0.84631,-0.2714,1.9627,2.6603,4.5111,-5.1488,-3.2528,0,1.2038,-4.0847,-2.0166,-0.8251,1.4455,0.64003,0.48053,-5.3239,-2.0055,1.008,-5.002,-2.4566,-0.14698,2.5845,-0.24502,7.1785,-0.70209,4.243,-0.97395,-3.9251,1.2038,0,-3.2979,0.044664,0.65594,-1.3297,1.3364,-0.50634,0.53706,-0.66538,-0.1199,-4.8784,6.3929,-1.2571,-4.6023,5.6879,-4.6067,-4.529,-7.9725,4.7938,3.8951,-4.0847,-3.2979,0,0.99654,-1.7505,-2.3721,2.684,-1.1668,3.4873,4.4633,-1.5424,3.2356,0.37651,2.0616,1.355,1.1773,4.3883,1.6059,0.51823,-1.6756,0.68987,-2.0166,0.044664,0.99654,0,6.5605,4.2117,-2.3957,-5.4588,-3.6036,-3.0211,1.8943,-0.75258,0.36156,-4.4174,-4.385,1.1481,5.4037,-0.56096,2.614,-1.5448,-3.3015,-0.8251,0.65594,-1.7505,6.5605,0,4.9901,-3.2119,-4.8546,-3.9942,-2.9312,3.2418,-3.4569,1.2209,-3.1539,-4.7435,-1.1312,1.7698,1.4992,3.1952,-5.9303,-0.23966,1.4455,-1.3297,-2.3721,4.2117,4.9901,0,-4.5582,-1.1506,-7.8785,-6.6767,4.4472,-2.2343,-3.1102,-3.9616,-0.95057,-1.1334,-2.1281,0.64067,0.049424,-0.42362,1.0139,0.64003,1.3364,2.684,-2.3957,-3.2119,-4.5582,0,0.58971,2.6035,3.7311,-3.4537,-0.15095,-1.3356,1.5102,2.9337,1.7665,-3.9265,-3.0765,-0.25218,1.1781,1.565,0.48053,-0.50634,-1.1668,-5.4588,-4.8546,-1.1506,0.58971,0,0.96045,-1.1221,0.23343,2.1037,-0.85965,3.4038,0.12256,0.89143,-2.8509,-3.8322,-3.9553,5.4025,2.2411,-5.3239,0.53706,3.4873,-3.6036,-3.9942,-7.8785,2.6035,0.96045,0,5.8372,-4.193,4.8979,3.7553,3.0987,-1.0025,0.61141,-1.8117,0.5578,-2.7302,5.4818,-1.0819,-2.0055,-0.66538,4.4633,-3.0211,-2.9312,-6.6767,3.7311,-1.1221,5.8372,0,-5.6376,2.2571,1.7941,1.8698,3.0344,-2.9224,2.4667,1.2012,1.7015,-6.0439,-1.7867,1.008,-0.1199,-1.5424,1.8943,3.2418,4.4472,-3.4537,0.23343,-4.193,-5.6376,0,2.1897,-0.4984,2.0449,-0.59874,-1.7523,-3.961,0.44612,-3.4215,2.718,3.3098,-5.002,-4.8784,3.2356,-0.75258,-3.4569,-2.2343,-0.15095,2.1037,4.8979,2.2571,2.1897,0,-0.83155,2.9328,1.6754,2.3932,2.2797,-2.0355,0.80897,3.0131,-1.0701,-2.4566,6.3929,0.37651,0.36156,1.2209,-3.1102,-1.3356,-0.85965,3.7553,1.7941,-0.4984,-0.83155,0,-1.2035,-3.6031,1.4597,-3.4726,-2.0683,-2.9679,0.03293,-1.6795,-0.14698,-1.2571,2.0616,-4.4174,-3.1539,-3.9616,1.5102,3.4038,3.0987,1.8698,2.0449,2.9328,-1.2035,0,1.8962,-2.5878,-5.8337,3.9607,-0.67064,-2.6794,0.84631,2.5845,-4.6023,1.355,-4.385,-4.7435,-0.95057,2.9337,0.12256,-1.0025,3.0344,-0.59874,1.6754,-3.6031,1.8962,0
