0,-2.6014,-11.116,0.25379,-7.6367,-2.4007,10.053,0.45287,5.1286,-3.1899,0.033661,-2.8273,3.2653,9.076,2.5749,-0.062827,-4.3329,-5.7752,2.8098,2.6389,-0.30804,-2.6014,0,0.52441,-8.7223,-0.24186,-4.5008,0.32282,0.083389,-5.3632,9.2725,1.9442,7.2837,-4.7006,-1.1338,-3.141,-0.51501,2.3476,-1.4097,4.5513,-4.7207,-2.5049,-11.116,0.52441,0,-1.378,6.7074,3.8091,-9.247,-1.5197,-2.0084,1.8161,-1.1439,-0.26505,1.3243,-9.5132,-1.9904,-0.55131,1.3361,3.0455,-7.0578,-0.84277,3.6117,0.25379,-8.7223,-1.378,0,0.031654,0.55206,-0.95222,4.6477,1.7746,-4.8271,0.50251,-2.9128,0.4247,3.0149,1.6537,-0.91094,-0.86658,2.427,-0.55557,2.9272,0.24069,-7.6367,-0.24186,6.7074,0.031654,0,7.2901,-5.9855,-0.48801,0.024944,-0.62806,-1.8367,-4.0652,-2.1513,-6.7738,-2.7502,1.1605,-1.1177,2.4057,-3.3646,2.0405,0.32901,-2.4007,-4.5008,3.8091,0.55206,7.2901,0,-2.0397,-2.1897,1.7029,-5.0438,-5.1755,-8.4896,2.8969,-6.2458,-0.96395,0.1627,-3.1488,2.3406,-4.8748,3.2694,-1.432,10.053,0.32282,-9.247,-0.95222,-5.9855,-2.0397,0,-3.3789,-0.53387,0.41837,1.4132,-1.3225,0.89482,5.8734,-0.44197,-0.34876,-2.9119,-6.8884,2.4979,0.93272,-4.3613,0.45287,0.083389,-1.5197,4.6477,-0.48801,-2.1897,-3.3789,0,2.277,-0.99575,0.91517,0.80764,-0.46671,3.1664,0.80408,-2.0021,-1.4876,1.3764,4.5939,0.46308,1.2603,5.1286,-5.3632,-2.0084,1.7746,0.024944,1.7029,-0.53387,2.277,0,-5.5661,-2.2199,-4.7,2.8371,1.5941,3.6866,4.2326,-2.81,-0.74726,-1.7361,4.9076,4.7665,-3.1899,9.2725,1.8161,-4.8271,-0.62806,-5.0438,0.41837,-0.99575,-5.5661,0,6.806,8.509,-4.978,-1.5441,-4.1102,-0.15667,4.0824,-3.5686,1.8419,-5.8134,-2.5839,0.033661,1.9442,-1.1439,0.50251,-1.8367,-5.1755,1.4132,0.91517,-2.2199,6.806,0,4.6559,-3.4499,0.23828,-3.441,-0.53257,3.2994,-4.9921,0.2568,-4.5993,-1.5518,-2.8273,7.2837,-0.26505,-2.9128,-4.0652,-8.4896,-1.3225,0.80764,-4.7,8.509,4.6559,0,-5.2693,-0.084981,-0.83196,0.72948,6.8458,1.029,4.4461,-6.974,-1.9657,3.2653,-4.7006,1.3243,0.4247,-2.1513,2.8969,0.89482,-0.46671,2.8371,-4.978,-3.4499,-5.2693,0,0.32898,-0.66687,-3.8291,-2.9968,-1.0413,-4.7284,1.5061,6.1658,9.076,-1.1338,-9.5132,3.0149,-6.7738,-6.2458,5.8734,3.1664,1.5941,-1.5441,0.23828,-0.084981,0.32898,0,2.9363,-2.1346,-2.4773,-1.9032,7.1476,3.1623,-0.96631,2.5749,-3.141,-1.9904,1.6537,-2.7502,-0.96395,-0.44197,0.80408,3.6866,-4.1102,-3.441,-0.83196,-0.66687,2.9363,0,2.5316,-2.7939,4.5239,2.9547,0.9267,0.46599,-0.062827,-0.51501,-0.55131,-0.91094,1.1605,0.1627,-0.34876,-2.0021,4.2326,-0.15667,-0.53257,0.72948,-3.8291,-2.1346,2.5316,0,-0.16215,0.65756,-1.4251,0.96614,0.60727,-4.3329,2.3476,1.3361,-0.86658,-1.1177,-3.1488,-2.9119,-1.4876,-2.81,4.0824,3.2994,6.8458,-2.9968,-2.4773,-2.7939,-0.16215,0,0.1366,-0.071222,-2.8,0.27828,-5.7752,-1.4097,3.0455,2.427,2.4057,2.3406,-6.8884,1.3764,-0.74726,-3.5686,-4.9921,1.029,-1.0413,-1.9032,4.5239,0.65756,0.1366,0,1.2436,-0.42035,0.14262,2.8098,4.5513,-7.0578,-0.55557,-3.3646,-4.8748,2.4979,4.5939,-1.7361,1.8419,0.2568,4.4461,-4.7284,7.1476,2.9547,-1.4251,-0.071222,1.2436,0,-0.9217,-4.8992,2.6389,-4.7207,-0.84277,2.9272,2.0405,3.2694,0.93272,0.46308,4.9076,-5.8134,-4.5993,-6.974,1.5061,3.1623,0.9267,0.96614,-2.8,-0.42035,-0.9217,0,0.69897,-0.30804,-2.5049,3.6117,0.24069,0.32901,-1.432,-4.3613,1.2603,4.7665,-2.5839,-1.5518,-1.9657,6.1658,-0.96631,0.46599,0.60727,0.27828,0.14262,-4.8992,0.69897,0
