0,4.1502,18.221,2.7002,-5.463,-5.0876,-17.887,-11.777,-23.984,-10.418,6.9072,17.715,-2.264,5.7602,-6.9649,12.805,-7.7992,27.128,0.16941,17.391,-7.1488,4.054,19.321,32.359,9.764,4.7638,8.1459,1.2447,12.914,-17.17,-5.0651,15.896,-2.2086,-5.6402,7.6803,-4.9606,-0.17487,-11.995,-21.601,23.858,-7.984,11.85,8.6418,-0.23762,4.4796,-12.536,-26.389,-13.602,-2.8738,-5.9855,-13.54,5.8726,0.31986,-6.228,-10.387,4.1502,0,6.9498,-24.595,-41.252,-4.051,-8.607,-0.44082,-4.7004,-14.455,-20.693,9.4467,-21.541,10.84,-9.7753,1.8624,-10.288,7.5072,-10.929,-0.93744,-25.35,36.874,-2.5985,9.1516,-9.239,24.113,18.416,9.9977,-4.0339,11.555,19.011,21.56,-5.343,-13.669,10.843,-14.59,7.449,-9.2739,-6.8425,-3.6402,-2.1959,15.378,4.0344,38.713,1.5707,-11.852,-4.4175,-13.375,-60.546,-3.1628,5.617,14.824,-4.9039,-23.148,7.0552,18.221,6.9498,0,-2.665,-11.503,4.7937,-19.128,3.6068,-35.41,-25.951,0.39105,3.6059,-4.2533,15.56,-18.905,18.804,3.7693,19.736,-12.142,12.82,-1.7832,8.7822,13.982,26.445,-1.8566,13.709,22.337,11.926,3.4356,-5.2194,0.72564,22.879,10.821,-4.3755,26.891,-12.822,4.4334,-0.095521,-5.8165,15.9,-11.882,14.25,-5.144,1.7606,10.176,-25.612,-22.387,-11.398,-5.3796,-25.189,-13.56,9.2106,-16.063,-17.268,-15.43,2.7002,-24.595,-2.665,0,21.624,-4.7498,8.534,-4.6366,1.5794,13.549,44.094,-0.90834,9.3468,-3.0319,13.757,-4.3185,5.8649,-4.6329,18.629,11.768,15.189,-17.465,13.078,-3.6673,8.0529,-13.35,-16.256,-4.0624,2.1802,-18.911,-48.458,-12.474,3.3754,2.497,-10.712,21.675,-18.18,0.34061,2.3533,5.5143,7.4186,-16.769,-1.1111,-30.348,-8.3036,3.6813,2.249,1.5428,27.267,1.9091,-15.488,-3.9931,7.1149,14.155,-4.5329,-5.463,-41.252,-11.503,21.624,0,1.7953,10.147,-2.5935,7.9779,19.532,18.066,-7.1825,21.319,-15.537,13.005,-4.226,5.9278,-8.7872,14.01,-1.4396,18.43,-41.555,0.017012,-11.466,11.415,-32.978,-25.172,-14.418,5.0484,-10.627,-16.704,-27.047,0.74214,13.735,-16.156,16.398,-7.2289,6.5255,5.0002,1.7504,3.5295,-16.06,-0.24182,-27.186,-3.0335,17.251,6.3322,14.907,35.893,8.1823,-2.1442,-17.315,9.4844,33.608,-3.6452,-5.0876,-4.051,4.7937,-4.7498,1.7953,0,-7.126,16.887,-5.3759,-8.8699,-4.9028,-19.523,12.845,-3.7195,-15.888,14.796,14.986,2.3127,-18.427,-10.567,11.055,-5.5866,-8.2269,-0.12875,-0.67492,-2.4979,6.9881,-1.6964,3.5341,4.4522,7.0757,-0.57182,14.779,19.8,11.38,-12.591,17.31,28.053,7.7944,4.3627,-17.883,6.3314,-13.139,-3.5253,23.196,2.1247,-4.567,15.569,3.6496,-10.612,4.5153,-11.78,-16.022,-0.17125,-15.603,-17.887,-8.607,-19.128,8.534,10.147,-7.126,0,2.8176,27.217,23.465,4.3488,-6.8798,-1.2921,-1.9326,24.67,-30.811,4.7081,-38.641,13.945,-2.1203,7.5806,-5.5872,-3.6593,-28.011,-7.1806,-6.0386,-18.28,0.74335,-15.605,5.0577,-7.4587,-20.029,-0.59647,-2.7498,-17.526,22.88,-16.334,1.9191,15.617,-19.946,26.801,-34.115,-4.441,-5.5949,-21.249,8.7752,35.811,3.5755,8.0524,9.0508,1.4678,0.36494,7.1767,9.2589,15.315,-11.777,-0.44082,3.6068,-4.6366,-2.5935,16.887,2.8176,0,0.60117,-6.3652,-6.8013,-25.695,0.30806,7.3574,-8.089,2.1928,25.134,-7.1202,-14.623,-5.5134,11.294,1.864,-5.5908,-5.7576,-17.451,6.0402,7.432,11.591,-12.883,13.393,5.8217,-0.65936,24.021,4.2267,11.06,-5.5685,4.7037,23.965,23.5,-6.5043,-2.3121,-1.695,-35.712,-0.41266,5.4531,-4.2423,4.9577,5.6886,0.4814,-15.138,0.89752,0.88801,-24.211,-6.8006,-3.9054,-23.984,-4.7004,-35.41,1.5794,7.9779,-5.3759,27.217,0.60117,0,22.403,-2.1191,-5.7125,-0.1407,-8.2368,19.203,-26.325,-0.73072,-29.831,10.273,-10.915,2.2725,-4.7426,-12.944,-34.602,-4.4569,-7.806,-17.493,-4.8787,-10.349,9.5039,-0.029617,-19.871,-6.8102,0.51864,-20.375,13.534,-6.8494,1.1592,10.85,-25.215,17.175,-17.585,0.62014,-0.090509,-13.99,16.283,36.984,7.9318,3.4342,16.948,11.463,-3.9502,10.622,10.97,20.206,-10.418,-14.455,-25.951,13.549,19.532,-8.8699,23.465,-6.3652,22.403,0,9.8783,-1.5872,5.6558,-11.744,35.019,-20.119,-1.4724,-18.368,25.122,-2.5395,6.3986,-13.826,-3.0167,-20.222,4.5265,-17.327,-45.816,-10.178,-2.7148,-3.0631,-11.595,-28.291,-7.6647,2.2906,-40.84,28.214,-14.002,-1.809,5.1493,-9.2861,16.848,-25.022,4.4193,-9.9542,-16.04,18.124,18.281,7.1532,13.304,19.442,2.4307,-7.0457,19.146,22.653,10.752,6.9072,-20.693,0.39105,44.094,18.066,-4.9028,4.3488,-6.8013,-2.1191,9.8783,0,1.7895,9.2696,-2.4449,10.432,-1.1152,3.9908,-0.42618,16.706,14.588,12.385,-15.709,16.661,0.39995,10.724,-11.972,-12.68,-4.3523,5.2768,-25.813,-46.098,-8.4663,2.7299,2.1301,-8.1867,16.793,-15.61,-1.4574,-1.2273,9.7039,4.5066,-11.605,0.76404,-27.488,-5.9672,1.7047,-1.793,-0.22552,23.103,0.72215,-18.259,-3.4735,6.8393,12.083,-7.0865,17.715,9.4467,3.6059,-0.90834,-7.1825,-19.523,-6.8798,-25.695,-5.7125,-1.5872,1.7895,0,-9.4787,2.305,2.3984,-0.29227,-26.26,11.756,7.3171,10.149,-20.364,8.1193,9.2677,12.844,7.7107,4.4745,1.629,-1.5091,7.4125,-8.5969,-1.5585,10.46,-17.467,-13.207,-2.3718,0.23315,-3.8588,-40.154,-26.635,6.2715,1.8486,6.8903,23.106,7.3634,-5.2287,-5.4057,-8.5141,-16.692,-8.8362,6.3827,-3.6212,8.5948,11.635,-3.728,4.6105,-2.264,-21.541,-4.2533,9.3468,21.319,12.845,-1.2921,0.30806,-0.1407,5.6558,9.2696,-9.4787,0,-19.371,-0.15014,7.4477,6.5998,0.15811,1.6139,-6.4583,15.718,-30.793,-3.6679,-3.8812,15.737,-25.334,-9.2655,-18.46,13.723,-9.185,-6.2528,-12.872,3.2526,33.976,-4.7514,1.9191,5.1253,12.35,1.3779,8.7032,-9.4827,-2.5298,-0.85472,-18.028,10.239,15.032,-2.4937,23.574,20.014,2.7966,1.6238,-33.317,2.4902,19.692,-13.646,5.7602,10.84,15.56,-3.0319,-15.537,-3.7195,-1.9326,7.3574,-8.2368,-11.744,-2.4449,2.305,-19.371,0,-5.4203,0.27544,4.8468,2.7538,-5.9095,14.141,-3.2516,18.141,11.902,8.2374,-17.447,27.212,14.539,42.506,-13.175,3.7458,0.45079,14.945,9.9957,-19.041,14.052,-3.2187,-5.6249,-2.8293,3.1254,-0.95877,3.9953,2.2719,-9.5999,6.1197,-4.2431,-34.064,-2.8695,-21.262,-9.0516,-17.755,-12.525,30.413,-13.726,-25.003,0.66129,-6.9649,-9.7753,-18.905,13.757,13.005,-15.888,24.67,-8.089,19.203,35.019,10.432,2.3984,-0.15014,-5.4203,0,-26.377,-3.3107,-16.767,32.575,2.3985,3.1247,-7.8246,1.2438,-15.315,1.7773,-10.167,-28.131,-4.8646,-5.6766,-3.4464,-13.333,-17.826,-8.3788,-4.1929,-31.432,36.315,-21.834,-6.5094,3.7019,-9.9849,25.689,-25.779,5.1069,-7.3183,-26.248,10.281,17.56,0.45419,9.3843,16.597,-1.1221,-0.51101,19.12,14.17,14.342,12.805,1.8624,18.804,-4.3185,-4.226,14.796,-30.811,2.1928,-26.325,-20.119,-1.1152,-0.29227,7.4477,0.27544,-26.377,0,2.5602,23.729,-15.52,1.013,0.61297,-0.20586,3.2588,18.954,7.3318,2.024,14.731,-1.5276,15.246,-6.141,4.3333,12.174,6.9303,8.9443,18.399,-19.394,16.631,5.4068,-8.1476,22.714,-37.406,20.666,-1.374,-0.71284,30.77,-6.4184,-28.626,1.8294,-1.3897,-12.908,-3.0779,-4.8415,-11.134,-5.4867,-27.332,-7.7992,-10.288,3.7693,5.8649,5.9278,14.986,4.7081,25.134,-0.73072,-1.4724,3.9908,-26.26,6.5998,4.8468,-3.3107,2.5602,0,-7.2056,-6.0742,0.28227,25.614,-6.3473,1.0447,-5.7408,-8.6817,-0.74217,1.1073,7.6331,-8.2297,2.529,-4.4738,-5.5754,34.782,7.2403,6.3862,1.2636,-1.2272,25.976,22.528,-0.96204,-1.1209,-7.2445,-36.365,-11.506,3.5828,-2.4926,3.6123,7.1792,10.854,-14.857,-6.4599,-2.3952,-16.646,-0.12266,-9.1862,27.128,7.5072,19.736,-4.6329,-8.7872,2.3127,-38.641,-7.1202,-29.831,-18.368,-0.42618,11.756,0.15811,2.7538,-16.767,23.729,-7.2056,0,-8.0968,6.7144,-8.6335,5.1943,8.3006,38.473,9.5263,5.4555,14.457,-0.83829,17.086,-9.5764,3.0963,20.156,-1.4382,-0.14111,13.513,-15.251,9.9723,-6.2244,-21.19,24.398,-18.936,25.044,7.4099,3.8957,14.33,-10.029,-45.935,-7.0748,-6.6706,-7.4141,-5.0817,1.5588,-3.7097,-8.1355,-13.991,0.16941,-10.929,-12.142,18.629,14.01,-18.427,13.945,-14.623,10.273,25.122,16.706,7.3171,1.6139,-5.9095,32.575,-15.52,-6.0742,-8.0968,0,7.057,2.062,-9.3521,6.4697,-7.4239,7.6717,-11.669,-25.149,-7.1176,0.30853,-11.01,-19.113,-13.084,-10.014,-4.0127,-26.556,31.296,-22.166,-10.394,-2.2868,-2.4003,17.193,-17.725,9.3493,-9.9023,-20.058,8.1245,8.4044,-1.7687,10.974,15.357,-5.2179,-0.96767,23.51,15.026,8.4165,17.391,-0.93744,12.82,11.768,-1.4396,-10.567,-2.1203,-5.5134,-10.915,-2.5395,14.588,10.149,-6.4583,14.141,2.3985,1.013,0.28227,6.7144,7.057,0,0.30811,3.0877,50.893,11.657,0.55094,5.9592,2.1283,9.8255,-0.5812,-14.678,-15.81,7.3203,3.8533,-13.028,3.126,6.2422,-14.971,-9.47,-5.3829,9.6529,4.723,-2.1098,0.00079798,-5.8914,-7.1931,-16.231,-7.6823,-19.374,2.6668,-8.1542,-34.914,13.652,-0.67277,-5.5587,-4.2535,-7.1488,-25.35,-1.7832,15.189,18.43,11.055,7.5806,11.294,2.2725,6.3986,12.385,-20.364,15.718,-3.2516,3.1247,0.61297,25.614,-8.6335,2.062,0.30811,0,-18.691,1.7439,-8.8051,0.33388,-11.243,-8.0731,-1.34,-2.0588,-4.4629,-12.111,-14.463,17.189,12.782,-2.0487,8.0657,-4.5012,20.18,15.959,1.5396,0.30083,-12.844,-16.039,-25.413,1.5103,5.0361,4.6325,12.566,26.015,-5.604,-6.7025,-9.6963,-5.329,10.284,-9.7688,4.054,36.874,8.7822,-17.465,-41.555,-5.5866,-5.5872,1.864,-4.7426,-13.826,-15.709,8.1193,-30.793,18.141,-7.8246,-0.20586,-6.3473,5.1943,-9.3521,3.0877,-18.691,0,1.0607,8.4797,-14.187,36.307,18.494,17.123,-8.676,11.196,13.253,21.442,-1.683,-19.632,11.794,-10.539,2.7243,-8.7314,-3.4863,-4.7908,1.233,10.509,0.29612,26.265,-1.7163,-17.404,-2.78,-18.578,-32.592,-6.3571,1.0639,23.263,-7.1877,-30.684,7.5337,19.321,-2.5985,13.982,13.078,0.017012,-8.2269,-3.6593,-5.5908,-12.944,-3.0167,16.661,9.2677,-3.6679,11.902,1.2438,3.2588,1.0447,8.3006,6.4697,50.893,1.7439,1.0607,0,12.9,2.6672,4.1451,2.0341,7.8136,1.7613,-17.847,-17.042,6.9129,4.661,-9.6853,3.6271,5.4784,-12.951,-7.8875,-6.0713,12.775,2.4041,-1.3025,-0.036771,-7.8684,-4.7971,-14.874,-9.7663,-15.989,4.3657,-8.7959,-39.182,10.512,-0.99317,-4.2218,-7.1033,32.359,9.1516,26.445,-3.6673,-11.466,-0.12875,-28.011,-5.7576,-34.602,-20.222,0.39995,12.844,-3.8812,8.2374,-15.315,18.954,-5.7408,38.473,-7.4239,11.657,-8.8051,8.4797,12.9,0,5.3026,9.7381,16.937,4.1716,10.94,-9.161,1.4632,25.766,0.61588,-4.7492,15.809,-12.948,5.7831,-7.7114,-17.828,21.13,-13.359,20.481,4.9825,4.3394,9.8617,-16.512,-35.255,-12.592,-7.8029,-10.726,-9.2748,6.7833,-5.614,-12.345,-12.094,9.764,-9.239,-1.8566,8.0529,11.415,-0.67492,-7.1806,-17.451,-4.4569,4.5265,10.724,7.7107,15.737,-17.447,1.7773,7.3318,-8.6817,9.5263,7.6717,0.55094,0.33388,-14.187,2.6672,5.3026,0,-17.384,-8.0332,-24.397,32.511,-19.933,-7.1796,-3.8528,-9.5537,10.695,-7.3068,1.8644,2.5655,-4.6838,-15.75,15.87,-8.1662,3.2183,15.716,-8.9083,5.824,9.9993,-9.7665,6.2238,8.9046,9.1621,-0.42642,-14.995,13.227,14.878,-8.5586,4.7638,24.113,13.709,-13.35,-32.978,-2.4979,-6.0386,6.0402,-7.806,-17.327,-11.972,4.4745,-25.334,27.212,-10.167,2.024,-0.74217,5.4555,-11.669,5.9592,-11.243,36.307,4.1451,9.7381,-17.384,0,22.778,25.736,-10.375,9.627,9.9512,22.761,4.2956,-17.933,17.104,-10.672,1.7792,-4.5932,-0.43486,-2.7369,0.19106,9.3944,-4.9072,17.202,-0.37777,-25.595,-4.1139,-18.92,-21.505,-13.003,-3.2208,26.044,-13.042,-48.025,3.2465,8.1459,18.416,22.337,-16.256,-25.172,6.9881,-18.28,7.432,-17.493,-45.816,-12.68,1.629,-9.2655,14.539,-28.131,14.731,1.1073,14.457,-25.149,2.1283,-8.0731,18.494,2.0341,16.937,-8.0332,22.778,0,13.33,-0.62372,6.1304,13.649,29.894,7.1377,-5.0232,37.107,-26.086,12.371,0.97129,-3.5765,5.4777,-12.55,21.923,-5.0855,13.242,12.266,-19.977,-13.767,-8.9554,-17.005,-18.594,-1.4374,10.078,-19.644,-29.553,-6.8165,1.2447,9.9977,11.926,-4.0624,-14.418,-1.6964,0.74335,11.591,-4.8787,-10.178,-4.3523,-1.5091,-18.46,42.506,-4.8646,-1.5276,7.6331,-0.83829,-7.1176,9.8255,-1.34,17.123,7.8136,4.1716,-24.397,25.736,13.33,0,-18.232,7.5146,1.9515,11.393,12.117,-16.317,13.268,-2.894,-5.0424,0.35666,7.4429,-4.493,5.1438,0.36706,-13.495,6.2925,-4.5452,-24.943,0.5672,-15.709,-8.5477,-17.525,-9.3951,25.68,-15.959,-23.184,2.1114,12.914,-4.0339,3.4356,2.1802,5.0484,3.5341,-15.605,-12.883,-10.349,-2.7148,5.2768,7.4125,13.723,-13.175,-5.6766,15.246,-8.2297,17.086,0.30853,-0.5812,-2.0588,-8.676,1.7613,10.94,32.511,-10.375,-0.62372,-18.232,0,-15.407,-1.6411,2.0829,-6.9359,11.388,-0.185,-5.5803,9.1163,-3.0868,-18.909,21.482,-16.616,10.843,13.376,-4.4602,13.191,5.5065,-17.256,5.2235,3.8427,3.92,0.63325,-13.239,6.4275,7.6013,-13.114,-17.17,11.555,-5.2194,-18.911,-10.627,4.4522,5.0577,13.393,9.5039,-3.0631,-25.813,-8.5969,-9.185,3.7458,-3.4464,-6.141,2.529,-9.5764,-11.01,-14.678,-4.4629,11.196,-17.847,-9.161,-19.933,9.627,6.1304,7.5146,-15.407,0,20.335,1.0657,1.5395,-2.6034,3.8009,-6.8721,6.95,5.9094,11.428,-21.03,2.8911,1.1776,-7.4248,15.787,-0.31906,0.23672,11.376,2.331,-12.805,-0.6086,15.467,4.1046,-7.5167,-8.4761,11.502,-5.0651,19.011,0.72564,-48.458,-16.704,7.0757,-7.4587,5.8217,-0.029617,-11.595,-46.098,-1.5585,-6.2528,0.45079,-13.333,4.3333,-4.4738,3.0963,-19.113,-15.81,-12.111,13.253,-17.042,1.4632,-7.1796,9.9512,13.649,1.9515,-1.6411,20.335,0,9.1753,-2.9292,0.50963,9.3119,-21.055,20.96,2.1167,-0.79626,-6.2028,-8.248,15.133,0.35783,24.401,9.6621,-0.89065,-1.0072,1.8113,-21.216,-0.92753,19.113,0.95387,-6.9036,-10.808,3.985,15.896,21.56,22.879,-12.474,-27.047,-0.57182,-20.029,-0.65936,-19.871,-28.291,-8.4663,10.46,-12.872,14.945,-17.826,12.174,-5.5754,20.156,-13.084,7.3203,-14.463,21.442,6.9129,25.766,-3.8528,22.761,29.894,11.393,2.0829,1.0657,9.1753,0,1.0298,-10.405,21.518,-18.02,7.3592,-7.3509,-10.983,8.1062,-9.1684,22.545,1.7744,14.21,7.2914,-22.991,-17.408,-16.738,-19.23,-12.351,-4.2243,14.05,-9.9145,-26.983,-4.4404,-2.2086,-5.343,10.821,3.3754,0.74214,14.779,-0.59647,24.021,-6.8102,-7.6647,2.7299,-17.467,3.2526,9.9957,-8.3788,6.9303,34.782,-1.4382,-10.014,3.8533,17.189,-1.683,4.661,0.61588,-9.5537,4.2956,7.1377,12.117,-6.9359,1.5395,-2.9292,1.0298,0,3.9952,13.224,-2.9579,0.40985,19.487,15.073,2.7047,-4.167,-1.9655,-34.294,-8.0414,6.0887,-8.875,-1.7235,2.1612,6.2672,-25.272,-9.8011,1.575,-24.901,-5.7245,-12.575,-5.6402,-13.669,-4.3755,2.497,13.735,19.8,-2.7498,4.2267,0.51864,2.2906,2.1301,-13.207,33.976,-19.041,-4.1929,8.9443,7.2403,-0.14111,-4.0127,-13.028,12.782,-19.632,-9.6853,-4.7492,10.695,-17.933,-5.0232,-16.317,11.388,-2.6034,0.50963,-10.405,3.9952,0,-1.5303,-3.1182,11.443,16.965,3.2141,5.5317,-12.941,0.7736,-2.7167,-10.439,15.09,15.231,-1.7932,32.617,12.284,1.6812,6.983,-36.348,-0.94897,14.007,-12.28,7.6803,10.843,26.891,-10.712,-16.156,11.38,-17.526,11.06,-20.375,-40.84,-8.1867,-2.3718,-4.7514,14.052,-31.432,18.399,6.3862,13.513,-26.556,3.126,-2.0487,11.794,3.6271,15.809,-7.3068,17.104,37.107,13.268,-0.185,3.8009,9.3119,21.518,13.224,-1.5303,0,-22.482,11.584,5.5293,-0.65683,7.9085,-14.692,17.44,-9.5924,6.8053,14.962,-19.439,-14.663,-5.9171,-9.7381,-27.552,-4.3514,7.1945,-27.589,-22.212,-12.109,-4.9606,-14.59,-12.822,21.675,16.398,-12.591,22.88,-5.5685,13.534,28.214,16.793,0.23315,1.9191,-3.2187,36.315,-19.394,1.2636,-15.251,31.296,6.2422,8.0657,-10.539,5.4784,-12.948,1.8644,-10.672,-26.086,-2.894,-5.5803,-6.8721,-21.055,-18.02,-2.9579,-3.1182,-22.482,0,-28.299,-3.6359,5.537,-6.1955,22.448,-32.343,1.2605,-13.192,-22.842,7.3624,14.113,0.25331,14.752,10.009,-6.4237,-0.41121,13.563,14.11,8.2705,-0.17487,7.449,4.4334,-18.18,-7.2289,17.31,-16.334,4.7037,-6.8494,-14.002,-15.61,-3.8588,5.1253,-5.6249,-21.834,16.631,-1.2272,9.9723,-22.166,-14.971,-4.5012,2.7243,-12.951,5.7831,2.5655,1.7792,12.371,-5.0424,9.1163,6.95,20.96,7.3592,0.40985,11.443,11.584,-28.299,0,7.2994,-3.9872,4.5549,-24.974,21.17,0.45805,8.874,28.021,1.9009,-9.3395,8.5646,-8.3825,-3.3614,13.528,-8.4365,-7.9371,-4.3288,-7.9084,-11.995,-9.2739,-0.095521,0.34061,6.5255,28.053,1.9191,23.965,1.1592,-1.809,-1.4574,-40.154,12.35,-2.8293,-6.5094,5.4068,25.976,-6.2244,-10.394,-9.47,20.18,-8.7314,-7.8875,-7.7114,-4.6838,-4.5932,0.97129,0.35666,-3.0868,5.9094,2.1167,-7.3509,19.487,16.965,5.5293,-3.6359,7.2994,0,18.49,-1.476,-6.8621,-2.7748,-21.423,-7.953,10.37,4.1687,3.2807,17.52,8.8075,-8.9247,2.6847,-10.529,-14.077,2.9818,-9.6825,-21.601,-6.8425,-5.8165,2.3533,5.0002,7.7944,15.617,23.5,10.85,5.1493,-1.2273,-26.635,1.3779,3.1254,3.7019,-8.1476,22.528,-21.19,-2.2868,-5.3829,15.959,-3.4863,-6.0713,-17.828,-15.75,-0.43486,-3.5765,7.4429,-18.909,11.428,-0.79626,-10.983,15.073,3.2141,-0.65683,5.537,-3.9872,18.49,0,-14.088,7.5455,-13.987,-24.668,-5.1936,-4.048,2.3552,16.886,7.7979,6.5787,-4.9737,1.043,-0.66191,-9.0877,1.2897,2.923,23.858,-3.6402,15.9,5.5143,1.7504,4.3627,-19.946,-6.5043,-25.215,-9.2861,9.7039,6.2715,8.7032,-0.95877,-9.9849,22.714,-0.96204,24.398,-2.4003,9.6529,1.5396,-4.7908,12.775,21.13,15.87,-2.7369,5.4777,-4.493,21.482,-21.03,-6.2028,8.1062,2.7047,5.5317,7.9085,-6.1955,4.5549,-1.476,-14.088,0,-16.59,10.925,4.1435,-7.4283,12.861,-5.4393,-30.587,-1.8448,4.5737,-7.3902,-11.063,-4.0686,-2.1058,0.10688,-24.754,-7.984,-2.1959,-11.882,7.4186,3.5295,-17.883,26.801,-2.3121,17.175,16.848,4.5066,1.8486,-9.4827,3.9953,25.689,-37.406,-1.1209,-18.936,17.193,4.723,0.30083,1.233,2.4041,-13.359,-8.1662,0.19106,-12.55,5.1438,-16.616,2.8911,-8.248,-9.1684,-4.167,-12.941,-14.692,22.448,-24.974,-6.8621,7.5455,-16.59,0,-21.988,-0.068179,-1.1296,-47.367,1.7129,20.791,-6.0741,2.2636,8.2463,-2.6586,8.8496,9.0214,3.1611,20.816,11.85,15.378,14.25,-16.769,-16.06,6.3314,-34.115,-1.695,-17.585,-25.022,-11.605,6.8903,-2.5298,2.2719,-25.779,20.666,-7.2445,25.044,-17.725,-2.1098,-12.844,10.509,-1.3025,20.481,3.2183,9.3944,21.923,0.36706,10.843,1.1776,15.133,22.545,-1.9655,0.7736,17.44,-32.343,21.17,-2.7748,-13.987,10.925,-21.988,0,5.1596,12.879,19.002,-7.9586,-21.189,-3.8189,-15.21,-6.6796,3.9013,1.2858,-7.1723,-12.459,-8.299,8.6418,4.0344,-5.144,-1.1111,-0.24182,-13.139,-4.441,-35.712,0.62014,4.4193,0.76404,23.106,-0.85472,-9.5999,5.1069,-1.374,-36.365,7.4099,9.3493,0.00079798,-16.039,0.29612,-0.036771,4.9825,15.716,-4.9072,-5.0855,-13.495,13.376,-7.4248,0.35783,1.7744,-34.294,-2.7167,-9.5924,1.2605,0.45805,-21.423,-24.668,4.1435,-0.068179,5.1596,0,5.1392,-2.5513,6.1347,-4.5025,-3.4423,-4.5338,17.8,5.0319,-2.3219,22.216,5.4494,5.5918,-0.23762,38.713,1.7606,-30.348,-27.186,-3.5253,-5.5949,-0.41266,-0.090509,-9.9542,-27.488,7.3634,-18.028,6.1197,-7.3183,-0.71284,-11.506,3.8957,-9.9023,-5.8914,-25.413,26.265,-7.8684,4.3394,-8.9083,17.202,13.242,6.2925,-4.4602,15.787,24.401,14.21,-8.0414,-10.439,6.8053,-13.192,8.874,-7.953,-5.1936,-7.4283,-1.1296,12.879,5.1392,0,1.0235,-6.0403,-0.68681,-8.3404,-46.374,0.90187,11.368,10.312,-2.4178,-16.092,10.532,4.4796,1.5707,10.176,-8.3036,-3.0335,23.196,-21.249,5.4531,-13.99,-16.04,-5.9672,-5.2287,10.239,-4.2431,-26.248,30.77,3.5828,14.33,-20.058,-7.1931,1.5103,-1.7163,-4.7971,9.8617,5.824,-0.37777,12.266,-4.5452,13.191,-0.31906,9.6621,7.2914,6.0887,15.09,14.962,-22.842,28.021,10.37,-4.048,12.861,-47.367,19.002,-2.5513,1.0235,0,-0.67598,-16.04,8.4923,-1.7889,-8.8681,4.2406,-9.9491,-11.073,-2.9351,-19.676,-12.536,-11.852,-25.612,3.6813,17.251,2.1247,8.7752,-4.2423,16.283,18.124,1.7047,-5.4057,15.032,-34.064,10.281,-6.4184,-2.4926,-10.029,8.1245,-16.231,5.0361,-17.404,-14.874,-16.512,9.9993,-25.595,-19.977,-24.943,5.5065,0.23672,-0.89065,-22.991,-8.875,15.231,-19.439,7.3624,1.9009,4.1687,2.3552,-5.4393,1.7129,-7.9586,6.1347,-6.0403,-0.67598,0,10.198,22.37,9.803,20.741,14.13,-23.219,14.096,27.252,4.2425,-26.389,-4.4175,-22.387,2.249,6.3322,-4.567,35.811,4.9577,36.984,18.281,-1.793,-8.5141,-2.4937,-2.8695,17.56,-28.626,3.6123,-45.935,8.4044,-7.6823,4.6325,-2.78,-9.7663,-35.255,-9.7665,-4.1139,-13.767,0.5672,-17.256,11.376,-1.0072,-17.408,-1.7235,-1.7932,-14.663,14.113,-9.3395,3.2807,16.886,-30.587,20.791,-21.189,-4.5025,-0.68681,-16.04,10.198,0,5.4813,3.5177,9.9159,7.3222,-0.30742,5.5425,7.0113,19.028,-13.602,-13.375,-11.398,1.5428,14.907,15.569,3.5755,5.6886,7.9318,7.1532,-0.22552,-16.692,23.574,-21.262,0.45419,1.8294,7.1792,-7.0748,-1.7687,-19.374,12.566,-18.578,-15.989,-12.592,6.2238,-18.92,-8.9554,-15.709,5.2235,2.331,1.8113,-16.738,2.1612,32.617,-5.9171,0.25331,8.5646,17.52,7.7979,-1.8448,-6.0741,-3.8189,-3.4423,-8.3404,8.4923,22.37,5.4813,0,11.47,5.6938,11.771,-32.135,1.1968,16.589,-4.5818,-2.8738,-60.546,-5.3796,27.267,35.893,3.6496,8.0524,0.4814,3.4342,13.304,23.103,-8.8362,20.014,-9.0516,9.3843,-1.3897,10.854,-6.6706,10.974,2.6668,26.015,-32.592,4.3657,-7.8029,8.9046,-21.505,-17.005,-8.5477,3.8427,-12.805,-21.216,-19.23,6.2672,12.284,-9.7381,14.752,-8.3825,8.8075,6.5787,4.5737,2.2636,-15.21,-4.5338,-46.374,-1.7889,9.803,3.5177,11.47,0,1.8886,-7.5393,-12.992,4.1785,20.638,-7.8681,-5.9855,-3.1628,-25.189,1.9091,8.1823,-10.612,9.0508,-15.138,16.948,19.442,0.72215,6.3827,2.7966,-17.755,16.597,-12.908,-14.857,-7.4141,15.357,-8.1542,-5.604,-6.3571,-8.7959,-10.726,9.1621,-13.003,-18.594,-17.525,3.92,-0.6086,-0.92753,-12.351,-25.272,1.6812,-27.552,10.009,-3.3614,-8.9247,-4.9737,-7.3902,8.2463,-6.6796,17.8,0.90187,-8.8681,20.741,9.9159,5.6938,1.8886,0,11.909,-7.8735,32.141,15.857,13.974,-13.54,5.617,-13.56,-15.488,-2.1442,4.5153,1.4678,0.89752,11.463,2.4307,-18.259,-3.6212,1.6238,-12.525,-1.1221,-3.0779,-6.4599,-5.0817,-5.2179,-34.914,-6.7025,1.0639,-39.182,-9.2748,-0.42642,-3.2208,-1.4374,-9.3951,0.63325,15.467,19.113,-4.2243,-9.8011,6.983,-4.3514,-6.4237,13.528,2.6847,1.043,-11.063,-2.6586,3.9013,5.0319,11.368,4.2406,14.13,7.3222,11.771,-7.5393,11.909,0,-8.9146,4.0457,3.4208,8.867,5.8726,14.824,9.2106,-3.9931,-17.315,-11.78,0.36494,0.88801,-3.9502,-7.0457,-3.4735,8.5948,-33.317,30.413,-0.51101,-4.8415,-2.3952,1.5588,-0.96767,13.652,-9.6963,23.263,10.512,6.7833,-14.995,26.044,10.078,25.68,-13.239,4.1046,0.95387,14.05,1.575,-36.348,7.1945,-0.41121,-8.4365,-10.529,-0.66191,-4.0686,8.8496,1.2858,-2.3219,10.312,-9.9491,-23.219,-0.30742,-32.135,-12.992,-7.8735,-8.9146,0,-5.2581,-21.074,7.5237,0.31986,-4.9039,-16.063,7.1149,9.4844,-16.022,7.1767,-24.211,10.622,19.146,6.8393,11.635,2.4902,-13.726,19.12,-11.134,-16.646,-3.7097,23.51,-0.67277,-5.329,-7.1877,-0.99317,-5.614,13.227,-13.042,-19.644,-15.959,6.4275,-7.5167,-6.9036,-9.9145,-24.901,-0.94897,-27.589,13.563,-7.9371,-14.077,-9.0877,-2.1058,9.0214,-7.1723,22.216,-2.4178,-11.073,14.096,5.5425,1.1968,4.1785,32.141,4.0457,-5.2581,0,15.813,10.286,-6.228,-23.148,-17.268,14.155,33.608,-0.17125,9.2589,-6.8006,10.97,22.653,12.083,-3.728,19.692,-25.003,14.17,-5.4867,-0.12266,-8.1355,15.026,-5.5587,10.284,-30.684,-4.2218,-12.345,14.878,-48.025,-29.553,-23.184,7.6013,-8.4761,-10.808,-26.983,-5.7245,14.007,-22.212,14.11,-4.3288,2.9818,1.2897,0.10688,3.1611,-12.459,5.4494,-16.092,-2.9351,27.252,7.0113,16.589,20.638,15.857,3.4208,-21.074,15.813,0,-0.079781,-10.387,7.0552,-15.43,-4.5329,-3.6452,-15.603,15.315,-3.9054,20.206,10.752,-7.0865,4.6105,-13.646,0.66129,14.342,-27.332,-9.1862,-13.991,8.4165,-4.2535,-9.7688,7.5337,-7.1033,-12.094,-8.5586,3.2465,-6.8165,2.1114,-13.114,11.502,3.985,-4.4404,-12.575,-12.28,-12.109,8.2705,-7.9084,-9.6825,2.923,-24.754,20.816,-8.299,5.5918,10.532,-19.676,4.2425,19.028,-4.5818,-7.8681,13.974,8.867,7.5237,10.286,-0.079781,0
