0,-6.7657,-17.807,-11.617,-2.0685,0.67422,1.9796,-6.9463,16.435,-4.9488,7.737,-9.0093,6.657,5.0289,-3.5514,2.3936,-8.916,-10.986,0.68454,-11.452,9.8314,-6.7657,0,7.5656,2.7714,-2.4822,-1.1053,-3.8044,1.9849,-8.4257,4.6089,-4.8668,6.5163,-1.885,-3.1794,4.688,-5.1945,6.5308,9.4221,-0.75436,4.6726,-6.207,-17.807,7.5656,0,9.126,0.5537,-0.32682,-2.7121,5.5011,-17.109,7.0666,-7.0111,10.971,-7.7296,-4.0737,3.8433,-3.653,11.868,12.043,-2.3225,10.537,-11.082,-11.617,2.7714,9.126,0,1.9702,-3.3004,-0.14292,10.732,-10.456,2.3129,-4.7835,5.2305,-6.6414,-1.62,1.5131,0.91476,5.875,5.9379,1.6319,8.8054,-6.311,-2.0685,-2.4822,0.5537,1.9702,0,2.8152,6.8352,-0.30071,0.87754,-5.1589,-2.4523,-3.2732,0.033901,-9.4231,-1.5518,0.9468,-4.1749,-2.5477,-2.7064,0.17967,2.0704,0.67422,-1.1053,-0.32682,-3.3004,2.8152,0,0.74516,-0.36328,1.8031,1.2183,1.7528,0.85256,-2.3373,-2.8837,-2.6163,-3.1989,0.11456,-2.0562,-4.6192,-4.1379,-1.5314,1.9796,-3.8044,-2.7121,-0.14292,6.8352,0.74516,0,-2.4621,2.9906,-4.8759,0.1066,-6.1579,2.5972,-2.9924,-4.6828,-0.21218,-6.2417,-6.7949,-0.83803,-0.61114,4.2807,-6.9463,1.9849,5.5011,10.732,-0.30071,-0.36328,-2.4621,0,-7.3265,2.8743,0.0096423,6.1577,-9.068,0.78461,1.5365,2.5689,5.8657,4.4087,3.8455,2.9989,-7.9259,16.435,-8.4257,-17.109,-10.456,0.87754,1.8031,2.9906,-7.3265,0,-7.1314,5.2772,-11.169,8.1727,2.4198,-3.1327,3.2923,-12.423,-11.916,0.15301,-10.439,12.942,-4.9488,4.6089,7.0666,2.3129,-5.1589,1.2183,-4.8759,2.8743,-7.1314,0,-0.64215,12.608,-6.9347,0.36338,0.69643,-5.0099,9.901,5.8868,-1.9444,4.4345,-10.779,7.737,-4.8668,-7.0111,-4.7835,-2.4523,1.7528,0.1066,0.0096423,5.2772,-0.64215,0,-2.3699,-1.6803,5.4383,-2.9184,3.7422,-2.9627,-5.905,3.1887,-9.8479,1.0338,-9.0093,6.5163,10.971,5.2305,-3.2732,0.85256,-6.1579,6.1577,-11.169,12.608,-2.3699,0,-8.7941,-0.71123,1.9921,-2.7199,13.43,10.184,-0.29178,5.735,-15.18,6.657,-1.885,-7.7296,-6.6414,0.033901,-2.3373,2.5972,-9.068,8.1727,-6.9347,-1.6803,-8.7941,0,0.20488,-0.85166,-0.017458,-8.858,-4.8877,0.48562,-2.5403,12.802,5.0289,-3.1794,-4.0737,-1.62,-9.4231,-2.8837,-2.9924,0.78461,2.4198,0.36338,5.4383,-0.71123,0.20488,0,-1.0138,3.4622,0.26106,-1.5337,3.5977,-2.4405,1.0252,-3.5514,4.688,3.8433,1.5131,-1.5518,-2.6163,-4.6828,1.5365,-3.1327,0.69643,-2.9184,1.9921,-0.85166,-1.0138,0,0.60389,2.5918,5.9284,1.1496,2.5451,-1.9496,2.3936,-5.1945,-3.653,0.91476,0.9468,-3.1989,-0.21218,2.5689,3.2923,-5.0099,3.7422,-2.7199,-0.017458,3.4622,0.60389,0,-4.3018,-1.4586,5.5523,-3.0431,2.121,-8.916,6.5308,11.868,5.875,-4.1749,0.11456,-6.2417,5.8657,-12.423,9.901,-2.9627,13.43,-8.858,0.26106,2.5918,-4.3018,0,10.268,-0.89714,6.649,-12.239,-10.986,9.4221,12.043,5.9379,-2.5477,-2.0562,-6.7949,4.4087,-11.916,5.8868,-5.905,10.184,-4.8877,-1.5337,5.9284,-1.4586,10.268,0,-0.53033,7.2371,-8.9496,0.68454,-0.75436,-2.3225,1.6319,-2.7064,-4.6192,-0.83803,3.8455,0.15301,-1.9444,3.1887,-0.29178,0.48562,3.5977,1.1496,5.5523,-0.89714,-0.53033,0,-1.2144,0.11261,-11.452,4.6726,10.537,8.8054,0.17967,-4.1379,-0.61114,2.9989,-10.439,4.4345,-9.8479,5.735,-2.5403,-2.4405,2.5451,-3.0431,6.649,7.2371,-1.2144,0,-5.5649,9.8314,-6.207,-11.082,-6.311,2.0704,-1.5314,4.2807,-7.9259,12.942,-10.779,1.0338,-15.18,12.802,1.0252,-1.9496,2.121,-12.239,-8.9496,0.11261,-5.5649,0
