0,-0.2099,-9.9081,-2.3027,-0.16559,1.1831,-2.7821,-0.47085,8.2169,0.96917,1.8484,2.83,5.8485,6.1152,-5.3667,-2.6169,-1.9644,-6.7217,-2.7406,-2.9041,1.8461,-0.2099,0,-2.1796,9.4665,-3.7768,-4.1782,1.312,6.7521,-4.8255,6.0812,3.5912,1.0445,1.8396,-7.6297,-0.69655,-1.3048,-1.7385,-3.8258,3.2453,-2.8039,-3.0354,-9.9081,-2.1796,0,-1.6363,3.9944,-1.7103,5.5971,-4.9469,-3.5722,-1.5819,-1.5248,-1.8065,-13.428,-1.9134,2.8375,0.63382,4.8007,5.7216,-0.55453,1.657,-2.3849,-2.3027,9.4665,-1.6363,0,-0.73468,-0.65132,1.7398,11.821,-2.5868,1.3087,-0.88645,-3.3438,2.568,-6.7649,0.45008,1.4717,-4.3955,-0.88771,7.5506,2.179,-1.2059,-0.16559,-3.7768,3.9944,-0.73468,0,0.10641,3.862,-1.508,5.7504,-7.8947,-5.153,-5.8575,-4.1947,2.3997,-2.1334,1.4561,-1.6199,0.53684,0.50097,4.627,2.8228,1.1831,-4.1782,-1.7103,-0.65132,0.10641,0,-0.60452,1.387,4.5108,-1.9795,-3.1128,-1.1549,3.9125,2.2979,-0.82104,-3.5082,0.4908,-0.49633,1.7094,1.584,-0.13621,-2.7821,1.312,5.5971,1.7398,3.862,-0.60452,0,-0.39497,-2.3113,0.10551,-0.98034,-2.8693,-4.5962,-3.6023,-0.25117,-0.64148,0.069203,2.3702,1.3213,-0.24969,-1.7313,-0.47085,6.7521,-4.9469,11.821,-1.508,1.387,-0.39497,0,-1.0564,-0.022641,-2.1546,-3.6943,5.9894,-4.6165,0.7997,-0.16392,-8.5105,-1.5466,11.469,1.097,0.57703,8.2169,-4.8255,-3.5722,-2.5868,5.7504,4.5108,-2.3113,-1.0564,0,-4.3399,-2.5961,-0.61035,2.7705,7.7608,-5.3347,-0.8749,-1.2726,-4.1913,-1.0752,2.2322,4.6838,0.96917,6.0812,-1.5819,1.3087,-7.8947,-1.9795,0.10551,-0.022641,-4.3399,0,14.231,10.701,2.2133,-4.4531,-3.3483,-2.2073,5.0257,-4.0222,-2.9815,-5.7776,-4.4741,1.8484,3.5912,-1.5248,-0.88645,-5.153,-3.1128,-0.98034,-2.1546,-2.5961,14.231,0,11.488,1.4183,-2.4684,-5.1869,-1.1472,6.7406,-4.4682,-5.8277,-5.5065,-4.3221,2.83,1.0445,-1.8065,-3.3438,-5.8575,-1.1549,-2.8693,-3.6943,-0.61035,10.701,11.488,0,1.9512,-0.84575,-5.4228,-1.2524,7.3306,-5.2286,-6.3602,-3.0257,-2.0599,5.8485,1.8396,-13.428,2.568,-4.1947,3.9125,-4.5962,5.9894,2.7705,2.2133,1.4183,1.9512,0,0.83749,-3.3281,0.54848,-3.2732,-6.7385,1.0038,0.14208,2.53,6.1152,-7.6297,-1.9134,-6.7649,2.3997,2.2979,-3.6023,-4.6165,7.7608,-4.4531,-2.4684,-0.84575,0.83749,0,-0.62149,-0.46778,-0.417,-0.6405,-2.8799,-0.14991,2.9745,-5.3667,-0.69655,2.8375,0.45008,-2.1334,-0.82104,-0.25117,0.7997,-5.3347,-3.3483,-5.1869,-5.4228,-3.3281,-0.62149,0,-0.26965,-2.6291,7.7417,3.5663,0.61248,-1.0849,-2.6169,-1.3048,0.63382,1.4717,1.4561,-3.5082,-0.64148,-0.16392,-0.8749,-2.2073,-1.1472,-1.2524,0.54848,-0.46778,-0.26965,0,-0.64048,1.9026,-1.0046,7.0497,5.4273,-1.9644,-1.7385,4.8007,-4.3955,-1.6199,0.4908,0.069203,-8.5105,-1.2726,5.0257,6.7406,7.3306,-3.2732,-0.417,-2.6291,-0.64048,0,-0.6487,-8.262,-0.87862,-4.2858,-6.7217,-3.8258,5.7216,-0.88771,0.53684,-0.49633,2.3702,-1.5466,-4.1913,-4.0222,-4.4682,-5.2286,-6.7385,-0.6405,7.7417,1.9026,-0.6487,0,2.8189,0.41879,-0.37153,-2.7406,3.2453,-0.55453,7.5506,0.50097,1.7094,1.3213,11.469,-1.0752,-2.9815,-5.8277,-6.3602,1.0038,-2.8799,3.5663,-1.0046,-8.262,2.8189,0,1.7014,0.78316,-2.9041,-2.8039,1.657,2.179,4.627,1.584,-0.24969,1.097,2.2322,-5.7776,-5.5065,-3.0257,0.14208,-0.14991,0.61248,7.0497,-0.87862,0.41879,1.7014,0,4.8944,1.8461,-3.0354,-2.3849,-1.2059,2.8228,-0.13621,-1.7313,0.57703,4.6838,-4.4741,-4.3221,-2.0599,2.53,2.9745,-1.0849,5.4273,-4.2858,-0.37153,0.78316,4.8944,0
