0,2.3554,-12.551,-2.5599,-2.5591,0.82052,3.0956,2.1937,5.5793,3.26,-2.8666,-3.0989,5.7895,6.0563,-2.8737,-1.3209,-4.9006,-4.8584,1.4646,-2.5963,-2.5253,2.3554,0,-0.36354,-0.3861,-6.4873,1.6759,-1.4687,2.1521,-5.2337,7.4865,0.66143,2.0328,4.8447,-2.5365,-0.71784,-5.8296,3.7042,1.3734,-4.6934,-1.8999,-3.7605,-12.551,-0.36354,0,-0.94881,3.4116,2.4617,0.81275,-4.1357,-6.6046,-1.1198,1.0869,1.8249,-5.3174,-11.463,1.502,-2.5489,4.8715,3.1414,-4.7012,0.30261,2.0376,-2.5599,-0.3861,-0.94881,0,-4.6967,-5.9745,-9.3456,9.6944,-2.3833,-1.7106,2.1512,1.6835,-0.036667,3.4258,2.1644,1.288,-0.3635,3.2762,5.4491,6.1037,-2.9049,-2.5591,-6.4873,3.4116,-4.6967,0,4.9234,4.0628,-4.5338,0.0843,0.59696,2.1745,1.7227,-10.358,-3.7218,-5.272,-0.90642,-0.76043,-4.6181,-0.16058,-4.2873,2.4916,0.82052,1.6759,2.4617,-5.9745,4.9234,0,5.1991,-4.0236,-1.8821,2.7152,-2.4991,0.17034,-3.981,-8.0855,-3.7907,-7.2551,-2.7747,-6.2397,-2.7683,-3.1262,-4.789,3.0956,-1.4687,0.81275,-9.3456,4.0628,5.1991,0,-8.1844,2.7876,-0.83604,-4.6415,-3.849,-0.67429,-3.2373,-1.2309,-2.113,-2.0732,-3.6977,-3.2239,-1.8063,1.3422,2.1937,2.1521,-4.1357,9.6944,-4.5338,-4.0236,-8.1844,0,-0.48037,2.6501,3.3328,1.5081,2.2043,4.5219,-1.9794,-1.1595,-0.59637,0.10082,4.4569,-0.1142,-2.7874,5.5793,-5.2337,-6.6046,-2.3833,0.0843,-1.8821,2.7876,-0.48037,0,-3.8284,-1.6913,-4.1711,3.6819,6.3653,-0.12868,6.2571,-4.5347,-4.5805,1.0868,0.38895,2.3063,3.26,7.4865,-1.1198,-1.7106,0.59696,2.7152,-0.83604,2.6501,-3.8284,0,5.7422,5.6911,-1.0553,-1.6785,-8.9777,-8.1697,4.6915,-1.9691,-4.0719,-9.1467,-1.2537,-2.8666,0.66143,1.0869,2.1512,2.1745,-2.4991,-4.6415,3.3328,-1.6913,5.7422,0,9.1768,-3.0173,-0.88986,-5.6353,-0.40651,5.5022,0.24423,-2.0929,-4.918,1.3724,-3.0989,2.0328,1.8249,1.6835,1.7227,0.17034,-3.849,1.5081,-4.1711,5.6911,9.1768,0,-4.3704,-2.5618,-5.1129,-2.1595,4.1506,0.18282,-1.7796,-3.6235,-2.1897,5.7895,4.8447,-5.3174,-0.036667,-10.358,-3.981,-0.67429,2.2043,3.6819,-1.0553,-3.0173,-4.3704,0,5.0587,3.8995,1.8062,-0.97116,1.3734,-0.67816,1.9886,-0.56676,6.0563,-2.5365,-11.463,3.4258,-3.7218,-8.0855,-3.2373,4.5219,6.3653,-1.6785,-0.88986,-2.5618,5.0587,0,0.85581,6.1472,-2.6178,0.26659,6.1262,2.0748,1.7326,-2.8737,-0.71784,1.502,2.1644,-5.272,-3.7907,-1.2309,-1.9794,-0.12868,-8.9777,-5.6353,-5.1129,3.8995,0.85581,0,4.6723,-1.3417,5.8239,1.4971,8.9253,-0.17692,-1.3209,-5.8296,-2.5489,1.288,-0.90642,-7.2551,-2.113,-1.1595,6.2571,-8.1697,-0.40651,-2.1595,1.8062,6.1472,4.6723,0,-1.7729,2.4345,3.4284,4.9179,3.8882,-4.9006,3.7042,4.8715,-0.3635,-0.76043,-2.7747,-2.0732,-0.59637,-4.5347,4.6915,5.5022,4.1506,-0.97116,-2.6178,-1.3417,-1.7729,0,4.1924,-6.3408,-3.3495,6.3421,-4.8584,1.3734,3.1414,3.2762,-4.6181,-6.2397,-3.6977,0.10082,-4.5805,-1.9691,0.24423,0.18282,1.3734,0.26659,5.8239,2.4345,4.1924,0,-0.35468,2.4797,2.7131,1.4646,-4.6934,-4.7012,5.4491,-0.16058,-2.7683,-3.2239,4.4569,1.0868,-4.0719,-2.0929,-1.7796,-0.67816,6.1262,1.4971,3.4284,-6.3408,-0.35468,0,3.9532,-2.5317,-2.5963,-1.8999,0.30261,6.1037,-4.2873,-3.1262,-1.8063,-0.1142,0.38895,-9.1467,-4.918,-3.6235,1.9886,2.0748,8.9253,4.9179,-3.3495,2.4797,3.9532,0,-2.2713,-2.5253,-3.7605,2.0376,-2.9049,2.4916,-4.789,1.3422,-2.7874,2.3063,-1.2537,1.3724,-2.1897,-0.56676,1.7326,-0.17692,3.8882,6.3421,2.7131,-2.5317,-2.2713,0
