0,-6.0909,-9.6682,-0.069386,5.1155,3.6596,2.7268,-0.57092,4.0888,-4.2367,-1.4948,-3.6221,2.2237,5.5889,2.1459,-2.6291,-4.2426,2.9895,1.2517,4.3053,-2.0308,-6.0909,0,4.222,-3.5037,-7.9566,-6.3601,-5.1888,1.3245,-2.5066,9.2145,1.3769,7.1473,3.9897,-4.2344,-2.366,6.0187,1.8131,-6.8776,0.85763,-7.187,1.8014,-9.6682,4.222,0,-1.1786,-5.5646,-3.2049,-2.9765,-1.4779,-3.3719,4.4821,2.0967,4.6222,-0.34774,-4.7059,-3.2731,3.9982,1.9644,-1.8189,-2.9578,-4.8557,2.4346,-0.069386,-3.5037,-1.1786,0,2.5494,0.43171,6.7471,6.6289,-2.5322,-4.1604,2.0742,-4.4216,-3.6594,1.6962,2.4094,-3.1467,-0.58087,1.4267,4.5163,5.506,-1.2052,5.1155,-7.9566,-5.5646,2.5494,0,5.4377,6.1018,-1.5552,2.142,-5.331,-0.5228,-6.6225,-0.89935,3.9517,1.9124,-9.0029,-3.0896,0.63461,0.47549,7.889,-1.5868,3.6596,-6.3601,-3.2049,0.43171,5.4377,0,1.5007,-3.0607,-0.90219,0.022157,2.5233,-2.4572,-3.1544,-2.1583,-1.4811,-9.3952,-0.81165,1.9789,-0.80097,0.89348,-2.5266,2.7268,-5.1888,-2.9765,6.7471,6.1018,1.5007,0,1.5899,-2.7744,-6.2964,-3.5787,-2.5922,-3.0013,1.5645,4.2984,-6.2181,-5.5646,-0.031242,0.38935,9.0858,-3.4632,-0.57092,1.3245,-1.4779,6.6289,-1.5552,-3.0607,1.5899,0,1.1565,-0.83668,1.2124,0.2472,-0.062007,-0.40186,3.4203,1.4274,-0.93037,-1.0793,13.013,0.47576,-2.3103,4.0888,-2.5066,-3.3719,-2.5322,2.142,-0.90219,-2.7744,1.1565,0,-3.3712,-0.23996,-3.7662,5.6833,4.9766,-1.1366,3.1443,3.2501,1.8654,1.5024,-0.27542,3.9868,-4.2367,9.2145,4.4821,-4.1604,-5.331,0.022157,-6.2964,-0.83668,-3.3712,0,5.1463,8.13,2.8752,-8.017,-4.5682,1.992,0.67844,-6.8081,-0.2627,-8.9014,-1.0485,-1.4948,1.3769,2.0967,2.0742,-0.5228,2.5233,-3.5787,1.2124,-0.23996,5.1463,0,-0.81503,2.4101,-2.1364,-3.8822,-0.15119,3.5467,-1.0214,1.6776,-3.8862,0.83666,-3.6221,7.1473,4.6222,-4.4216,-6.6225,-2.4572,-2.5922,0.2472,-3.7662,8.13,-0.81503,0,2.3346,-8.2913,0.42734,3.2448,-2.552,-3.5085,-0.88422,-5.4816,-2.862,2.2237,3.9897,-0.34774,-3.6594,-0.89935,-3.1544,-3.0013,-0.062007,5.6833,2.8752,2.4101,2.3346,0,1.1375,-1.3192,4.2119,0.60726,-2.5798,0.33557,-3.0671,3.3294,5.5889,-4.2344,-4.7059,1.6962,3.9517,-2.1583,1.5645,-0.40186,4.9766,-8.017,-2.1364,-8.2913,1.1375,0,2.6901,0.53032,0.48101,4.1135,1.1124,4.6661,2.4121,2.1459,-2.366,-3.2731,2.4094,1.9124,-1.4811,4.2984,3.4203,-1.1366,-4.5682,-3.8822,0.42734,-1.3192,2.6901,0,-1.1791,-5.7435,4.0144,3.9626,3.8775,-3.8185,-2.6291,6.0187,3.9982,-3.1467,-9.0029,-9.3952,-6.2181,1.4274,3.1443,1.992,-0.15119,3.2448,4.2119,0.53032,-1.1791,0,3.0877,0.56744,-0.3742,-5.0048,3.9602,-4.2426,1.8131,1.9644,-0.58087,-3.0896,-0.81165,-5.5646,-0.93037,3.2501,0.67844,3.5467,-2.552,0.60726,0.48101,-5.7435,3.0877,0,0.754,-1.8496,-4.3526,8.3151,2.9895,-6.8776,-1.8189,1.4267,0.63461,1.9789,-0.031242,-1.0793,1.8654,-6.8081,-1.0214,-3.5085,-2.5798,4.1135,4.0144,0.56744,0.754,0,-1.3653,1.8503,0.66875,1.2517,0.85763,-2.9578,4.5163,0.47549,-0.80097,0.38935,13.013,1.5024,-0.2627,1.6776,-0.88422,0.33557,1.1124,3.9626,-0.3742,-1.8496,-1.3653,0,0.071791,-2.128,4.3053,-7.187,-4.8557,5.506,7.889,0.89348,9.0858,0.47576,-0.27542,-8.9014,-3.8862,-5.4816,-3.0671,4.6661,3.8775,-5.0048,-4.3526,1.8503,0.071791,0,-3.0276,-2.0308,1.8014,2.4346,-1.2052,-1.5868,-2.5266,-3.4632,-2.3103,3.9868,-1.0485,0.83666,-2.862,3.3294,2.4121,-3.8185,3.9602,8.3151,0.66875,-2.128,-3.0276,0
