0,-6.4562,-14.832,-3.4682,1.8754,-1.0137,7.7253,-3.5732,10.855,-9.6592,-2.1866,-4.5768,10.54,0.80834,-3.795,4.9189,-5.242,-6.5466,-1.5516,9.2716,2.0142,-6.4562,0,4.0678,5.0265,-2.7117,-3.7564,-5.2144,7.9807,-5.7528,4.3326,-2.0106,2.534,-1.9258,-0.60749,-0.25966,-2.4311,2.5262,0.52163,2.1485,-2.8536,2.867,-14.832,4.0678,0,0.58036,-2.6161,3.4958,-7.212,0.85864,-8.448,9.0128,2.6837,4.2158,-9.7489,-0.54928,3.7928,-7.4823,6.8237,7.6768,0.62637,-10.83,-2.698,-3.4682,5.0265,0.58036,0,-4.5423,-8.1874,-4.3482,14.325,-4.6036,2.7928,4.7516,5.2371,-3.4075,5.0504,1.6508,0.11473,3.2697,1.398,8.6697,-1.3497,0.084804,1.8754,-2.7117,-2.6161,-4.5423,0,2.2403,9.1524,-6.6948,-1.3513,-3.4966,-3.0054,-4.7531,-0.42308,-8.2158,-1.3998,3.309,-11.039,-2.7338,-8.0786,3.6272,-2.2062,-1.0137,-3.7564,3.4958,-8.1874,2.2403,0,2.3202,-6.8557,1.3478,-1.4609,-2.5928,-5.537,-0.29676,-7.4709,3.8301,-4.1161,-1.6122,2.4387,-8.4845,-3.2959,-5.6796,7.7253,-5.2144,-7.212,-4.3482,9.1524,2.3202,0,-6.2735,2.5986,-7.903,-2.8886,-7.4347,4.4352,-4.7386,-1.9388,2.3403,-10.731,-3.9954,-6.9364,6.7216,-2.7963,-3.5732,7.9807,0.85864,14.325,-6.6948,-6.8557,-6.2735,0,-2.5452,2.8058,1.9653,4.2662,-1.4962,4.1721,0.76239,-1.2762,4.2659,0.044481,8.676,-1.7536,2.1092,10.855,-5.7528,-8.448,-4.6036,-1.3513,1.3478,2.5986,-2.5452,0,-6.9275,-3.5529,-4.235,11.202,0.78764,-2.6638,3.2835,-2.1249,-6.0757,-0.7984,5.1334,3.4233,-9.6592,4.3326,9.0128,2.7928,-3.4966,-1.4609,-7.903,2.8058,-6.9275,0,5.4755,9.2078,-7.5524,3.321,-0.2964,-3.9373,7.6316,3.335,3.627,-5.5161,-0.035752,-2.1866,-2.0106,2.6837,4.7516,-3.0054,-2.5928,-2.8886,1.9653,-3.5529,5.4755,0,7.5452,-6.7793,6.6508,0.1269,-2.1255,6.0376,2.8658,6.349,-1.7978,-3.221,-4.5768,2.534,4.2158,5.2371,-4.7531,-5.537,-7.4347,4.2662,-4.235,9.2078,7.5452,0,-5.7547,6.2014,-1.22,-3.0432,9.685,0.99184,6.577,-0.60304,1.7178,10.54,-1.9258,-9.7489,-3.4075,-0.42308,-0.29676,4.4352,-1.4962,11.202,-7.5524,-6.7793,-5.7547,0,-0.17924,-3.9024,4.3974,-5.0597,-6.0067,-1.9737,6.9098,3.5283,0.80834,-0.60749,-0.54928,5.0504,-8.2158,-7.4709,-4.7386,4.1721,0.78764,3.321,6.6508,6.2014,-0.17924,0,-2.5461,0.92059,6.7616,0.65466,11.292,-0.15136,2.5198,-3.795,-0.25966,3.7928,1.6508,-1.3998,3.8301,-1.9388,0.76239,-2.6638,-0.2964,0.1269,-1.22,-3.9024,-2.5461,0,-2.1218,1.0613,6.5422,-0.42236,-6.585,-4.4338,4.9189,-2.4311,-7.4823,0.11473,3.309,-4.1161,2.3403,-1.2762,3.2835,-3.9373,-2.1255,-3.0432,4.3974,0.92059,-2.1218,0,-6.1588,-2.9369,0.45102,4.5417,1.6726,-5.242,2.5262,6.8237,3.2697,-11.039,-1.6122,-10.731,4.2659,-2.1249,7.6316,6.0376,9.685,-5.0597,6.7616,1.0613,-6.1588,0,3.0285,7.1046,-4.408,1.7997,-6.5466,0.52163,7.6768,1.398,-2.7338,2.4387,-3.9954,0.044481,-6.0757,3.335,2.8658,0.99184,-6.0067,0.65466,6.5422,-2.9369,3.0285,0,0.999,-9.9026,-4.5736,-1.5516,2.1485,0.62637,8.6697,-8.0786,-8.4845,-6.9364,8.676,-0.7984,3.627,6.349,6.577,-1.9737,11.292,-0.42236,0.45102,7.1046,0.999,0,-1.2303,1.8071,9.2716,-2.8536,-10.83,-1.3497,3.6272,-3.2959,6.7216,-1.7536,5.1334,-5.5161,-1.7978,-0.60304,6.9098,-0.15136,-6.585,4.5417,-4.408,-9.9026,-1.2303,0,1.8493,2.0142,2.867,-2.698,0.084804,-2.2062,-5.6796,-2.7963,2.1092,3.4233,-0.035752,-3.221,1.7178,3.5283,2.5198,-4.4338,1.6726,1.7997,-4.5736,1.8071,1.8493,0
