0,-0.087459,-12.58,-6.576,-5.9607,5.4058,1.48,-3.1561,2.8147,-4.3165,-1.2725,-1.4894,5.8153,7.7706,1.391,-0.63206,-5.5336,-4.688,0.54554,-3.014,5.3481,-0.087459,0,1.0654,3.3474,-4.2877,-3.4216,-5.4677,5.1428,-3.4954,5.6481,0.93436,1.522,4.6459,-2.9318,1.3564,-4.8011,0.029268,-2.5905,5.8076,1.5377,-0.59229,-12.58,1.0654,0,7.9175,4.3939,-2.7931,-1.9588,1.9836,-3.6669,5.6523,0.82957,2.8532,-4.7818,-5.3875,0.83956,0.64417,5.1917,1.5608,-1.5774,2.9717,-4.7293,-6.576,3.3474,7.9175,0,1.0089,-2.3642,-2.0461,7.3672,-3.9387,5.5109,1.8108,-0.041508,-1.9185,-3.6478,0.50677,-0.69863,5.1691,1.9706,1.3299,1.6452,-2.956,-5.9607,-4.2877,4.3939,1.0089,0,-1.5142,4.5702,-3.35,0.91058,0.026371,4.6448,-2.5171,-9.245,-3.0432,-2.7396,5.7893,0.61705,2.3942,-6.8412,2.4078,-2.7259,5.4058,-3.4216,-2.7931,-2.3642,-1.5142,0,1.4104,-4.621,0.68755,-3.3913,-1.7327,-0.31509,2.6275,2.9711,2.6827,-0.30205,-2.0309,-1.822,-4.1081,-0.683,0.1578,1.48,-5.4677,-1.9588,-2.0461,4.5702,1.4104,0,-4.8216,4.5372,-6.0278,1.2315,-3.1945,-3.4617,3.584,-1.1761,2.8223,-3.6037,0.9628,-5.554,4.6874,-0.6343,-3.1561,5.1428,1.9836,7.3672,-3.35,-4.621,-4.8216,0,-2.6924,3.8117,-1.0292,-0.55528,1.7984,-3.0112,-2.6434,-3.1228,2.7822,2.6184,8.6173,-2.1818,0.16238,2.8147,-3.4954,-3.6669,-3.9387,0.91058,0.68755,4.5372,-2.6924,0,-3.6461,1.8019,-4.5825,-0.67834,-0.23766,0.10038,2.1908,-3.3603,-1.0118,-2.0771,-0.73238,4.1035,-4.3165,5.6481,5.6523,5.5109,0.026371,-3.3913,-6.0278,3.8117,-3.6461,0,3.7947,3.3716,-2.048,-5.2306,-0.15845,0.3626,5.7194,-0.97294,2.3835,-0.59024,-1.4715,-1.2725,0.93436,0.82957,1.8108,4.6448,-1.7327,1.2315,-1.0292,1.8019,3.7947,0,-2.2729,-3.6552,-2.4738,0.025766,2.9542,3.0432,0.2843,-2.3526,-0.079686,-0.67373,-1.4894,1.522,2.8532,-0.041508,-2.5171,-0.31509,-3.1945,-0.55528,-4.5825,3.3716,-2.2729,0,-0.25037,-1.9675,3.6686,-3.0122,0.0042253,-0.61023,1.2178,1.1042,-3.9429,5.8153,4.6459,-4.7818,-1.9185,-9.245,2.6275,-3.4617,1.7984,-0.67834,-2.048,-3.6552,-0.25037,0,1.9297,0.4745,-9.1091,-2.8182,-1.6446,4.4357,0.36032,2.5383,7.7706,-2.9318,-5.3875,-3.6478,-3.0432,2.9711,3.584,-3.0112,-0.23766,-5.2306,-2.4738,-1.9675,1.9297,0,-0.10839,1.6704,-2.6966,-2.758,-0.87807,-1.0973,2.2631,1.391,1.3564,0.83956,0.50677,-2.7396,2.6827,-1.1761,-2.6434,0.10038,-0.15845,0.025766,3.6686,0.4745,-0.10839,0,-0.31011,-1.2599,-1.5644,-0.26529,0.50053,-1.6031,-0.63206,-4.8011,0.64417,-0.69863,5.7893,-0.30205,2.8223,-3.1228,2.1908,0.3626,2.9542,-3.0122,-9.1091,1.6704,-0.31011,0,0.65237,-0.86523,-4.2374,-2.5352,0.5803,-5.5336,0.029268,5.1917,5.1691,0.61705,-2.0309,-3.6037,2.7822,-3.3603,5.7194,3.0432,0.0042253,-2.8182,-2.6966,-1.2599,0.65237,0,4.5549,-0.58179,-0.5653,0.38744,-4.688,-2.5905,1.5608,1.9706,2.3942,-1.822,0.9628,2.6184,-1.0118,-0.97294,0.2843,-0.61023,-1.6446,-2.758,-1.5644,-0.86523,4.5549,0,-0.43016,0.66498,-2.4952,0.54554,5.8076,-1.5774,1.3299,-6.8412,-4.1081,-5.554,8.6173,-2.0771,2.3835,-2.3526,1.2178,4.4357,-0.87807,-0.26529,-4.2374,-0.58179,-0.43016,0,-4.8052,2.6343,-3.014,1.5377,2.9717,1.6452,2.4078,-0.683,4.6874,-2.1818,-0.73238,-0.59024,-0.079686,1.1042,0.36032,-1.0973,0.50053,-2.5352,-0.5653,0.66498,-4.8052,0,-5.6165,5.3481,-0.59229,-4.7293,-2.956,-2.7259,0.1578,-0.6343,0.16238,4.1035,-1.4715,-0.67373,-3.9429,2.5383,2.2631,-1.6031,0.5803,0.38744,-2.4952,2.6343,-5.6165,0
