0,6.6222,-1.2014,-1.0785,-1.958,4.3473,2.3561,13.428,-8.2648,5.3106,-7.6179,2.8206,-3.8185,9.9119,-4.2749,2.2012,-22.505,9.4139,1.869,4.8615,-2.0474,17.076,6.347,-0.8371,-10.35,3.409,22.178,-9.9526,-4.3088,3.3758,7.9259,9.8161,-0.84728,3.1797,10.131,-8.4879,5.1403,-4.303,2.1716,-3.3323,9.2999,-0.75385,-3.2493,-8.8945,1.7848,-3.9165,3.5987,-15.601,-14.408,-2.0111,-6.0049,1.7951,-9.9706,-18.566,10.642,6.6222,0,11.287,27.189,-24.26,-0.00013866,6.5786,-4.2329,-13.022,-8.8843,-18.632,-7.6202,-15.972,9.4354,12.431,0.30382,-5.8705,28.084,-0.41401,-7.0279,-8.0698,4.0262,0.54387,-9.566,-8.4742,0.58714,8.9466,-8.365,-13.657,-0.19292,-2.1063,-3.5223,3.377,25.549,8.2854,-2.7077,-7.5413,-4.9649,13.451,-38.594,8.5109,12.2,3.424,5.4176,-8.6805,-4.2603,2.3031,-6.2596,-7.2421,-16.97,3.306,-3.0112,-5.1748,-16.704,-0.13338,-1.2014,11.287,0,14.512,-3.3642,2.5299,13.076,-3.6532,-4.0773,-31.89,-11.002,-22.437,4.0551,18.495,16.515,-7.4488,0.18211,13.748,7.3212,-6.8292,-7.7883,-5.2706,7.9823,-4.0542,1.7679,-4.7693,5.6034,-7.2515,-5.4224,9.3445,10.375,5.917,-7.154,5.3746,-6.9286,-10.605,-6.1731,4.7158,-1.0687,-10.908,3.7305,5.6012,3.0384,11.193,-0.54063,4.0985,10.9,-3.479,0.5553,-28.863,-9.9768,5.4925,14.207,1.1985,8.3905,-1.0785,27.189,14.512,0,-22.721,3.3107,7.0672,-9.0108,-10.324,-14.124,-10.404,-13.19,-10.249,7.4485,11.578,-6.3334,-2.2814,20.692,2.6453,-8.0585,-8.4808,0.19281,0.13486,-7.4423,-4.4602,-0.48442,0.29125,-9.5195,-17.961,-0.76291,-5.818,-8.1659,4.0905,16.127,-0.36925,-1.5767,-15.521,-7.5378,7.1931,-28.583,8.2623,19.468,6.2107,9.3789,-14.605,2.8963,5.0424,-0.42685,-2.4743,-21.212,2.6153,-1.1596,-0.048866,-10.055,-3.9076,-1.958,-24.26,-3.3642,-22.721,0,2.9711,-3.7761,6.0164,7.1179,4.9645,7.9067,2.1794,19.482,-3.1314,-8.858,1.8249,2.5433,-13.689,7.1044,11.676,0.4576,-0.94139,4.6177,13.503,3.3613,-6.1841,-1.5452,3.0546,12.385,10.921,12.763,14.631,-14.278,-21.585,-8.0654,0.046994,6.9547,12.225,-13.176,30.954,-5.0211,-13.189,-0.50908,-8.0186,14.867,2.4084,4.2236,-2.1476,0.88021,7.4064,-10.052,11.282,9.5561,16.484,8.2613,4.3473,-0.00013866,2.5299,3.3107,2.9711,0,-2.316,2.8713,-8.6099,1.1801,2.6755,-7.6362,4.9597,2.1624,-13.422,-11.589,-12.753,6.2913,28.106,16.07,-14.16,15.822,8.5293,15.478,-9.9206,-4.0131,-4.1014,-28.093,-17.876,11.583,0.80204,3.3144,-7.2189,-8.5574,-12.537,-0.32537,-16.03,-9.0399,-12.094,3.3852,17.938,14.138,12.653,-8.4418,-9.909,17.375,24.526,-5.3069,-12.3,-7.8409,-8.3611,21.259,0.85986,-5.5066,0.90355,2.3561,6.5786,13.076,7.0672,-3.7761,-2.316,0,-8.0314,-7.5868,-17.283,0.43716,-18.5,0.77641,10.82,8.7787,-6.5872,-6.7187,2.6937,0.30426,-12.112,4.7418,-8.4577,-5.1864,-16.403,1.4702,-7.1627,8.3131,-3.3602,1.385,-1.7078,4.9296,-0.65044,5.1088,6.2508,-1.4227,-8.6732,-1.9502,-1.5012,3.292,-7.9006,-7.2106,-3.387,-14.458,3.8682,5.2168,-0.65154,-1.7303,-6.6062,8.2049,-13.12,-15.266,-4.0001,12.826,-0.86048,15.903,13.428,-4.2329,-3.6532,-9.0108,6.0164,2.8713,-8.0314,0,9.0823,6.778,-3.1721,11.336,8.2771,9.0233,-5.3147,-1.5621,-4.5648,1.9522,-0.5403,5.3251,1.9707,9.7524,19.747,6.7836,3.427,15.068,7.9747,-1.7719,0.40675,3.0039,9.7682,13.873,-4.8663,-9.1553,0.84725,-13.38,12.654,0.16215,-10.381,5.6361,10.043,-2.0432,1.4417,-0.65292,0.55842,3.548,5.9224,0.3999,-7.2776,6.2491,-2.162,2.7404,-7.914,-4.8251,2.2432,-8.2648,-13.022,-4.0773,-10.324,7.1179,-8.6099,-7.5868,9.0823,0,0.88573,5.5292,11.102,12.659,-0.022603,1.8604,-2.417,16.215,-11.018,-10.231,-5.5467,12.66,-10.237,6.2804,1.2259,27.49,14.41,-6.281,15.843,10.966,-6.217,1.308,1.4336,0.85253,-11.243,-5.2367,-6.2571,13.902,5.1331,-10.231,8.6011,-4.9183,-6.6471,-2.2423,11.675,2.0361,3.8919,-4.385,20.929,11.884,12.934,4.5038,-6.2079,1.3491,11.775,-6.6406,5.3106,-8.8843,-31.89,-14.124,4.9645,1.1801,-17.283,6.778,0.88573,0,5.2503,21.68,-4.4786,-15.251,-18.715,10.343,-2.9652,-7.9559,-2.3434,13.899,1.0915,12.057,-3.4028,9.3195,-7.1341,2.8363,-2.1761,2.7724,2.6852,-2.2831,-5.6396,-0.40816,0.8551,-5.1285,8.2279,10.856,5.1133,-2.3377,1.0018,11.081,1.2445,-3.9012,1.7629,-16.696,1.0045,-4.9238,-4.9957,-1.5725,-8.0319,20.527,8.6175,0.3242,-16.745,-3.3943,-6.043,-7.6179,-18.632,-11.002,-10.404,7.9067,2.6755,0.43716,-3.1721,5.5292,5.2503,0,1.7487,8.2907,-10.351,-14.053,-8.0223,0.40003,-22.391,-0.21534,1.4121,11.78,-4.8041,-8.0966,1.8205,6.6656,-0.7424,-13.922,3.372,5.1202,-8.2517,-7.8507,-8.1079,7.9637,-14.989,-10.089,3.6309,-0.90167,-7.2481,-9.9795,14.564,-8.5573,-4.4367,-7.4762,-4.1613,0.28761,8.8669,-4.7073,8.0336,12.074,10.66,-3.5238,-2.0366,4.3581,7.8012,-2.4901,2.8206,-7.6202,-22.437,-13.19,2.1794,-7.6362,-18.5,11.336,11.102,21.68,1.7487,0,-2.8728,-8.7944,-6.6147,10.217,4.6491,-7.6782,-12.715,3.1779,7.5946,4.0636,0.045875,3.2482,2.8232,13.146,-0.85685,11.658,7.0272,-7.8447,-4.5166,-0.52337,3.6005,-3.2559,10.236,3.7624,14.493,0.63249,1.2829,6.9373,-0.90315,-6.1149,-0.73965,-3.1327,1.1003,-6.5694,-9.7872,6.3155,-1.7771,27.567,14.572,-7.5147,-18.015,-1.3667,-9.5609,-3.8185,-15.972,4.0551,-10.249,19.482,4.9597,0.77641,8.2771,12.659,-4.4786,8.2907,-2.8728,0,6.0141,-3.5479,-10.801,3.181,-8.064,6.6267,2.8025,3.3738,-4.8381,11.805,8.1342,12.87,1.2071,-3.3772,0.24307,5.9241,6.7479,12.045,11.057,-8.8434,-25.226,-19.671,-10.718,4.5051,5.3552,-28.406,15.147,-0.90974,-5.2713,-0.66723,3.1846,5.397,13.429,8.8326,5.2029,6.2086,1.3718,-13.741,8.3316,14.171,13.849,6.2312,9.9119,9.4354,18.495,7.4485,-3.1314,2.1624,10.82,9.0233,-0.022603,-15.251,-10.351,-8.7944,6.0141,0,10.019,-9.3689,-6.4141,13.877,2.5038,-6.964,-1.005,0.4592,15.62,-5.4331,3.9486,5.5493,14.212,-7.7616,-4.6514,4.693,14.059,10.392,-3.1151,2.1408,-2.7322,-30.762,2.653,-0.034596,-4.5266,-9.0547,7.7665,2.8582,-1.9768,9.6963,-0.58767,4.7466,9.4518,-3.5474,-1.6699,-14.129,-11.619,1.5323,4.6291,-5.9364,10.992,-4.2749,12.431,16.515,11.578,-8.858,-13.422,8.7787,-5.3147,1.8604,-18.715,-14.053,-6.6147,-3.5479,10.019,0,2.3197,9.3859,8.3303,-7.9505,-18.979,0.81213,-13.475,0.61256,-14.106,6.7861,0.9249,6.3344,6.4781,2.7519,-1.3919,4.181,0.026333,0.40685,14.543,4.0574,-6.1726,2.8103,8.4441,9.2583,-15.824,-4.5232,-0.65906,-2.5025,19.11,2.3316,-7.1159,-3.7532,2.1492,6.4307,-10.04,2.2043,-7.8875,5.9334,2.1776,1.8742,2.2012,0.30382,-7.4488,-6.3334,1.8249,-11.589,-6.5872,-1.5621,-2.417,10.343,-8.0223,10.217,-10.801,-9.3689,2.3197,0,4.4675,-2.1524,-6.7866,3.7814,-2.1467,1.3,-7.1211,0.087282,-7.5327,-5.2127,6.4803,10.037,10.146,2.0343,1.7206,3.522,-4.277,8.2868,20.682,11.876,8.4772,13.227,16.466,1.2284,-6.8321,-10.621,-0.54828,-7.9162,11.797,-30.445,-10.322,-7.6293,-5.5815,7.6952,9.3189,-2.7398,-6.8999,1.4128,0.60512,-22.505,-5.8705,0.18211,-2.2814,2.5433,-12.753,-6.7187,-4.5648,16.215,-2.9652,0.40003,4.6491,3.181,-6.4141,9.3859,4.4675,0,-7.7264,-8.7889,-6.7879,3.9931,-17.15,-1.636,-0.18304,14.377,2.5544,-10.626,19.877,9.9457,-3.3648,-2.6929,-3.5224,-1.5364,-1.1047,-2.569,4.623,4.6259,11.622,0.38667,2.6129,-9.3262,-3.9833,2.644,12.624,2.3098,-2.5563,-6.7347,16.444,11.705,6.1886,10.874,-5.3015,4.777,17.798,-10.395,9.4139,28.084,13.748,20.692,-13.689,6.2913,2.6937,1.9522,-11.018,-7.9559,-22.391,-7.6782,-8.064,13.877,8.3303,-2.1524,-7.7264,0,5.9023,-0.74692,-14.546,9.4403,9.2869,-1.4663,-9.3515,1.5463,9.4716,-14.608,-18.398,6.7953,3.0578,3.1395,-3.6045,12.906,3.4733,-5.9514,-8.0061,-3.47,5.1566,-20.34,17.996,15.591,9.6391,3.89,-9.6755,0.63883,11.236,-7.5155,-13.864,-19.491,0.061385,4.4652,-4.4876,-16,1.1738,1.869,-0.41401,7.3212,2.6453,7.1044,28.106,0.30426,-0.5403,-10.231,-2.3434,-0.21534,-12.715,6.6267,2.5038,-7.9505,-6.7866,-8.7889,5.9023,0,16.839,-19.809,10.378,7.693,16.263,-10.786,-11.914,-2.0278,-21.774,-11.056,22.116,6.4289,8.0442,-15.297,-7.254,-12.745,1.105,-15.116,-0.49284,-9.5731,4.4376,11.472,8.5939,12.79,-8.8578,-2.7515,11.276,26.778,-9.5552,-11.588,-11.559,-12.185,35.65,7.3746,0.17286,5.8424,4.8615,-7.0279,-6.8292,-8.0585,11.676,16.07,-12.112,5.3251,-5.5467,13.899,1.4121,3.1779,2.8025,-6.964,-18.979,3.7814,-6.7879,-0.74692,16.839,0,-13.927,18.419,4.9555,28.839,-13.93,-6.9656,-2.0978,-9.6427,-4.2376,15.468,3.4528,8.8066,-14.316,-9.8686,-2.7162,8.1716,-4.6969,1.5155,-6.3035,12.851,9.2096,2.0836,12.501,-21.278,0.65102,3.0311,11.584,-8.9841,-17.806,3.0137,-2.4463,21.747,-3.4563,-0.41155,0.94432,-2.0474,-8.0698,-7.7883,-8.4808,0.4576,-14.16,4.7418,1.9707,12.66,1.0915,11.78,7.5946,3.3738,-1.005,0.81213,-2.1467,3.9931,-14.546,-19.809,-13.927,0,-12.33,-6.8927,-13.255,16.756,9.608,-0.4859,15.339,13.719,-21.362,-3.7324,-6.2862,16.504,-3.0236,2.252,-5.6914,14.37,-2.8968,-0.85939,3.3484,-14.841,-12.383,-23.464,6.0037,4.9887,-1.9917,-18.234,10.285,20.404,12.669,0.73673,-21.087,-0.10848,3.7377,-0.16465,17.076,4.0262,-5.2706,0.19281,-0.94139,15.822,-8.4577,9.7524,-10.237,12.057,-4.8041,4.0636,-4.8381,0.4592,-13.475,1.3,-17.15,9.4403,10.378,18.419,-12.33,0,7.1578,11.758,-18.825,1.0941,4.9473,-16.864,-13.472,7.789,0.58326,5.4079,-4.9805,-0.97353,3.852,1.6492,-4.8038,-7.4563,-1.3328,0.44297,20.457,8.7018,10.111,-14.834,-6.6854,2.2088,10.76,-10.958,-30.668,-0.85405,-0.0067495,10.807,-13.982,-16.518,-0.027957,6.347,0.54387,7.9823,0.13486,4.6177,8.5293,-5.1864,19.747,6.2804,-3.4028,-8.0966,0.045875,11.805,15.62,0.61256,-7.1211,-1.636,9.2869,7.693,4.9555,-6.8927,7.1578,0,10.015,3.3331,8.7557,4.5233,-7.6679,-6.0033,11.328,13.108,15.943,-12.546,-7.8874,-7.3709,-15.295,2.465,2.4608,-14.176,1.2428,16.874,5.6334,10.173,4.9863,-3.5795,10.117,18.962,0.88663,-8.3241,-4.7896,-5.1458,10.672,0.21727,-1.8256,2.0899,-0.8371,-9.566,-4.0542,-7.4423,13.503,15.478,-16.403,6.7836,1.2259,9.3195,1.8205,3.2482,8.1342,-5.4331,-14.106,0.087282,-0.18304,-1.4663,16.263,28.839,-13.255,11.758,10.015,0,-5.639,-3.0631,-7.0237,-6.8754,-4.1522,15.711,3.6738,8.8459,-17.364,-14.898,-8.727,5.5074,-4.5408,3.2555,-12.404,14.414,10.389,4.1302,18.36,-9.8636,-1.8417,8.096,15.132,-1.4067,-12.092,3.103,-0.90105,23.324,-0.65546,4.2296,-3.0698,-10.35,-8.4742,1.7679,-4.4602,3.3613,-9.9206,1.4702,3.427,27.49,-7.1341,6.6656,2.8232,12.87,3.9486,6.7861,-7.5327,14.377,-9.3515,-10.786,-13.93,16.756,-18.825,3.3331,-5.639,0,11.319,-5.4923,13.956,10.022,-9.0774,0.95823,-1.6668,4.8206,-7.4815,-7.827,-10.131,10.049,2.8852,-8.8701,3.5,-8.2484,-5.8862,-7.1396,19.003,1.6912,5.5005,-5.345,21.153,22.122,5.7922,0.22673,-9.5029,7.1175,11.904,-3.2301,3.409,0.58714,-4.7693,-0.48442,-6.1841,-4.0131,-7.1627,15.068,14.41,2.8363,-0.7424,13.146,1.2071,5.5493,0.9249,-5.2127,2.5544,1.5463,-11.914,-6.9656,9.608,1.0941,8.7557,-3.0631,11.319,0,-0.063695,4.3743,-1.9804,-11.739,-3.9825,-2.6462,8.6894,-1.9154,1.7842,-10.681,8.9797,-7.4618,-4.6302,-3.0428,6.1776,3.476,-0.75736,10.922,-9.1249,4.4615,-2.6179,14.136,2.3142,7.5545,8.4534,-10.369,-12.054,-6.5596,-9.9459,22.178,8.9466,5.6034,0.29125,-1.5452,-4.1014,8.3131,7.9747,-6.281,-2.1761,-13.922,-0.85685,-3.3772,14.212,6.3344,6.4803,-10.626,9.4716,-2.0278,-2.0978,-0.4859,4.9473,4.5233,-7.0237,-5.4923,-0.063695,0,-2.941,2.5395,4.5209,15.009,13.258,-3.1261,8.3787,13.007,-10.578,9.6688,4.8246,7.0931,-6.5474,1.5358,-6.7774,-7.3096,-2.5973,9.5964,-11.103,-0.16653,-16.627,-7.3712,-5.3365,-7.2985,-1.3042,-2.4894,-9.1382,17.677,-9.9526,-8.365,-7.2515,-9.5195,3.0546,-28.093,-3.3602,-1.7719,15.843,2.7724,3.372,11.658,0.24307,-7.7616,6.4781,10.037,19.877,-14.608,-21.774,-9.6427,15.339,-16.864,-7.6679,-6.8754,13.956,4.3743,-2.941,0,23.023,-10.691,-2.3329,-3.5251,4.9372,0.43112,6.1293,3.4046,16.048,10.114,4.9713,4.3849,-19.739,-15.602,-9.0465,6.6683,9.6956,-10.872,-21.343,10.795,14.946,15.332,9.6674,-15.178,0.30096,12.457,-4.7192,-4.3088,-13.657,-5.4224,-17.961,12.385,-17.876,1.385,0.40675,10.966,2.6852,5.1202,7.0272,5.9241,-4.6514,2.7519,10.146,9.9457,-18.398,-11.056,-4.2376,13.719,-13.472,-6.0033,-4.1522,10.022,-1.9804,2.5395,23.023,0,-3.1639,6.4263,4.6803,-0.75275,-4.1338,4.2516,0.64437,20.16,15.456,1.5174,10.932,-24.353,-37.909,-13.973,-0.09402,25.108,-11.129,-14.362,1.8087,11.934,12.794,-1.1973,-7.1493,5.9442,15.882,6.0972,3.3758,-0.19292,9.3445,-0.76291,10.921,11.583,-1.7078,3.0039,-6.217,-2.2831,-8.2517,-7.8447,6.7479,4.693,-1.3919,2.0343,-3.3648,6.7953,22.116,15.468,-21.362,7.789,11.328,15.711,-9.0774,-11.739,4.5209,-10.691,-3.1639,0,16.73,19.839,-36.991,-4.4595,-5.4902,-0.18431,-4.63,11.032,-5.2963,4.7132,8.1082,1.4474,12.393,-7.0747,5.1354,2.0209,19.846,-12.783,-13.802,-9.4515,-9.9093,30.699,7.445,3.5177,9.5789,7.9259,-2.1063,10.375,-5.818,12.763,0.80204,4.9296,9.7682,1.308,-5.6396,-7.8507,-4.5166,12.045,14.059,4.181,1.7206,-2.6929,3.0578,6.4289,3.4528,-3.7324,0.58326,13.108,3.6738,0.95823,-3.9825,15.009,-2.3329,6.4263,16.73,0,36.337,-17.817,-4.6623,-1.7193,-12.16,8.6293,15.102,-5.6349,4.5161,0.8617,-9.059,-1.3505,-0.99266,14.846,-1.7772,8.5975,-10.278,-4.1705,-5.4515,-15.845,9.5811,9.4405,4.7599,21.128,9.8161,-3.5223,5.917,-8.1659,14.631,3.3144,-0.65044,13.873,1.4336,-0.40816,-8.1079,-0.52337,11.057,10.392,0.026333,3.522,-3.5224,3.1395,8.0442,8.8066,-6.2862,5.4079,15.943,8.8459,-1.6668,-2.6462,13.258,-3.5251,4.6803,19.839,36.337,0,-22.183,-6.6699,-0.83725,-9.0622,8.4852,13.991,-6.7415,7.0522,4.2814,-7.3591,2.3807,-4.3668,12.334,-1.4293,10.584,-10.675,-8.933,-2.503,-11.818,12.849,4.7246,3.149,15.53,-0.84728,3.377,-7.154,4.0905,-14.278,-7.2189,5.1088,-4.8663,0.85253,0.8551,7.9637,3.6005,-8.8434,-3.1151,0.40685,-4.277,-1.5364,-3.6045,-15.297,-14.316,16.504,-4.9805,-12.546,-17.364,4.8206,8.6894,-3.1261,4.9372,-0.75275,-36.991,-17.817,-22.183,0,6.3886,5.1043,-0.080059,0.57594,-16.342,6.1758,-7.4538,-5.7322,1.3435,-12.483,4.9011,-7.1873,-0.72265,-15.485,8.224,10.839,4.9332,6.6938,-23.837,-7.134,-7.3883,-7.1075,3.1797,25.549,5.3746,16.127,-21.585,-8.5574,6.2508,-9.1553,-11.243,-5.1285,-14.989,-3.2559,-25.226,2.1408,14.543,8.2868,-1.1047,12.906,-7.254,-9.8686,-3.0236,-0.97353,-7.8874,-14.898,-7.4815,-1.9154,8.3787,0.43112,-4.1338,-4.4595,-4.6623,-6.6699,6.3886,0,16.598,3.1551,-2.8242,-0.73062,30.054,-26.364,-0.76897,3.8012,-1.6575,3.7551,-2.3148,-14.231,-7.1728,-5.8164,-2.6888,-8.3996,7.7846,-9.2914,-5.7562,-10.567,-0.80907,10.131,8.2854,-6.9286,-0.36925,-8.0654,-12.537,-1.4227,0.84725,-5.2367,8.2279,-10.089,10.236,-19.671,-2.7322,4.0574,20.682,-2.569,3.4733,-12.745,-2.7162,2.252,3.852,-7.3709,-8.727,-7.827,1.7842,13.007,6.1293,4.2516,-5.4902,-1.7193,-0.83725,5.1043,16.598,0,4.4432,8.9238,2.2889,23.794,-7.5096,-3.2374,-6.0673,-5.704,-4.6203,5.1019,-27.765,-13.563,-7.8345,-5.5981,5.011,9.7212,-10.762,-14.842,-9.8375,0.67938,-8.4879,-2.7077,-10.605,-1.5767,0.046994,-0.32537,-8.6732,-13.38,-6.2571,10.856,3.6309,3.7624,-10.718,-30.762,-6.1726,11.876,4.623,-5.9514,1.105,8.1716,-5.6914,1.6492,-15.295,5.5074,-10.131,-10.681,-10.578,3.4046,0.64437,-0.18431,-12.16,-9.0622,-0.080059,3.1551,4.4432,0,-7.4182,1.4503,9.1085,3.6719,-4.7022,0.60521,5.843,-10.62,-0.30958,-6.9835,-5.8612,-1.3421,-2.8235,6.0196,11.263,1.6189,-3.9768,3.3319,-9.0585,5.1403,-7.5413,-6.1731,-15.521,6.9547,-16.03,-1.9502,12.654,13.902,5.1133,-0.90167,14.493,4.5051,2.653,2.8103,8.4772,4.6259,-8.0061,-15.116,-4.6969,14.37,-4.8038,2.465,-4.5408,10.049,8.9797,9.6688,16.048,20.16,-4.63,8.6293,8.4852,0.57594,-2.8242,8.9238,-7.4182,0,9.4671,0.36448,6.0079,-8.6069,-20.805,-11.915,2.0805,14.44,-9.9489,-10.726,1.9472,4.9473,13.649,0.87595,-9.4042,-3.0047,4.0411,4.8881,-4.303,-4.9649,4.7158,-7.5378,12.225,-9.0399,-1.5012,0.16215,5.1331,-2.3377,-7.2481,0.63249,5.3552,-0.034596,8.4441,13.227,11.622,-3.47,-0.49284,1.5155,-2.8968,-7.4563,2.4608,3.2555,2.8852,-7.4618,4.8246,10.114,15.456,11.032,15.102,13.991,-16.342,-0.73062,2.2889,1.4503,9.4671,0,2.1239,5.8735,-8.3336,-13.685,0.72722,0.76141,19.556,-10.57,-1.0557,-3.618,0.82115,1.1211,-1.6059,4.174,8.8833,15.619,7.0981,2.1716,13.451,-1.0687,7.1931,-13.176,-12.094,3.292,-10.381,-10.231,1.0018,-9.9795,1.2829,-28.406,-4.5266,9.2583,16.466,0.38667,5.1566,-9.5731,-6.3035,-0.85939,-1.3328,-14.176,-12.404,-8.8701,-4.6302,7.0931,4.9713,1.5174,-5.2963,-5.6349,-6.7415,6.1758,30.054,23.794,9.1085,0.36448,2.1239,0,-13.492,-5.908,-1.9617,-3.9683,-1.4905,2.6213,-24.146,-13.221,-6.9932,-2.0208,-1.5973,9.888,-10.298,-7.0186,-6.6862,-0.76872,-3.3323,-38.594,-10.908,-28.583,30.954,3.3852,-7.9006,5.6361,8.6011,11.081,14.564,6.9373,15.147,-9.0547,-15.824,1.2284,2.6129,-20.34,4.4376,12.851,3.3484,0.44297,1.2428,14.414,3.5,-3.0428,-6.5474,4.3849,10.932,4.7132,4.5161,7.0522,-7.4538,-26.364,-7.5096,3.6719,6.0079,5.8735,-13.492,0,-5.1213,-11.007,-0.6736,-10.021,9.4065,3.8017,1.0465,1.6747,1.9233,14.347,-4.9082,7.6745,4.2759,13.77,2.1678,9.2999,8.5109,3.7305,8.2623,-5.0211,17.938,-7.2106,10.043,-4.9183,1.2445,-8.5573,-0.90315,-0.90974,7.7665,-4.5232,-6.8321,-9.3262,17.996,11.472,9.2096,-14.841,20.457,16.874,10.389,-8.2484,6.1776,1.5358,-19.739,-24.353,8.1082,0.8617,4.2814,-5.7322,-0.76897,-3.2374,-4.7022,-8.6069,-8.3336,-5.908,-5.1213,0,20.467,17.679,-1.166,-15.892,10.248,20.12,-2.6606,-19.305,-7.7396,0.45987,11.178,-8.5287,-14.146,-3.9751,-0.75385,12.2,5.6012,19.468,-13.189,14.138,-3.387,-2.0432,-6.6471,-3.9012,-4.4367,-6.1149,-5.2713,2.8582,-0.65906,-10.621,-3.9833,15.591,8.5939,2.0836,-12.383,8.7018,5.6334,4.1302,-5.8862,3.476,-6.7774,-15.602,-37.909,1.4474,-9.059,-7.3591,1.3435,3.8012,-6.0673,0.60521,-20.805,-13.685,-1.9617,-11.007,20.467,0,16.616,3.936,-32.756,12.345,12.533,3.0543,-8.0518,-11.199,4.5389,5.4585,-4.9904,-11.072,-10.952,-3.2493,3.424,3.0384,6.2107,-0.50908,12.653,-14.458,1.4417,-2.2423,1.7629,-7.4762,-0.73965,-0.66723,-1.9768,-2.5025,-0.54828,2.644,9.6391,12.79,12.501,-23.464,10.111,10.173,18.36,-7.1396,-0.75736,-7.3096,-9.0465,-13.973,12.393,-1.3505,2.3807,-12.483,-1.6575,-5.704,5.843,-11.915,0.72722,-3.9683,-0.6736,17.679,16.616,0,-0.83153,-11.413,6.8996,16.371,0.94428,-14.133,-5.0994,6.1208,15.492,-3.3117,-1.335,-9.8904,-8.8945,5.4176,11.193,9.3789,-8.0186,-8.4418,3.8682,-0.65292,11.675,-16.696,-4.1613,-3.1327,3.1846,9.6963,19.11,-7.9162,12.624,3.89,-8.8578,-21.278,6.0037,-14.834,4.9863,-9.8636,19.003,10.922,-2.5973,6.6683,-0.09402,-7.0747,-0.99266,-4.3668,4.9011,3.7551,-4.6203,-10.62,2.0805,0.76141,-1.4905,-10.021,-1.166,3.936,-0.83153,0,-5.6444,4.2495,-1.5562,16.041,12.349,-4.8892,3.7905,-9.3737,4.753,3.4411,-5.7724,1.7848,-8.6805,-0.54063,-14.605,14.867,-9.909,5.2168,0.55842,2.0361,1.0045,0.28761,1.1003,5.397,-0.58767,2.3316,11.797,2.3098,-9.6755,-2.7515,0.65102,4.9887,-6.6854,-3.5795,-1.8417,1.6912,-9.1249,9.5964,9.6956,25.108,5.1354,14.846,12.334,-7.1873,-2.3148,5.1019,-0.30958,14.44,19.556,2.6213,9.4065,-15.892,-32.756,-11.413,-5.6444,0,-12.968,-6.6566,-8.5596,3.8093,4.7428,-8.1221,0.055806,8.4756,11.325,16.745,-3.9165,-4.2603,4.0985,2.8963,2.4084,17.375,-0.65154,3.548,3.8919,-4.9238,8.8669,-6.5694,13.429,4.7466,-7.1159,-30.445,-2.5563,0.63883,11.276,3.0311,-1.9917,2.2088,10.117,8.096,5.5005,4.4615,-11.103,-10.872,-11.129,2.0209,-1.7772,-1.4293,-0.72265,-14.231,-27.765,-6.9835,-9.9489,-10.57,-24.146,3.8017,10.248,12.345,6.8996,4.2495,-12.968,0,15.262,8.46,1.6392,-4.5114,-6.7972,8.4432,5.3408,0.88035,-3.8239,3.5987,2.3031,10.9,5.0424,4.2236,24.526,-1.7303,5.9224,-4.385,-4.9957,-4.7073,-9.7872,8.8326,9.4518,-3.7532,-10.322,-6.7347,11.236,26.778,11.584,-18.234,10.76,18.962,15.132,-5.345,-2.6179,-0.16653,-21.343,-14.362,19.846,8.5975,10.584,-15.485,-7.1728,-13.563,-5.8612,-10.726,-1.0557,-13.221,1.0465,20.12,12.533,16.371,-1.5562,-6.6566,15.262,0,-4.717,-12.289,-12.931,-9.6841,25.956,4.7057,-2.1994,3.3462,-15.601,-6.2596,-3.479,-0.42685,-2.1476,-5.3069,-6.6062,0.3999,20.929,-1.5725,8.0336,6.3155,5.2029,-3.5474,2.1492,-7.6293,16.444,-7.5155,-9.5552,-8.9841,10.285,-10.958,0.88663,-1.4067,21.153,14.136,-16.627,10.795,1.8087,-12.783,-10.278,-10.675,8.224,-5.8164,-7.8345,-1.3421,1.9472,-3.618,-6.9932,1.6747,-2.6606,3.0543,0.94428,16.041,-8.5596,8.46,-4.717,0,14.432,7.9994,10.043,-8.9796,-0.278,7.1314,-17.902,-14.408,-7.2421,0.5553,-2.4743,0.88021,-12.3,8.2049,-7.2776,11.884,-8.0319,12.074,-1.7771,6.2086,-1.6699,6.4307,-5.5815,11.705,-13.864,-11.588,-17.806,20.404,-30.668,-8.3241,-12.092,22.122,2.3142,-7.3712,14.946,11.934,-13.802,-4.1705,-8.933,10.839,-2.6888,-5.5981,-2.8235,4.9473,0.82115,-2.0208,1.9233,-19.305,-8.0518,-14.133,12.349,3.8093,1.6392,-12.289,14.432,0,4.434,-0.72203,-13.635,10.517,12.775,-1.3994,-2.0111,-16.97,-28.863,-21.212,7.4064,-7.8409,-13.12,6.2491,12.934,20.527,10.66,27.567,1.3718,-14.129,-10.04,7.6952,6.1886,-19.491,-11.559,3.0137,12.669,-0.85405,-4.7896,3.103,5.7922,7.5545,-5.3365,15.332,12.794,-9.4515,-5.4515,-2.503,4.9332,-8.3996,5.011,6.0196,13.649,1.1211,-1.5973,14.347,-7.7396,-11.199,-5.0994,-4.8892,4.7428,-4.5114,-12.931,7.9994,4.434,0,9.2556,-7.4889,-8.8632,4.9963,-7.3013,-6.0049,3.306,-9.9768,2.6153,-10.052,-8.3611,-15.266,-2.162,4.5038,8.6175,-3.5238,14.572,-13.741,-11.619,2.2043,9.3189,10.874,0.061385,-12.185,-2.4463,0.73673,-0.0067495,-5.1458,-0.90105,0.22673,8.4534,-7.2985,9.6674,-1.1973,-9.9093,-15.845,-11.818,6.6938,7.7846,9.7212,11.263,0.87595,-1.6059,9.888,-4.9082,0.45987,4.5389,6.1208,3.7905,-8.1221,-6.7972,-9.6841,10.043,-0.72203,9.2556,0,-9.669,-15.836,-2.7955,-25.146,1.7951,-3.0112,5.4925,-1.1596,11.282,21.259,-4.0001,2.7404,-6.2079,0.3242,-2.0366,-7.5147,8.3316,1.5323,-7.8875,-2.7398,-5.3015,4.4652,35.65,21.747,-21.087,10.807,10.672,23.324,-9.5029,-10.369,-1.3042,-15.178,-7.1493,30.699,9.5811,12.849,-23.837,-9.2914,-10.762,1.6189,-9.4042,4.174,-10.298,7.6745,11.178,5.4585,15.492,-9.3737,0.055806,8.4432,25.956,-8.9796,-13.635,-7.4889,-9.669,0,6.1469,2.6591,5.2983,-9.9706,-5.1748,14.207,-0.048866,9.5561,0.85986,12.826,-7.914,1.3491,-16.745,4.3581,-18.015,14.171,4.6291,5.9334,-6.8999,4.777,-4.4876,7.3746,-3.4563,-0.10848,-13.982,0.21727,-0.65546,7.1175,-12.054,-2.4894,0.30096,5.9442,7.445,9.4405,4.7246,-7.134,-5.7562,-14.842,-3.9768,-3.0047,8.8833,-7.0186,4.2759,-8.5287,-4.9904,-3.3117,4.753,8.4756,5.3408,4.7057,-0.278,10.517,-8.8632,-15.836,6.1469,0,17.178,10.673,-18.566,-16.704,1.1985,-10.055,16.484,-5.5066,-0.86048,-4.8251,11.775,-3.3943,7.8012,-1.3667,13.849,-5.9364,2.1776,1.4128,17.798,-16,0.17286,-0.41155,3.7377,-16.518,-1.8256,4.2296,11.904,-6.5596,-9.1382,12.457,15.882,3.5177,4.7599,3.149,-7.3883,-10.567,-9.8375,3.3319,4.0411,15.619,-6.6862,13.77,-14.146,-11.072,-1.335,3.4411,11.325,0.88035,-2.1994,7.1314,12.775,4.9963,-2.7955,2.6591,17.178,0,1.0845,10.642,-0.13338,8.3905,-3.9076,8.2613,0.90355,15.903,2.2432,-6.6406,-6.043,-2.4901,-9.5609,6.2312,10.992,1.8742,0.60512,-10.395,1.1738,5.8424,0.94432,-0.16465,-0.027957,2.0899,-3.0698,-3.2301,-9.9459,17.677,-4.7192,6.0972,9.5789,21.128,15.53,-7.1075,-0.80907,0.67938,-9.0585,4.8881,7.0981,-0.76872,2.1678,-3.9751,-10.952,-9.8904,-5.7724,16.745,-3.8239,3.3462,-17.902,-1.3994,-7.3013,-25.146,5.2983,10.673,1.0845,0
