0,-18.835,8.568,-3.0174,27.348,5.2924,24.62,18.942,-6.998,-1.3088,16.449,-0.11766,8.7359,10.233,-3.7971,0.09342,8.0361,-21.845,12.083,-2.6474,11.442,3.7638,16.183,-6.4295,-12.981,-22.581,-25.868,-14.522,-6.773,1.9105,4.2049,-5.7905,-4.1399,-22.319,6.416,6.4276,-23.699,-6.8237,-9.6632,-0.8627,3.7516,-5.6355,15.045,-10.444,-1.9595,3.0944,11.291,1.1379,12.074,-12.686,5.1625,-6.5019,-6.4346,3.7852,-10.68,-18.835,0,-5.6077,0.31148,-26.868,-1.8553,-26.234,-8.2679,4.9311,-9.4211,-14.651,7.7625,-17.087,-0.57017,11.275,4.2781,-3.4245,14.805,-4.9865,-8.8776,-7.1289,1.6719,-13.945,7.8815,2.8247,16.003,32.704,6.0081,6.3434,5.483,-6.9579,1.3879,2.7522,8.716,3.3187,-13.2,32.179,6.1217,-0.43417,-11.699,-15.471,5.0199,-8.5238,8.7471,-5.1324,3.5994,-10.158,2.2341,-14.287,22.716,-18.65,-3.8094,8.4952,-10.769,7.3906,8.568,-5.6077,0,10.547,3.6712,-2.9874,9.7498,24.157,-18.815,-12.808,-0.3646,-7.5795,-6.4588,22.543,8.6369,-0.45039,-2.5618,-1.6668,10.037,-1.2883,16.611,-0.77195,-7.2638,13.109,3.0157,1.6572,-5.9996,-6.612,-5.906,-7.3103,-9.0786,1.0454,-7.9114,-10.264,-8.0478,-5.7965,-2.0507,6.7679,-2.7713,-7.9439,1.4618,-0.855,-0.44269,4.6757,-16.018,10.024,-3.064,15.044,-7.6245,-13.144,-2.5699,-1.5015,8.447,-4.2978,-28.606,-3.0174,0.31148,10.547,0,-6.0114,-14.587,-3.3937,7.7462,-6.5536,-7.1187,-5.9755,-11.145,-5.425,7.6878,14.226,-0.39899,3.3847,11.992,9.238,-3.9265,4.3516,-11.11,-14.356,20.696,17.859,9.4281,1.1554,13.491,-4.8236,-28.6,-1.9143,-7.0032,3.8695,-3.5355,-21.542,-10.522,2.3385,6.0595,4.0652,-7.7661,-0.6938,13.606,-9.0502,19.9,-8.5174,3.6841,-5.0865,27.517,-9.816,-2.3059,1.1174,10.882,12.849,-10.119,-3.5021,27.348,-26.868,3.6712,-6.0114,0,6.6438,22.927,9.6359,-3.4356,7.0982,25.229,0.29284,18.316,1.0373,-13.681,-6.8762,6.4653,-23.444,5.4807,5.744,8.0242,3.2921,22.137,-13.166,-13.031,-24.797,-33.176,-13.763,-2.027,0.99822,11.031,-0.28563,-1.6018,-10.421,5.3123,17.399,-27.108,-12.773,-4.416,7.9788,9.2336,-11.056,10.597,-18.285,6.5929,-4.9549,17.381,-4.6188,22.572,-17.347,10.386,-3.2544,-12.358,6.1536,-6.9713,5.2924,-1.8553,-2.9874,-14.587,6.6438,0,7.7419,-2.2611,13.074,7.1682,12.667,20.311,-1.3984,-2.5474,-11.158,1.3655,-10.477,-19.451,-13.062,5.4599,11.057,40.276,6.8125,-17.003,-17.368,-2.4339,0.19019,-17.659,-6.198,10.121,2.1722,11.47,-16.388,3.1254,9.1106,10.586,-3.3885,-12.433,6.1457,2.161,-8.7765,-19.777,15.58,-16.015,8.5789,-8.6787,13.801,-14.517,5.8393,-5.0299,4.6541,-0.10962,-23.634,6.5901,-5.9173,24.62,-26.234,9.7498,-3.3937,22.927,7.7419,0,12.3,-5.2956,3.8446,12.729,-3.5488,7.2226,6.8905,-7.3348,1.7771,-1.3677,-22.688,4.0181,4.8937,13.51,5.2289,11.746,-7.1615,-6.8823,-14,-21.858,-13.62,-11.944,0.028209,-0.11452,0.14391,-11.802,-12.022,0.20106,8.3057,-24.593,-3.3669,-1.2577,5.2626,7.6185,-7.5443,16.754,-9.142,-0.21724,1.4178,8.1864,-2.788,8.3027,-21.276,12.354,0.13157,-8.8929,12.627,-14.903,18.942,-8.2679,24.157,7.7462,9.6359,-2.2611,12.3,0,-16.69,-13.809,5.154,-4.2429,-1.4805,27.025,8.2114,0.63533,6.6909,-6.5203,20.272,-7.8331,15.059,-0.62683,0.96919,7.5995,-3.5565,-6.9159,-12.233,-8.4266,-6.1416,-4.3053,-2.9282,-6.6767,-3.4313,-24.173,-0.753,-4.2837,-8.2192,1.4089,-10.285,-11.09,-0.16674,0.39495,4.6273,0.98763,-14.131,10.65,2.1764,15.284,-0.56681,-9.9314,-2.7182,-6.094,5.4274,-5.6445,-17.987,-6.998,4.9311,-18.815,-6.5536,-3.4356,13.074,-5.2956,-16.69,0,13.712,4.6505,15.47,-0.28869,-14.964,-8.0844,2.0513,-5.4557,-3.0714,-17.563,3.684,-1.4671,11.795,2.4206,-13.192,-4.1667,4.0408,8.4678,2.3666,-3.2931,2.7226,7.473,4.383,-2.8339,11.71,3.0681,6.5399,1.9655,-11.588,13.218,4.0688,-10.077,-3.989,5.5401,-4.6151,16.726,-15.604,9.0207,-12.505,4.0564,5.641,7.1673,9.3554,-16.552,3.6559,10.047,-1.3088,-9.4211,-12.808,-7.1187,7.0982,7.1682,3.8446,-13.809,13.712,0,9.7601,1.8225,14.72,-24.088,-26.103,-6.4289,-3.9378,-6.4507,-13.979,19.524,-3.0474,2.7318,9.5823,-18.93,-1.1762,-3.8036,-4.5394,1.1514,-0.010286,-1.6368,12.733,7.274,-0.072213,10.971,-1.9587,21.557,-8.072,-11.842,13.649,27.186,8.16,-7.6552,2.9583,-10.542,30.965,-21.963,10.971,-17.45,13.959,-6.2907,21.142,11.585,-19.186,12.519,6.786,16.449,-14.651,-0.3646,-5.9755,25.229,12.667,12.729,5.154,4.6505,9.7601,0,9.1525,13.9,-2.8384,-15.851,-10.112,4.6083,-22.152,0.02236,6.6083,10.449,9.5385,16.911,-17.244,-17.042,-14.317,-15.618,-13.213,-1.0489,0.19162,18.653,3.3873,-1.607,-4.34,6.1047,22.284,-15.726,-28.822,0.92807,5.8731,1.211,-15.929,9.1403,-21.947,13.031,-13.649,40.788,-5.8968,23.939,-13.346,9.9261,0.0075725,-20.62,1.1503,-4.5474,-0.11766,7.7625,-7.5795,-11.145,0.29284,20.311,-3.5488,-4.2429,15.47,1.8225,9.1525,0,-3.5907,-3.6443,-5.0773,-1.5958,-2.8517,-8.1028,-9.2854,-1.456,4.8253,23.108,3.5157,-11.341,-18.463,0.49535,6.5657,-10.314,1.7529,10.767,6.1323,7.2026,-4.3127,4.583,14.139,5.764,4.4286,-15.105,1.8512,-4.4911,-18.165,-12.903,6.0537,-11.608,7.8289,-9.1884,12.58,-8.4958,4.5311,4.4918,-4.249,-4.1385,-13.405,-4.6816,1.3059,8.7359,-17.087,-6.4588,-5.425,18.316,-1.3984,7.2226,-1.4805,-0.28869,14.72,13.9,-3.5907,0,-10.632,-17.915,-11.642,11.01,-7.6109,2.7579,8.7153,-5.2834,-6.0007,20.986,-13.667,-5.0555,-19.151,-19.098,-1.2274,6.4253,-0.95925,19.312,-1.9819,10.121,-1.919,3.2556,19.678,-16.37,-11.492,-2.6351,17.652,17.308,-4.5851,0.87266,-13.231,14.654,-9.9494,11.438,-7.4785,29.519,-7.3592,11.076,-0.4057,-8.8526,5.6743,5.9837,10.233,-0.57017,22.543,7.6878,1.0373,-2.5474,6.8905,27.025,-14.964,-24.088,-2.8384,-3.6443,-10.632,0,17.122,8.2315,2.1375,-2.0018,15.881,-13.721,12.113,0.56472,-4.8321,13.131,-0.67231,-0.78386,-3.2261,-5.894,-8.6396,-1.1385,-12.184,-7.3075,-6.8385,-19.534,-0.57625,-13.616,-1.4482,8.6729,-10.269,-19.308,-5.2618,4.4257,4.7977,6.918,-27.427,20.149,-5.1142,16.448,-9.2954,-2.9435,-7.8698,-7.0146,10.338,-5.2756,-16.335,-3.7971,11.275,8.6369,14.226,-13.681,-11.158,-7.3348,8.2114,-8.0844,-26.103,-15.851,-5.0773,-17.915,17.122,0,11.107,2.9556,12.575,11.42,-20.559,0.60795,-6.1093,-15.09,26.359,9.0926,9.1251,8.5186,7.8608,-4.3554,-4.1952,-13.657,-11.409,0.92064,-7.785,-4.5035,-39.594,9.1905,15.558,-6.3741,-25.087,-9.2096,17.742,-3.9497,23.683,-26.161,19.446,-14.991,21.785,-20.684,9.4497,-12.729,-2.3168,22.216,-10.446,-2.1693,0.09342,4.2781,-0.45039,-0.39899,-6.8762,1.3655,1.7771,0.63533,2.0513,-6.4289,-10.112,-1.5958,-11.642,8.2315,11.107,0,-3.638,-0.22261,1.4701,-12.916,-0.31455,2.5968,-2.2494,3.5667,2.6468,1.9488,5.3945,2.8041,-16.639,5.0935,-16.257,-10.066,-9.4926,-6.7496,1.3487,-15.047,-0.27701,12.12,-2.3882,-8.5574,-7.3976,11.237,12.693,9.7288,-11.022,14.9,-10.038,0.84801,-10.652,8.2335,-0.8237,0.19275,3.2749,8.4082,0.33933,8.0361,-3.4245,-2.5618,3.3847,6.4653,-10.477,-1.3677,6.6909,-5.4557,-3.9378,4.6083,-2.8517,11.01,2.1375,2.9556,-3.638,0,0.78993,20.28,-11.061,-6.2827,-11.337,9.6115,0.3795,-3.4757,-13.593,-9.7143,4.0663,6.1432,-1.8016,11.326,-19.145,20.293,-13.132,6.039,-0.35637,-7.0118,-4.4842,-15.943,-3.8349,3.1117,7.7947,-1.8223,-0.52813,-0.81858,2.5329,3.8297,7.3546,9.9802,4.3788,-3.001,-7.4741,4.2035,-8.0625,8.1045,-21.845,14.805,-1.6668,11.992,-23.444,-19.451,-22.688,-6.5203,-3.0714,-6.4507,-22.152,-8.1028,-7.6109,-2.0018,12.575,-0.22261,0.78993,0,0.92416,-3.7723,-12.198,-15.045,-18.538,18.029,20.319,16.216,14.547,21.704,7.671,-7.2457,-5.2706,-2.8418,10.946,7.8758,-9.5655,-13.876,18.247,12.728,1.5193,-4.2639,-0.38753,15.306,-22.787,20.458,-5.9995,4.3149,-17.592,9.6887,-14.503,12.343,-8.894,3.2772,20.127,-9.5648,8.7714,12.083,-4.9865,10.037,9.238,5.4807,-13.062,4.0181,20.272,-17.563,-13.979,0.02236,-9.2854,2.7579,15.881,11.42,1.4701,20.28,0.92416,0,-14.647,1.0269,-11.672,2.8705,9.5121,0.46751,-9.5368,-10.917,1.3068,-0.48863,-4.3576,-0.091924,-19.768,8.2097,-26.071,0.74991,-7.8596,-6.9459,4.2233,-18.802,-10.133,3.1699,10.336,-0.23219,5.3634,-13.464,13.623,-2.428,17.576,0.86103,-0.44551,-5.1459,-8.186,11.875,-7.3529,-2.9757,-2.6474,-8.8776,-1.2883,-3.9265,5.744,5.4599,4.8937,-7.8331,3.684,19.524,6.6083,-1.456,8.7153,-13.721,-20.559,-12.916,-11.061,-3.7723,-14.647,0,1.9014,2.4478,1.6375,-8.5746,1.7776,1.4651,-3.6391,-2.9862,3.1525,-3.8567,5.8439,19.846,-3.7073,14.33,-7.0229,18.695,-2.8319,-6.237,15.398,24.351,11.451,-13.58,-3.3982,-9.1164,15.401,-16.574,6.2602,-11.14,6.5569,-14.205,12.872,9.4398,-10.357,8.1646,-2.9056,11.442,-7.1289,16.611,4.3516,8.0242,11.057,13.51,15.059,-1.4671,-3.0474,10.449,4.8253,-5.2834,12.113,0.60795,-0.31455,-6.2827,-12.198,1.0269,1.9014,0,13.18,-1.8628,0.57951,-5.3975,0.58317,-5.3831,-12.77,-12.707,-5.1497,-1.4817,5.3555,-16.489,-6.5208,-3.8801,2.3,-5.7383,-5.537,4.8735,-5.9258,-6.4676,-9.2318,8.8001,-3.2934,-3.3894,-1.0786,9.5958,5.283,-0.97998,-16.434,4.4942,3.7429,-6.011,-1.6287,-26.124,3.7638,1.6719,-0.77195,-11.11,3.2921,40.276,5.2289,-0.62683,11.795,2.7318,9.5385,23.108,-6.0007,0.56472,-6.1093,2.5968,-11.337,-15.045,-11.672,2.4478,13.18,0,2.7273,-11.111,-15.757,0.78278,3.2916,-16.949,-6.6189,9.4797,-0.32193,11.124,-17.795,2.6768,8.4134,6.0478,0.069662,-9.9854,5.6088,-2.3939,-13.776,-16.986,13.422,-11.514,4.7177,-6.1054,11.043,-9.7568,1.7921,-3.1827,1.0768,-0.81349,-16.65,2.8607,-7.5679,16.183,-13.945,-7.2638,-14.356,22.137,6.8125,11.746,0.96919,2.4206,9.5823,16.911,3.5157,20.986,-4.8321,-15.09,-2.2494,9.6115,-18.538,2.8705,1.6375,-1.8628,2.7273,0,-22.036,-16.441,-34.163,-17.705,-9.0427,0.89626,8.7819,12.215,-4.1255,2.6255,-7.5529,14.16,15.339,-20.053,-12.327,-7.6925,9.1367,7.0542,-7.0026,12.595,-19.71,10.124,-4.6853,13.571,-11.873,28.905,-4.0649,7.4765,-6.6629,-14.115,9.1453,3.7044,-6.4295,7.8815,13.109,20.696,-13.166,-17.003,-7.1615,7.5995,-13.192,-18.93,-17.244,-11.341,-13.667,13.131,26.359,3.5667,0.3795,18.029,9.5121,-8.5746,0.57951,-11.111,-22.036,0,16.685,12.684,6.8947,9.6797,-0.71739,-10.097,-12.68,-5.328,2.3249,-3.2221,-12.153,-23.022,10.469,18.035,-2.4249,-13.393,-2.1126,14.492,-11.691,25.801,-21.451,14.253,-17.415,25.379,-21.916,3.5225,-9.9536,0.89415,30.9,-10.935,-4.6304,-12.981,2.8247,3.0157,17.859,-13.031,-17.368,-6.8823,-3.5565,-4.1667,-1.1762,-17.042,-18.463,-5.0555,-0.67231,9.0926,2.6468,-3.4757,20.319,0.46751,1.7776,-5.3975,-15.757,-16.441,16.685,0,13.991,6.3076,22.541,-2.2634,-16.144,-7.4132,-2.8347,3.2836,5.2888,-25.273,-10.497,6.2377,15.142,7.927,1.0828,5.4427,16.264,-12.117,24.086,-5.4826,3.9832,-15.651,9.7139,-13.807,1.6697,2.5898,13.246,14.091,-0.27512,2.528,-22.581,16.003,1.6572,9.4281,-24.797,-2.4339,-14,-6.9159,4.0408,-3.8036,-14.317,0.49535,-19.151,-0.78386,9.1251,1.9488,-13.593,16.216,-9.5368,1.4651,0.58317,0.78278,-34.163,12.684,13.991,0,24.292,9.2579,-0.80902,-6.7502,-9.1607,7.5458,-3.7468,14.109,-12.358,-10.32,22.251,8.0239,13.282,-5.4092,-8.8809,4.1959,-10.876,14.565,-3.8806,-0.40213,-9.996,5.4073,-21.976,5.3654,-4.6816,9.7517,7.4726,-6.3949,-0.53001,-25.868,32.704,-5.9996,1.1554,-33.176,0.19019,-21.858,-12.233,8.4678,-4.5394,-15.618,6.5657,-19.098,-3.2261,8.5186,5.3945,-9.7143,14.547,-10.917,-3.6391,-5.3831,3.2916,-17.705,6.8947,6.3076,24.292,0,7.658,2.4406,2.6854,-8.4509,4.8447,-1.3282,14.15,-1.3958,-11.215,30.422,6.6615,6.4826,-7.2692,-14.133,4.2334,-7.4573,10.053,-2.6043,0.79088,-10.286,0.039912,-17.059,16.474,-10.325,2.4279,5.5994,-5.8836,6.21,-14.522,6.0081,-6.612,13.491,-13.763,-17.659,-13.62,-8.4266,2.3666,1.1514,-13.213,-10.314,-1.2274,-5.894,7.8608,2.8041,4.0663,21.704,1.3068,-2.9862,-12.77,-16.949,-9.0427,9.6797,22.541,9.2579,7.658,0,0.71876,-12.172,0.028694,-9.1244,11.609,5.105,-12.389,-8.9872,5.8532,7.5719,4.9664,0.2221,1.8529,22.66,-11.043,19.321,-0.35262,0.53497,-10.037,7.1171,-6.9264,9.8984,1.8428,11.254,10.101,-2.8121,14.373,-6.773,6.3434,-5.906,-4.8236,-2.027,-6.198,-11.944,-6.1416,-3.2931,-0.010286,-1.0489,1.7529,6.4253,-8.6396,-4.3554,-16.639,6.1432,7.671,-0.48863,3.1525,-12.707,-6.6189,0.89626,-0.71739,-2.2634,-0.80902,2.4406,0.71876,0,4.7763,7.4331,4.9628,17.116,7.8356,6.4204,4.6104,8.8153,-2.7371,-6.2236,4.0597,5.064,-3.9943,-17.542,-5.2727,4.8579,-4.5552,-0.93108,-2.6991,4.7845,5.7708,-11.028,-10.121,4.2339,-9.4311,8.5388,1.9105,5.483,-7.3103,-28.6,0.99822,10.121,0.028209,-4.3053,2.7226,-1.6368,0.19162,10.767,-0.95925,-1.1385,-4.1952,5.0935,-1.8016,-7.2457,-4.3576,-3.8567,-5.1497,9.4797,8.7819,-10.097,-16.144,-6.7502,2.6854,-12.172,4.7763,0,-3.7793,2.8023,-3.4429,-0.011137,27.727,1.5855,2.1431,-0.35284,-10.04,-0.43489,-3.6831,-7.5459,7.8915,-11.028,0.24509,3.8474,-0.67499,-14.556,3.0831,8.0205,-9.1029,-18.615,-4.7301,5.3257,2.914,4.2049,-6.9579,-9.0786,-1.9143,11.031,2.1722,-0.11452,-2.9282,7.473,12.733,18.653,6.1323,19.312,-12.184,-13.657,-16.257,11.326,-5.2706,-0.091924,5.8439,-1.4817,-0.32193,12.215,-12.68,-7.4132,-9.1607,-8.4509,0.028694,7.4331,-3.7793,0,-0.084346,11.702,1.7689,3.466,18.302,-7.669,-26.531,1.7671,8.108,3.0327,-6.2742,-1.6489,-12.13,20.341,-20.317,21.568,-4.1305,23.895,-3.4909,7.5202,2.6078,-11.857,-4.1321,7.7479,-5.7905,1.3879,1.0454,-7.0032,-0.28563,11.47,0.14391,-6.6767,4.383,7.274,3.3873,7.2026,-1.9819,-7.3075,-11.409,-10.066,-19.145,-2.8418,-19.768,19.846,5.3555,11.124,-4.1255,-5.328,-2.8347,7.5458,4.8447,-9.1244,4.9628,2.8023,-0.084346,0,-8.7999,17.352,-1.4408,10.361,6.5912,-4.6652,12.179,8.3779,0.25634,-20.968,-3.8108,-9.0483,8.1277,-11.339,3.9301,-10.102,-0.30769,-7.7679,1.0398,2.5558,-7.8647,1.7465,-6.8508,-4.1399,2.7522,-7.9114,3.8695,-1.6018,-16.388,-11.802,-3.4313,-2.8339,-0.072213,-1.607,-4.3127,10.121,-6.8385,0.92064,-9.4926,20.293,10.946,8.2097,-3.7073,-16.489,-17.795,2.6255,2.3249,3.2836,-3.7468,-1.3282,11.609,17.116,-3.4429,11.702,-8.7999,0,0.32654,1.6464,0.27489,2.1696,-2.1143,-7.6599,1.4627,5.7893,8.0775,-14.252,2.1085,3.4658,-2.2858,-0.95862,4.4061,6.1127,8.5279,-4.805,-3.7116,7.1863,-10.079,16.532,-22.319,8.716,-10.264,-3.5355,-10.421,3.1254,-12.022,-24.173,11.71,10.971,-4.34,4.583,-1.919,-19.534,-7.785,-6.7496,-13.132,7.8758,-26.071,14.33,-6.5208,2.6768,-7.5529,-3.2221,5.2888,14.109,14.15,5.105,7.8356,-0.011137,1.7689,17.352,0.32654,0,-4.2968,5.2411,13.215,-1.7823,16.621,9.8284,-0.43175,-5.4604,-10.251,-0.81032,12.115,-13.666,-1.432,-10.082,-2.781,3.3612,1.2625,8.1791,-3.9228,0.84329,7.0636,6.416,3.3187,-8.0478,-21.542,5.3123,9.1106,0.20106,-0.753,3.0681,-1.9587,6.1047,14.139,3.2556,-0.57625,-4.5035,1.3487,6.039,-9.5655,0.74991,-7.0229,-3.8801,8.4134,14.16,-12.153,-25.273,-12.358,-1.3958,-12.389,6.4204,27.727,3.466,-1.4408,1.6464,-4.2968,0,3.9299,-1.2695,-6.769,-14.371,-2.5921,-5.0586,-7.3917,8.0984,-14.387,2.2603,1.2531,5.4811,-10.181,9.1038,7.6198,-8.8026,-21.408,-6.3932,0.17651,4.5372,6.4276,-13.2,-5.7965,-10.522,17.399,10.586,8.3057,-4.2837,6.5399,21.557,22.284,5.764,19.678,-13.616,-39.594,-15.047,-0.35637,-13.876,-7.8596,18.695,2.3,6.0478,15.339,-23.022,-10.497,-10.32,-11.215,-8.9872,4.6104,1.5855,18.302,10.361,0.27489,5.2411,3.9299,0,-10.705,-20.952,5.5199,19.483,8.2175,-19.264,3.2658,-25.545,24.892,-21.687,20.863,-14.965,24.827,-12.201,12.462,2.2197,-21.971,6.2023,0.22379,-23.699,32.179,-2.0507,2.3385,-27.108,-3.3885,-24.593,-8.2192,1.9655,-8.072,-15.726,4.4286,-16.37,-1.4482,9.1905,-0.27701,-7.0118,18.247,-6.9459,-2.8319,-5.7383,0.069662,-20.053,10.469,6.2377,22.251,30.422,5.8532,8.8153,2.1431,-7.669,6.5912,2.1696,13.215,-1.2695,-10.705,0,7.4499,2.7091,-7.7479,-9.8808,2.5893,-14.678,9.022,-4.7006,1.8813,-11.575,2.9609,-16.493,13.647,-16.833,-1.7057,10.206,-11.245,3.9324,-6.8237,6.1217,6.7679,6.0595,-12.773,-12.433,-3.3669,1.4089,-11.588,-11.842,-28.822,-15.105,-11.492,8.6729,15.558,12.12,-4.4842,12.728,4.2233,-6.237,-5.537,-9.9854,-12.327,18.035,15.142,8.0239,6.6615,7.5719,-2.7371,-0.35284,-26.531,-4.6652,-2.1143,-1.7823,-6.769,-20.952,7.4499,0,-3.8671,-5.2776,2.9327,14.216,-4.5056,18.699,-19.792,22.069,-40.822,7.3527,-20.966,5.7964,-7.2743,-1.7625,21.449,2.5957,-1.7981,-9.6632,-0.43417,-2.7713,4.0652,-4.416,6.1457,-1.2577,-10.285,13.218,13.649,0.92807,1.8512,-2.6351,-10.269,-6.3741,-2.3882,-15.943,1.5193,-18.802,15.398,4.8735,5.6088,-7.6925,-2.4249,7.927,13.282,6.4826,4.9664,-6.2236,-10.04,1.7671,12.179,-7.6599,16.621,-14.371,5.5199,2.7091,-3.8671,0,8.1847,-1.6623,-3.8608,-1.5986,1.8526,10.651,-14.705,3.6524,-4.4062,-2.8995,-5.8992,13.453,27.495,-8.3346,4.387,-0.88643,-0.8627,-11.699,-7.9439,-7.7661,7.9788,2.161,5.2626,-11.09,4.0688,27.186,5.8731,-4.4911,17.652,-19.308,-25.087,-8.5574,-3.8349,-4.2639,-10.133,24.351,-5.9258,-2.3939,9.1367,-13.393,1.0828,-5.4092,-7.2692,0.2221,4.0597,-0.43489,8.108,8.3779,1.4627,9.8284,-2.5921,19.483,-7.7479,-5.2776,8.1847,0,18.723,-7.3788,-0.70366,-10.018,18.407,-13.107,4.8929,-16.137,12.249,-8.3293,15.435,6.42,-10.577,14.546,4.5559,3.7516,-15.471,1.4618,-0.6938,9.2336,-8.7765,7.6185,-0.16674,-10.077,8.16,1.211,-18.165,17.308,-5.2618,-9.2096,-7.3976,3.1117,-0.38753,3.1699,11.451,-6.4676,-13.776,7.0542,-2.1126,5.4427,-8.8809,-14.133,1.8529,5.064,-3.6831,3.0327,0.25634,5.7893,-0.43175,-5.0586,8.2175,-9.8808,2.9327,-1.6623,18.723,0,-0.016799,-4.1694,-3.2139,3.6912,-0.77042,-2.0199,-3.1993,7.8739,-9.6043,8.3681,0.71965,1.45,9.3862,0.55584,-5.6355,5.0199,-0.855,13.606,-11.056,-19.777,-7.5443,0.39495,-3.989,-7.6552,-15.929,-12.903,-4.5851,4.4257,17.742,11.237,7.7947,15.306,10.336,-13.58,-9.2318,-16.986,-7.0026,14.492,16.264,4.1959,4.2334,22.66,-3.9943,-7.5459,-6.2742,-20.968,8.0775,-5.4604,-7.3917,-19.264,2.5893,14.216,-3.8608,-7.3788,-0.016799,0,-4.1689,25.371,-10.538,12.11,-14.803,12.698,-9.9531,11.273,-2.328,3.5787,16.498,-2.308,8.4291,15.045,-8.5238,-0.44269,-9.0502,10.597,15.58,16.754,4.6273,5.5401,2.9583,9.1403,6.0537,0.87266,4.7977,-3.9497,12.693,-1.8223,-22.787,-0.23219,-3.3982,8.8001,13.422,12.595,-11.691,-12.117,-10.876,-7.4573,-11.043,-17.542,7.8915,-1.6489,-3.8108,-14.252,-10.251,8.0984,3.2658,-14.678,-4.5056,-1.5986,-0.70366,-4.1694,-4.1689,0,-7.7176,0.6401,2.1664,7.821,-7.3485,5.724,-4.1444,8.0821,-1.0679,-13.319,13.355,-5.1183,-10.444,8.7471,4.6757,19.9,-18.285,-16.015,-9.142,0.98763,-4.6151,-10.542,-21.947,-11.608,-13.231,6.918,23.683,9.7288,-0.52813,20.458,5.3634,-9.1164,-3.2934,-11.514,-19.71,25.801,24.086,14.565,10.053,19.321,-5.2727,-11.028,-12.13,-9.0483,2.1085,-0.81032,-14.387,-25.545,9.022,18.699,1.8526,-10.018,-3.2139,25.371,-7.7176,0,-14.24,11.546,-18.956,16.747,-22.233,7.7895,-4.1016,6.9558,20.365,-4.9662,1.7532,-1.9595,-5.1324,-16.018,-8.5174,6.5929,8.5789,-0.21724,-14.131,16.726,30.965,13.031,7.8289,14.654,-27.427,-26.161,-11.022,-0.81858,-5.9995,-13.464,15.401,-3.3894,4.7177,10.124,-21.451,-5.4826,-3.8806,-2.6043,-0.35262,4.8579,0.24509,20.341,8.1277,3.4658,12.115,2.2603,24.892,-4.7006,-19.792,10.651,18.407,3.6912,-10.538,0.6401,-14.24,0,-33.409,15.997,-16.586,17.416,-3.255,12.652,7.3506,-20.874,5.0245,9.0401,3.0944,3.5994,10.024,3.6841,-4.9549,-8.6787,1.4178,10.65,-15.604,-21.963,-13.649,-9.1884,-9.9494,20.149,19.446,14.9,2.5329,4.3149,13.623,-16.574,-1.0786,-6.1054,-4.6853,14.253,3.9832,-0.40213,0.79088,0.53497,-4.5552,3.8474,-20.317,-11.339,-2.2858,-13.666,1.2531,-21.687,1.8813,22.069,-14.705,-13.107,-0.77042,12.11,2.1664,11.546,-33.409,0,-17.911,10.21,-12.759,5.4894,-11.096,-10.022,17.956,-0.13325,-4.8706,11.291,-10.158,-3.064,-5.0865,17.381,13.801,8.1864,2.1764,9.0207,10.971,40.788,12.58,11.438,-5.1142,-14.991,-10.038,3.8297,-17.592,-2.428,6.2602,9.5958,11.043,13.571,-17.415,-15.651,-9.996,-10.286,-10.037,-0.93108,-0.67499,21.568,3.9301,-0.95862,-1.432,5.4811,20.863,-11.575,-40.822,3.6524,4.8929,-2.0199,-14.803,7.821,-18.956,15.997,-17.911,0,-6.0817,20.972,-9.8671,9.7507,2.3174,-22.923,-0.62536,-2.0331,1.1379,2.2341,15.044,27.517,-4.6188,-14.517,-2.788,15.284,-12.505,-17.45,-5.8968,-8.4958,-7.4785,16.448,21.785,0.84801,7.3546,9.6887,17.576,-11.14,5.283,-9.7568,-11.873,25.379,9.7139,5.4073,0.039912,7.1171,-2.6991,-14.556,-4.1305,-10.102,4.4061,-10.082,-10.181,-14.965,2.9609,7.3527,-4.4062,-16.137,-3.1993,12.698,-7.3485,16.747,-16.586,10.21,-6.0817,0,-10.231,-0.13201,-6.1857,1.1914,18.055,-15.282,-5.9755,12.074,-14.287,-7.6245,-9.816,22.572,5.8393,8.3027,-0.56681,4.0564,13.959,23.939,4.5311,29.519,-9.2954,-20.684,-10.652,9.9802,-14.503,0.86103,6.5569,-0.97998,1.7921,28.905,-21.916,-13.807,-21.976,-17.059,-6.9264,4.7845,3.0831,23.895,-0.30769,6.1127,-2.781,9.1038,24.827,-16.493,-20.966,-2.8995,12.249,7.8739,-9.9531,5.724,-22.233,17.416,-12.759,20.972,-10.231,0,-6.7911,9.3923,-2.5928,-16.23,4.1449,4.3004,-12.686,22.716,-13.144,-2.3059,-17.347,-5.0299,-21.276,-9.9314,5.641,-6.2907,-13.346,4.4918,-7.3592,-2.9435,9.4497,8.2335,4.3788,12.343,-0.44551,-14.205,-16.434,-3.1827,-4.0649,3.5225,1.6697,5.3654,16.474,9.8984,5.7708,8.0205,-3.4909,-7.7679,8.5279,3.3612,7.6198,-12.201,13.647,5.7964,-5.8992,-8.3293,-9.6043,11.273,-4.1444,7.7895,-3.255,5.4894,-9.8671,-0.13201,-6.7911,0,-13.371,-5.7691,7.3987,-5.3777,18.066,5.1625,-18.65,-2.5699,1.1174,10.386,4.6541,12.354,-2.7182,7.1673,21.142,9.9261,-4.249,11.076,-7.8698,-12.729,-0.8237,-3.001,-8.894,-5.1459,12.872,4.4942,1.0768,7.4765,-9.9536,2.5898,-4.6816,-10.325,1.8428,-11.028,-9.1029,7.5202,1.0398,-4.805,1.2625,-8.8026,12.462,-16.833,-7.2743,13.453,15.435,8.3681,-2.328,8.0821,-4.1016,12.652,-11.096,9.7507,-6.1857,9.3923,-13.371,0,18.233,-13.889,14.452,-0.68592,-6.5019,-3.8094,-1.5015,10.882,-3.2544,-0.10962,0.13157,-6.094,9.3554,11.585,0.0075725,-4.1385,-0.4057,-7.0146,-2.3168,0.19275,-7.4741,3.2772,-8.186,9.4398,3.7429,-0.81349,-6.6629,0.89415,13.246,9.7517,2.4279,11.254,-10.121,-18.615,2.6078,2.5558,-3.7116,8.1791,-21.408,2.2197,-1.7057,-1.7625,27.495,6.42,0.71965,3.5787,-1.0679,6.9558,7.3506,-10.022,2.3174,1.1914,-2.5928,-5.7691,18.233,0,-4.52,4.2119,0.75709,-6.4346,8.4952,8.447,12.849,-12.358,-23.634,-8.8929,5.4274,-16.552,-19.186,-20.62,-13.405,-8.8526,10.338,22.216,3.2749,4.2035,20.127,11.875,-10.357,-6.011,-16.65,-14.115,30.9,14.091,7.4726,5.5994,10.101,4.2339,-4.7301,-11.857,-7.8647,7.1863,-3.9228,-6.3932,-21.971,10.206,21.449,-8.3346,-10.577,1.45,16.498,-13.319,20.365,-20.874,17.956,-22.923,18.055,-16.23,7.3987,-13.889,-4.52,0,-9.3425,-0.089452,3.7852,-10.769,-4.2978,-10.119,6.1536,6.5901,12.627,-5.6445,3.6559,12.519,1.1503,-4.6816,5.6743,-5.2756,-10.446,8.4082,-8.0625,-9.5648,-7.3529,8.1646,-1.6287,2.8607,9.1453,-10.935,-0.27512,-6.3949,-5.8836,-2.8121,-9.4311,5.3257,-4.1321,1.7465,-10.079,0.84329,0.17651,6.2023,-11.245,2.5957,4.387,14.546,9.3862,-2.308,13.355,-4.9662,5.0245,-0.13325,-0.62536,-15.282,4.1449,-5.3777,14.452,4.2119,-9.3425,0,-0.13083,-10.68,7.3906,-28.606,-3.5021,-6.9713,-5.9173,-14.903,-17.987,10.047,6.786,-4.5474,1.3059,5.9837,-16.335,-2.1693,0.33933,8.1045,8.7714,-2.9757,-2.9056,-26.124,-7.5679,3.7044,-4.6304,2.528,-0.53001,6.21,14.373,8.5388,2.914,7.7479,-6.8508,16.532,7.0636,4.5372,0.22379,3.9324,-1.7981,-0.88643,4.5559,0.55584,8.4291,-5.1183,1.7532,9.0401,-4.8706,-2.0331,-5.9755,4.3004,18.066,-0.68592,0.75709,-0.089452,-0.13083,0
