0,-9.3987,-21.784,-3.4775,4.0479,-3.3113,7.9689,-3.8702,9.6024,1.8268,3.1118,-3.0227,1.957,15.389,-9.5618,3.1543,-12.807,-6.6674,3.9259,-0.62952,0.84095,-9.3987,0,8.6577,7.5896,-9.104,-2.6888,-3.3765,7.5877,-12.481,-0.15451,-1.0631,2.4756,-1.919,-9.0524,6.128,-0.52987,10.807,9.2563,-5.17,-3.4743,2.9163,-21.784,8.6577,0,3.3698,-3.4993,4.4007,-6.9212,2.5829,-9.0518,-3.235,-4.6362,1.6852,-0.84193,-16.941,10.094,-3.0576,11.362,6.7838,-5.5906,0.66017,-0.31441,-3.4775,7.5896,3.3698,0,-9.1741,-7.3789,-3.0526,9.641,-8.9289,-0.49457,1.1035,1.9598,-1.2216,-2.1544,3.6914,-0.34567,4.8652,9.7414,-1.6396,-0.73357,2.4721,4.0479,-9.104,-3.4993,-9.1741,0,5.0758,3.1064,-13.237,7.8076,-2.4134,-3.0465,-3.6249,0.3043,2.4431,-1.8453,1.2966,-5.7989,-6.773,0.95003,3.927,0.40869,-3.3113,-2.6888,4.4007,-7.3789,5.0758,0,-0.68706,-6.4209,2.9561,-4.6705,-5.5239,-3.1806,2.8738,-4.8009,2.4247,-0.69267,0.29745,-3.3666,-3.8553,2.9958,-3.2961,7.9689,-3.3765,-6.9212,-3.0526,3.1064,-0.68706,0,-3.8349,4.1652,0.25768,-0.52319,-5.0211,0.74565,4.608,-5.2073,2.9863,-7.0621,-2.9797,-2.1367,-0.51614,2.5531,-3.8702,7.5877,2.5829,9.641,-13.237,-6.4209,-3.8349,0,-6.695,4.0828,4.9355,5.3767,-1.5663,-1.7325,1.2504,-1.538,5.0805,5.1476,0.71545,-1.9387,-1.8005,9.6024,-12.481,-9.0518,-8.9289,7.8076,2.9561,4.1652,-6.695,0,-0.42079,0.074932,-4.4888,4.7948,6.7076,-7.5192,4.5103,-12.831,-16.073,3.6551,1.7808,-1.6585,1.8268,-0.15451,-3.235,-0.49457,-2.4134,-4.6705,0.25768,4.0828,-0.42079,0,11.573,11.654,-5.745,4.0107,-6.475,-4.0588,0.33531,-1.2772,4.8483,-2.7386,-5.614,3.1118,-1.0631,-4.6362,1.1035,-3.0465,-5.5239,-0.52319,4.9355,0.074932,11.573,0,9.0387,-5.6715,5.7935,-6.0115,-3.0531,0.12072,-0.5336,6.1015,-2.4668,-5.7332,-3.0227,2.4756,1.6852,1.9598,-3.6249,-3.1806,-5.0211,5.3767,-4.4888,11.654,9.0387,0,-8.6052,-0.030838,-1.0708,-7.0987,5.5673,2.5977,3.6193,-2.1883,-6.1705,1.957,-1.919,-0.84193,-1.2216,0.3043,2.8738,0.74565,-1.5663,4.7948,-5.745,-5.6715,-8.6052,0,-0.37918,-0.64897,5.9599,-5.412,-4.4682,-2.6162,2.9777,1.3269,15.389,-9.0524,-16.941,-2.1544,2.4431,-4.8009,4.608,-1.7325,6.7076,4.0107,5.7935,-0.030838,-0.37918,0,-8.9737,0.38037,-8.7216,-4.7563,7.2419,-0.95731,-0.40943,-9.5618,6.128,10.094,3.6914,-1.8453,2.4247,-5.2073,1.2504,-7.5192,-6.475,-6.0115,-1.0708,-0.64897,-8.9737,0,-2.4466,8.0687,7.8122,-4.5292,1.0928,3.518,3.1543,-0.52987,-3.0576,-0.34567,1.2966,-0.69267,2.9863,-1.538,4.5103,-4.0588,-3.0531,-7.0987,5.9599,0.38037,-2.4466,0,-4.6811,-3.7405,-1.6156,1.8118,2.949,-12.807,10.807,11.362,4.8652,-5.7989,0.29745,-7.0621,5.0805,-12.831,0.33531,0.12072,5.5673,-5.412,-8.7216,8.0687,-4.6811,0,9.9787,-3.0265,-2.3369,-0.14333,-6.6674,9.2563,6.7838,9.7414,-6.773,-3.3666,-2.9797,5.1476,-16.073,-1.2772,-0.5336,2.5977,-4.4682,-4.7563,7.8122,-3.7405,9.9787,0,-3.6089,-1.7504,2.708,3.9259,-5.17,-5.5906,-1.6396,0.95003,-3.8553,-2.1367,0.71545,3.6551,4.8483,6.1015,3.6193,-2.6162,7.2419,-4.5292,-1.6156,-3.0265,-3.6089,0,0.043689,-2.7502,-0.62952,-3.4743,0.66017,-0.73357,3.927,2.9958,-0.51614,-1.9387,1.7808,-2.7386,-2.4668,-2.1883,2.9777,-0.95731,1.0928,1.8118,-2.3369,-1.7504,0.043689,0,-3.2444,0.84095,2.9163,-0.31441,2.4721,0.40869,-3.2961,2.5531,-1.8005,-1.6585,-5.614,-5.7332,-6.1705,1.3269,-0.40943,3.518,2.949,-0.14333,2.708,-2.7502,-3.2444,0
