0,-5.529,-7.1372,-5.3621,2.3668,2.5252,9.6322,-6.1174,1.4431,0.16513,-2.3664,2.3611,0.6012,6.5755,-5.2803,-0.21508,-6.3823,-3.0066,-4.4691,4.7352,4.4658,-5.529,0,3.9513,8.2789,-7.6368,-10.701,-4.0598,13.991,-6.5856,0.037493,1.4694,-2.5488,-0.10422,-1.7357,7.2057,-1.3171,0.76928,-3.7269,8.5275,-0.93433,-4.7242,-7.1372,3.9513,0,2.5717,-1.5167,-3.5962,-4.4912,5.9047,-4.3575,2.6048,0.11862,-1.1261,-1.8592,-0.95574,1.1471,0.60407,3.8156,3.1771,5.2004,0.72792,-1.9529,-5.3621,8.2789,2.5717,0,-3.9525,-4.3349,-3.814,6.7513,-5.0135,-5.5015,0.060095,-4.0458,-0.95873,-0.23754,4.5247,0.53835,0.75176,-1.0571,2.2696,-2.2655,-2.5831,2.3668,-7.6368,-1.5167,-3.9525,0,5.6522,3.374,-9.4669,-0.19269,-3.7872,-2.5573,-0.56797,-3.1314,1.4571,-6.6173,4.5795,1.0487,3.0705,-7.5648,2.1214,7.5882,2.5252,-10.701,-3.5962,-4.3349,5.6522,0,1.2923,-8.3783,7.7203,-3.3551,0.43822,2.2645,2.2333,-2.0251,-5.3416,-1.1331,0.18105,3.4309,-6.9286,-2.6298,1.3743,9.6322,-4.0598,-4.4912,-3.814,3.374,1.2923,0,-5.1298,-2.4089,-0.55697,-3.2941,0.69391,-0.53469,4.2804,-4.9204,0.82635,-5.0795,-1.6,-5.2727,9.1386,4.2762,-6.1174,13.991,5.9047,6.7513,-9.4669,-8.3783,-5.1298,0,-4.8321,2.0815,-0.55204,-3.1357,0.28749,-0.81226,5.0709,-1.4166,0.44459,-2.7926,14.281,-0.90609,-6.9616,1.4431,-6.5856,-4.3575,-5.0135,-0.19269,7.7203,-2.4089,-4.8321,0,1.5373,3.4923,4.1941,2.8452,-3.1275,-1.0562,-2.5601,0.77873,2.2131,-2.7778,-6.3529,-1.6029,0.16513,0.037493,2.6048,-5.5015,-3.7872,-3.3551,-0.55697,2.0815,1.5373,0,0.82361,2.8653,-0.63914,0.43853,0.49903,-2.309,0.32551,1.0091,4.8534,1.3504,-1.9953,-2.3664,1.4694,0.11862,0.060095,-2.5573,0.43822,-3.2941,-0.55204,3.4923,0.82361,0,6.0933,0.61225,-6.4813,5.4848,-4.9648,5.6575,1.9421,-1.4098,-4.3195,-1.8129,2.3611,-2.5488,-1.1261,-4.0458,-0.56797,2.2645,0.69391,-3.1357,4.1941,2.8653,6.0933,0,-2.1532,-1.4492,-0.60192,-3.3111,1.9818,1.057,-2.9437,-0.89364,-1.4023,0.6012,-0.10422,-1.8592,-0.95873,-3.1314,2.2333,-0.53469,0.28749,2.8452,-0.63914,0.61225,-2.1532,0,-3.456,0.53033,-4.7314,-3.9569,-1.5007,0.529,-3.4007,-0.16676,6.5755,-1.7357,-0.95574,-0.23754,1.4571,-2.0251,4.2804,-0.81226,-3.1275,0.43853,-6.4813,-1.4492,-3.456,0,-4.2949,5.6532,-3.1151,-1.0344,0.26244,6.1725,3.0903,-5.2803,7.2057,1.1471,4.5247,-6.6173,-5.3416,-4.9204,5.0709,-1.0562,0.49903,5.4848,-0.60192,0.53033,-4.2949,0,-1.6376,3.5926,-1.0977,3.2881,-2.5256,-4.3149,-0.21508,-1.3171,0.60407,0.53835,4.5795,-1.1331,0.82635,-1.4166,-2.5601,-2.309,-4.9648,-3.3111,-4.7314,5.6532,-1.6376,0,1.5811,1.8789,-0.9065,3.3741,3.0122,-6.3823,0.76928,3.8156,0.75176,1.0487,0.18105,-5.0795,0.44459,0.77873,0.32551,5.6575,1.9818,-3.9569,-3.1151,3.5926,1.5811,0,7.016,0.028975,-1.5107,0.77062,-3.0066,-3.7269,3.1771,-1.0571,3.0705,3.4309,-1.6,-2.7926,2.2131,1.0091,1.9421,1.057,-1.5007,-1.0344,-1.0977,1.8789,7.016,0,-2.5865,-0.92439,2.9295,-4.4691,8.5275,5.2004,2.2696,-7.5648,-6.9286,-5.2727,14.281,-2.7778,4.8534,-1.4098,-2.9437,0.529,0.26244,3.2881,-0.9065,0.028975,-2.5865,0,-0.2204,-6.3491,4.7352,-0.93433,0.72792,-2.2655,2.1214,-2.6298,9.1386,-0.90609,-6.3529,1.3504,-4.3195,-0.89364,-3.4007,6.1725,-2.5256,3.3741,-1.5107,-0.92439,-0.2204,0,3.5153,4.4658,-4.7242,-1.9529,-2.5831,7.5882,1.3743,4.2762,-6.9616,-1.6029,-1.9953,-1.8129,-1.4023,-0.16676,3.0903,-4.3149,3.0122,0.77062,2.9295,-6.3491,3.5153,0
