0,-0.80004,-4.2709,-6.1833,0.32431,3.8865,9.7776,-2.8494,3.9464,-1.2817,-4.3046,-3.2641,5.2035,0.51959,0.56637,-1.188,-1.3799,1.0922,-3.3231,-8.6712,7.3213,-0.80004,0,7.6746,-6.1355,-3.9825,-0.96205,-2.3185,10.05,-5.8611,9.4552,7.5755,2.5873,6.4456,-3.1783,-10.478,-8.8568,3.8844,-12.753,8.7758,2.0315,-1.7457,-4.2709,7.6746,0,-1.221,-5.577,-3.8997,-2.4482,4.8713,-7.1043,4.3186,5.3637,1.5113,4.1637,-2.1071,-3.9337,-3.9475,5.5565,-4.4769,3.8057,2.9938,-1.5335,-6.1833,-6.1355,-1.221,0,0.99693,-3.0272,-2.5505,-2.5449,-0.47868,-6.8687,-3.1938,-1.2348,-9.2413,-0.82999,7.7468,5.8887,-1.664,6.9448,-3.9066,3.4837,-4.5202,0.32431,-3.9825,-5.577,0.99693,0,4.7625,1.2351,-6.5511,6.673,-2.8958,-2.9097,-2.4762,-4.2867,-1.0179,1.4009,4.9039,-4.3122,0.91444,-4.6015,3.8326,-0.61058,3.8865,-0.96205,-3.8997,-3.0272,4.7625,0,3.5276,-3.9407,4.9465,-2.8493,-4.0338,-5.6793,2.025,-2.0642,0.51905,2.9561,-2.8729,-0.23543,-2.1477,-1.7777,2.0683,9.7776,-2.3185,-2.4482,-2.5505,1.2351,3.5276,0,-5.661,5.8988,-3.9935,-4.8709,-5.9375,2.1406,0.90358,2.5881,0.33269,1.0196,2.8901,-5.5573,-5.7955,6.6315,-2.8494,10.05,4.8713,-2.5449,-6.5511,-3.9407,-5.661,0,-9.2021,9.1446,7.5439,6.6682,4.297,-2.784,-7.992,-7.053,1.3521,-8.3221,14.635,0.54249,-0.84333,3.9464,-5.8611,-7.1043,-0.47868,6.673,4.9465,5.8988,-9.2021,0,-4.0479,-2.9534,-3.0409,-3.2141,3.6317,2.7432,2.6252,-0.96279,4.3009,-6.4757,-1.2847,2.7765,-1.2817,9.4552,4.3186,-6.8687,-2.8958,-2.8493,-3.9935,9.1446,-4.0479,0,12.314,8.0241,5.3143,0.22684,-13.303,-8.1734,2.1576,-12.754,9.9834,1.9457,-0.26305,-4.3046,7.5755,5.3637,-3.1938,-2.9097,-4.0338,-4.8709,7.5439,-2.9534,12.314,0,9.4476,1.8554,-0.095115,-12.194,-8.6375,5.2465,-8.6104,9.0042,2.5777,-2.1637,-3.2641,2.5873,1.5113,-1.2348,-2.4762,-5.6793,-5.9375,6.6682,-3.0409,8.0241,9.4476,0,-0.23086,-0.10398,-6.5018,-6.2126,-0.47649,-4.1878,6.8974,-0.029553,-1.3654,5.2035,6.4456,4.1637,-9.2413,-4.2867,2.025,2.1406,4.297,-3.2141,5.3143,1.8554,-0.23086,0,-1.7479,-4.6624,-4.8254,1.7693,-5.4576,3.7662,-3.2331,6.1038,0.51959,-3.1783,-2.1071,-0.82999,-1.0179,-2.0642,0.90358,-2.784,3.6317,0.22684,-0.095115,-0.10398,-1.7479,0,0.83879,0.46812,2.3094,2.6594,-1.5322,-0.52918,1.6119,0.56637,-10.478,-3.9337,7.7468,1.4009,0.51905,2.5881,-7.992,2.7432,-13.303,-12.194,-6.5018,-4.6624,0.83879,0,8.965,-3.7236,14.708,-10.275,-0.84048,0.25588,-1.188,-8.8568,-3.9475,5.8887,4.9039,2.9561,0.33269,-7.053,2.6252,-8.1734,-8.6375,-6.2126,-4.8254,0.46812,8.965,0,-5.9388,6.9893,-7.0125,2.157,-0.00079196,-1.3799,3.8844,5.5565,-1.664,-4.3122,-2.8729,1.0196,1.3521,-0.96279,2.1576,5.2465,-0.47649,1.7693,2.3094,-3.7236,-5.9388,0,-2.0496,2.487,0.068127,-0.47107,1.0922,-12.753,-4.4769,6.9448,0.91444,-0.23543,2.8901,-8.3221,4.3009,-12.754,-8.6104,-4.1878,-5.4576,2.6594,14.708,6.9893,-2.0496,0,-9.9168,-2.7122,1.2701,-3.3231,8.7758,3.8057,-3.9066,-4.6015,-2.1477,-5.5573,14.635,-6.4757,9.9834,9.0042,6.8974,3.7662,-1.5322,-10.275,-7.0125,2.487,-9.9168,0,0.17508,-0.36785,-8.6712,2.0315,2.9938,3.4837,3.8326,-1.7777,-5.7955,0.54249,-1.2847,1.9457,2.5777,-0.029553,-3.2331,-0.52918,-0.84048,2.157,0.068127,-2.7122,0.17508,0,-7.3398,7.3213,-1.7457,-1.5335,-4.5202,-0.61058,2.0683,6.6315,-0.84333,2.7765,-0.26305,-2.1637,-1.3654,6.1038,1.6119,0.25588,-0.00079196,-0.47107,1.2701,-0.36785,-7.3398,0
