0,18.523,-1.5623,3.1571,-6.5166,-5.0451,-2.7178,19.132,-2.2212,23.864,18.302,17.764,-16.711,21.571,-8.0481,-15.3,-1.8746,3.2388,22.512,-23.638,-6.1227,20.044,-12.973,10.497,4.3097,16.143,-8.0857,-7.4243,12.116,-2.6374,10.22,-2.6562,-2.8262,-5.616,9.7163,23.432,-4.1522,0.77362,15.234,-0.48498,-3.5254,8.1445,-1.3669,-14.527,-14.035,16.818,-13.6,4.2315,-2.7174,-7.9256,4.3524,-7.127,2.3088,5.6244,6.2429,18.523,0,2.711,13.7,-7.6562,8.2035,3.8294,24.938,-1.2136,15.988,17.565,13.558,-13.746,20.25,-11.265,-9.5955,5.7035,13.571,20.18,-9.271,-8.2747,37.486,-2.0295,10.377,0.96658,9.5538,1.9405,-1.9273,-0.74934,-8.4701,5.5864,-0.38234,-9.2178,-5.4675,21.732,12.871,-7.1886,8.2232,11.497,-5.3083,2.0607,17.331,0.11832,-18.507,-18.608,10.749,-24.092,0.17476,1.7435,-20.899,-1.2967,-7.3234,4.8436,1.3239,7.8374,-1.5623,2.711,0,12.035,-3.404,6.2412,-10.2,2.5449,-3.5665,-1.0688,2.9595,1.3445,-5.8537,-0.036173,-3.103,-10.413,-8.6151,-0.32761,0.36236,12.326,3.055,4.2875,2.2688,2.9397,12.631,-4.8789,11.045,4.7872,-1.2974,1.7952,0.73036,-8.5568,7.4975,-2.7889,-1.2226,-10.604,0.16373,-2.6305,-7.0677,17.53,15.242,-1.4998,23.619,-7.358,7.4765,3.802,-3.381,4.6344,7.8728,-5.1488,-9.1309,-7.9035,17.286,-12.063,-8.9153,3.1571,13.7,12.035,0,-15.132,11.915,-3.0242,5.5063,-1.7211,6.8814,3.1774,3.8965,-9.463,9.4617,1.6401,-0.66127,10.158,7.207,7.2199,1.8896,-6.2332,13.337,7.9901,10.246,6.7063,-1.9372,7.8381,15.639,-2.8194,-7.3565,-4.29,-6.062,2.8974,1.2577,13.141,1.1765,0.87938,9.1476,7.5569,-1.7274,12.076,12.505,3.7781,-8.5404,-9.897,2.3105,-6.5953,0.016552,11.085,-13.068,-0.72168,1.0195,4.5717,-7.5095,1.9641,-6.5166,-7.6562,-3.404,-15.132,0,-6.246,1.9928,0.57332,15.5,-6.3073,1.9763,2.6915,16.001,-15.781,-1.5209,-0.7559,-10.071,-6.2445,-1.0523,7.2209,15.621,-9.9648,-4.5881,-1.3112,-0.49283,5.973,-5.6171,-8.6047,-2.0231,-4.3068,11.928,-2.3997,-2.917,-12.371,-15.47,-4.0138,-15.834,-15.485,-7.6033,5.4871,-13.619,-15.034,6.6328,12.183,13.418,3.9337,3.9603,8.0663,3.0929,0.75261,-8.145,-12.879,8.6547,11.349,5.8466,-5.0451,8.2035,6.2412,11.915,-6.246,0,13.026,2.7622,-7.9594,-6.2606,-0.46351,-6.7937,-1.6021,2.694,-9.3671,3.3013,9.6603,18.08,-4.5217,8.7984,-6.8475,7.7819,12.925,-5.4626,-7.9836,-11.298,27.372,2.5567,-25.392,-0.88156,-8.9798,9.1849,-11.367,4.2032,15.733,-8.5099,2.0856,18.606,-6.3292,-7.5855,13.215,12.321,-0.22896,-9.736,-4.9551,-8.6639,-11.222,-11.67,-1.8441,-7.6174,-7.9352,2.8889,-0.82333,-13.099,-5.3476,-2.7178,3.8294,-10.2,-3.0242,1.9928,13.026,0,3.9297,-2.9045,-8.4646,2.2832,-3.6857,7.4481,-1.7144,-10.628,8.6768,10.311,9.5696,-4.7177,-0.22338,-1.493,3.7672,1.6265,-6.5112,-15.103,-5.7835,9.0041,-7.382,-20.286,-3.8098,-1.7497,13.608,-18.425,-0.66551,11.236,-1.421,-2.6113,16.028,-2.6911,-19.329,-4.0392,5.1017,-9.409,-2.0899,-8.0428,-6.4897,-10.117,-8.5903,-8.5453,0.56476,-7.294,3.5419,-9.5234,-2.9251,-0.1597,19.132,24.938,2.5449,5.5063,0.57332,2.7622,3.9297,0,3.0535,11.541,39.92,23.381,-6.4242,10.057,-15.21,-13.441,-1.5266,5.0542,21.434,-8.1477,1.294,25.758,-11.424,12.903,5.2491,12.51,-0.69838,-8.5156,0.54354,-11.347,17.61,-4.651,-7.0725,-16.803,10.688,11.273,-15.948,1.9909,8.6352,-0.6456,-5.0543,5.2339,5.6498,-12.713,-11.045,20.805,-26.024,8.003,2.6725,-13.786,-8.1336,-17.067,9.8406,3.4362,7.7205,-2.2212,-1.2136,-3.5665,-1.7211,15.5,-7.9594,-2.9045,3.0535,0,2.978,3.8005,10.846,11.52,-8.6365,8.5122,3.1458,0.26552,-7.9853,8.4829,2.2514,13.031,-4.2317,-2.5924,13.142,6.8351,12.094,-12.581,4.3401,3.1667,-18.897,12.371,-13.247,3.562,-14.333,-9.3171,4.3737,-20.626,-12.923,6.6074,1.1854,-16.285,-8.3868,4.6327,15.833,2.5637,9.7826,5.5724,15.624,18.513,-5.6901,-2.4656,-9.8089,9.0348,17.455,21.237,23.864,15.988,-1.0688,6.8814,-6.3073,-6.2606,-8.4646,11.541,2.978,0,9.4253,14.682,-17.973,21.869,0.20887,-11.3,1.1622,4.3446,27.729,-17.559,-9.0853,12.933,-4.0695,12.898,4.3284,22.367,-12.771,0.82543,15.797,-4.1382,5.7873,-4.77,-0.61283,-2.0363,6.6279,26.166,-3.9275,-3.0414,19.588,0.058963,-1.6454,10.81,-2.2164,-8.3215,-11.566,13.338,-5.3734,3.5025,3.2353,-14.14,11.432,-5.3099,3.9418,11.489,13.39,18.302,17.565,2.9595,3.1774,1.9763,-0.46351,2.2832,39.92,3.8005,9.4253,0,27.592,-4.0931,6.692,-13.499,-13.665,-4.327,0.11575,19.053,-7.931,5.3679,20.429,-17.338,14.458,8.878,11.594,-2.0014,-9.45,2.4481,-11.405,23.517,-7.8099,-3.2104,-21.729,6.7484,10.013,-16.59,-0.22201,8.1228,1.7973,-7.4415,0.58066,7.9468,-9.8355,-8.4631,26.279,-20.968,12.467,3.3812,-8.7224,-10.188,-18.694,10.592,2.7754,5.9862,17.764,13.558,1.3445,3.8965,2.6915,-6.7937,-3.6857,23.381,10.846,14.682,27.592,0,-3.0941,5.6181,-3.4637,-10.528,-3.0922,-4.6358,28.162,-9.6643,6.9947,13.942,-16.543,26.658,14.236,18.455,-9.8231,-3.0582,9.0117,-16.348,26.161,-15.595,2.5239,-22.5,2.2109,14.953,-18.751,-5.4125,15.305,2.8975,-11.39,-1.4814,7.3453,-3.1855,-7.9188,43.104,-9.8416,20.117,10.071,-9.1755,-4.5301,-17.068,11.503,8.7629,13.046,-16.711,-13.746,-5.8537,-9.463,16.001,-1.6021,7.4481,-6.4242,11.52,-17.973,-4.0931,-3.0941,0,-31.557,5.2846,14.557,0.92451,-10.491,-9.7904,10.438,18.812,-13.709,-0.88573,-1.5482,-0.39703,-5.8718,0.059533,0.5605,-8.6255,-7.3527,3.3171,-2.7827,2.1954,-6.8857,-11.025,-9.4292,-6.9881,-3.4121,-6.0636,-2.5367,-12.087,-16.65,1.4031,22.13,7.9982,-3.4865,7.9626,5.8565,5.005,9.4382,-9.9549,0.11664,-1.2674,1.6949,1.4972,21.571,20.25,-0.036173,9.4617,-15.781,2.694,-1.7144,10.057,-8.6365,21.869,6.692,5.6181,-31.557,0,-6.1434,-10.058,4.5001,13.523,13.572,-16.519,-21.068,18.754,0.069793,3.7011,-2.4755,8.4903,-1.741,-1.3157,6.533,2.3831,-1.9804,4.4036,-6.3611,5.1511,17.77,16.131,3.9045,7.2437,11.561,-4.3359,6.5047,23.373,-6.4025,-20.935,-16.451,4.3672,-11.463,-6.393,-5.3261,-11.68,10.513,0.79705,-2.066,1.3542,3.3759,-8.0481,-11.265,-3.103,1.6401,-1.5209,-9.3671,-10.628,-15.21,8.5122,0.20887,-13.499,-3.4637,5.2846,-6.1434,0,12.678,5.8316,-10.959,-2.8516,1.6301,2.3187,-12.924,5.894,4.5862,5.2117,-0.87661,-9.6211,20.478,7.8092,-2.7393,-6.1356,-8.5352,16.128,5.5748,-9.6724,0.27803,4.715,-5.9214,6.1862,-0.045125,-2.317,-5.0252,-3.5502,18.413,2.8317,-3.9594,25.34,3.7193,10.955,5.2396,10.722,9.8732,-4.1922,4.649,5.3684,-15.3,-9.5955,-10.413,-0.66127,-0.7559,3.3013,8.6768,-13.441,3.1458,-11.3,-13.665,-10.528,14.557,-10.058,12.678,0,17.25,-2.4461,-11.705,4.2711,1.3688,-10.315,9.2572,-3.3882,-6.581,-10.928,1.7969,10.94,-8.7563,-4.1881,-10.842,3.2554,1.5096,6.8077,-0.35511,-4.7807,4.9195,7.7658,0.70053,-14.781,-3.3278,-1.3722,-11.657,14.989,-2.2242,-14.14,10.325,-4.9549,2.0757,8.3248,2.1723,17.609,-15.149,-1.732,1.425,-1.8746,5.7035,-8.6151,10.158,-10.071,9.6603,10.311,-1.5266,0.26552,1.1622,-4.327,-3.0922,0.92451,4.5001,5.8316,17.25,0,8.2141,0.28621,-3.5324,-8.7104,4.0849,10.625,2.5453,-7.389,-3.789,2.7198,11.894,-7.7084,-8.2144,-10.213,4.5797,-4.5744,6.9403,14.521,4.747,3.2947,17.795,10.204,-26.873,0.62728,13.319,-15.585,1.2289,-17.45,-7.5125,-1.0948,-7.9403,2.2748,-3.7636,5.4158,14.109,-13.218,-0.86966,6.9169,3.2388,13.571,-0.32761,7.207,-6.2445,18.08,9.5696,5.0542,-7.9853,4.3446,0.11575,-4.6358,-10.491,13.523,-10.959,-2.4461,8.2141,0,2.2602,-1.2155,-20.199,9.8223,12.292,-6.7785,-16.03,0.29042,9.2167,-2.2849,-9.9558,3.0615,-8.4567,16.756,-22.738,7.9867,18.525,2.153,2.3339,12.244,-1.3584,-9.2644,10.485,27.064,-7.0711,-14.799,-8.361,-6.5582,-11.667,-18.589,-7.7058,-14.575,3.0664,1.8667,-2.5363,-1.4095,1.1582,22.512,20.18,0.36236,7.2199,-1.0523,-4.5217,-4.7177,21.434,8.4829,27.729,19.053,28.162,-9.7904,13.572,-2.8516,-11.705,0.28621,2.2602,0,-12.837,-1.498,16.794,-8.1567,21.131,8.0509,25.495,-10.748,-0.96299,10.234,-12.407,14.396,-9.4277,-1.2891,-11.522,6.2638,22.009,-13.471,-3.7076,19.184,0.42419,-6.3157,6.3272,2.7465,-6.6905,-11.454,23.804,-9.9436,10.134,7.9918,-17.219,2.1995,-12.812,9.3468,11.878,17.463,-23.638,-9.271,12.326,1.8896,7.2209,8.7984,-0.22338,-8.1477,2.2514,-17.559,-7.931,-9.6643,10.438,-16.519,1.6301,4.2711,-3.5324,-1.2155,-12.837,0,8.2437,-9.7456,10.529,-6.1866,1.2155,-12.687,13.277,5.5938,-13.097,0.95469,-4.4393,-1.4678,2.6582,-0.15348,-8.0823,-30.548,-0.73201,-2.7898,-19.016,7.6634,7.7753,-7.54,12.07,6.3422,16.93,-7.8581,5.4788,-0.21557,6.5404,1.003,-11.733,-1.9304,8.0274,-8.4286,-7.4529,-6.1227,-8.2747,3.055,-6.2332,15.621,-6.8475,-1.493,1.294,13.031,-9.0853,5.3679,6.9947,18.812,-21.068,2.3187,1.3688,-8.7104,-20.199,-1.498,8.2437,0,-6.2372,-10.995,6.8234,13.081,-0.51082,-2.3454,-1.5726,-0.48773,-9.4159,14.982,-15.022,9.6322,-19.201,-14.59,-6.6652,-12.778,-10.482,-3.479,8.3618,-12.204,-28.741,13.973,12.86,9.9339,8.596,3.5386,21.597,10.573,6.825,-16.273,-10.309,9.4969,0.92829,0.6027,20.044,37.486,4.2875,13.337,-9.9648,7.7819,3.7672,25.758,-4.2317,12.933,20.429,13.942,-13.709,18.754,-12.924,-10.315,4.0849,9.8223,16.794,-9.7456,-6.2372,0,-5.3474,10.444,3.4171,6.2206,3.7602,-3.0131,-0.46227,-7.1027,6.3047,-1.5253,-6.2702,-6.196,22.05,10.901,-5.2016,9.9883,10.562,-4.0036,2.5625,13.672,1.5128,-21.63,-18.717,11.668,-28.543,1.4992,0.48986,-13.582,-3.5966,-6.5893,4.0253,-2.7221,3.4285,-12.973,-2.0295,2.2688,7.9901,-4.5881,12.925,1.6265,-11.424,-2.5924,-4.0695,-17.338,-16.543,-0.88573,0.069793,5.894,9.2572,10.625,12.292,-8.1567,10.529,-10.995,-5.3474,0,-8.7111,-10.504,-8.2117,8.709,12.72,-9.9217,3.8973,-22.33,8.7077,-4.4021,16.121,3.4255,-8.0534,8.2948,5.9182,-5.5937,-5.0815,14.189,10.185,-5.1448,1.3947,1.7944,-18.882,6.0119,-15.818,1.103,-5.525,5.8945,10.487,-3.7996,-3.429,-0.84189,10.497,10.377,2.9397,10.246,-1.3112,-5.4626,-6.5112,12.903,13.142,12.898,14.458,26.658,-1.5482,3.7011,4.5862,-3.3882,2.5453,-6.7785,21.131,-6.1866,6.8234,10.444,-8.7111,0,19.098,11.947,-8.813,6.9021,8.4848,-21.902,14.183,-23.689,8.6224,-15.213,1.9245,11.869,-13.136,-3.5872,20.136,1.3836,-8.0604,-1.0164,6.4714,1.0094,-8.8128,22.503,-3.9705,20.627,19.834,-8.4046,-2.261,-8.9714,9.1864,6.1634,14.123,4.3097,0.96658,12.631,6.7063,-0.49283,-7.9836,-15.103,5.2491,6.8351,4.3284,8.878,14.236,-0.39703,-2.4755,5.2117,-6.581,-7.389,-16.03,8.0509,1.2155,13.081,3.4171,-10.504,19.098,0,3.4822,-4.1425,6.1274,10.114,-8.1693,11.944,-37.061,21.629,-12.75,-6.3937,0.75,-6.2661,-8.7588,5.9694,13.999,-2.1862,-10.089,17.744,1.943,2.411,17.003,0.89301,25.972,17.068,0.007768,-6.1756,-9.3329,13.764,-1.7278,0.94028,16.143,9.5538,-4.8789,-1.9372,5.973,-11.298,-5.7835,12.51,12.094,22.367,11.594,18.455,-5.8718,8.4903,-0.87661,-10.928,-3.789,0.29042,25.495,-12.687,-0.51082,6.2206,-8.2117,11.947,3.4822,0,-20.147,-4.9007,13.86,-7.4232,14.719,-5.8794,-2.8062,-9.6247,-0.9279,21.509,-13.815,-11.189,13.088,1.9362,-11.24,2.1218,0.36892,-1.0487,-4.5441,17.726,-3.2509,8.6317,4.3675,-12.184,5.9765,-13.098,7.8583,25.439,20.862,-8.0857,1.9405,11.045,7.8381,-5.6171,27.372,9.0041,-0.69838,-12.581,-12.771,-2.0014,-9.8231,0.059533,-1.741,-9.6211,1.7969,2.7198,9.2167,-10.748,13.277,-2.3454,3.7602,8.709,-8.813,-4.1425,-20.147,0,0.76213,-22.011,4.076,-8.8217,7.2408,-5.1778,4.2642,8.4759,-17.105,5.6127,14.239,-13.336,-1.1642,16.252,4.5855,4.2872,-8.7582,1.188,-9.7142,-8.083,-9.2081,-3.6716,-0.25417,-11.997,2.9906,0.079997,-24.928,-15.531,-7.4243,-1.9273,4.7872,15.639,-8.6047,2.5567,-7.382,-8.5156,4.3401,0.82543,-9.45,-3.0582,0.5605,-1.3157,20.478,10.94,11.894,-2.2849,-0.96299,5.5938,-1.5726,-3.0131,12.72,6.9021,6.1274,-4.9007,0.76213,0,0.4064,-5.8253,-9.638,-8.2994,11.811,6.0445,0.1594,-2.3631,4.791,2.2074,6.1207,-1.7573,6.3495,2.7534,-0.28269,6.9634,-1.9802,-4.4361,9.9828,0.95739,15.657,-2.3798,5.3258,9.1146,-0.93848,-2.8719,3.4317,12.116,-0.74934,-1.2974,-2.8194,-2.0231,-25.392,-20.286,0.54354,3.1667,15.797,2.4481,9.0117,-8.6255,6.533,7.8092,-8.7563,-7.7084,-9.9558,10.234,-13.097,-0.48773,-0.46227,-9.9217,8.4848,10.114,13.86,-22.011,0.4064,0,2.253,6.1967,-9.6477,11.532,-1.0662,-7.187,13.312,0.96257,-13.224,10.992,8.5807,-4.8753,-3.3204,0.57894,1.1819,0.097339,10.881,6.385,8.8242,2.3,1.4007,12.71,-2.5633,2.3582,9.9857,5.1115,-2.6374,-8.4701,1.7952,-7.3565,-4.3068,-0.88156,-3.8098,-11.347,-18.897,-4.1382,-11.405,-16.348,-7.3527,2.3831,-2.7393,-4.1881,-8.2144,3.0615,-12.407,0.95469,-9.4159,-7.1027,3.8973,-21.902,-8.1693,-7.4232,4.076,-5.8253,2.253,0,-11.957,13.019,-1.1712,17.032,-3.2552,-6.7225,19.872,-0.40899,-12.902,5.7665,12.008,1.1562,-3.2003,-5.409,8.7185,-12.236,4.8188,-13.99,-18.59,8.6781,7.3695,7.52,-6.0271,-6.6752,-17.612,10.22,5.5864,0.73036,-4.29,11.928,-8.9798,-1.7497,17.61,12.371,5.7873,23.517,26.161,3.3171,-1.9804,-6.1356,-10.842,-10.213,-8.4567,14.396,-4.4393,14.982,6.3047,-22.33,14.183,11.944,14.719,-8.8217,-9.638,6.1967,-11.957,0,-13.006,1.5001,-35.598,-4.4457,7.3655,-24.205,-10.534,5.3789,6.6787,-16.126,-9.4699,11.012,0.63174,0.092091,29.733,-7.3796,23.189,6.7492,-3.7085,-10.039,-24.74,13.805,8.9952,8.5261,-2.6562,-0.38234,-8.5568,-6.062,-2.3997,9.1849,13.608,-4.651,-13.247,-4.77,-7.8099,-15.595,-2.7827,4.4036,-8.5352,3.2554,4.5797,16.756,-9.4277,-1.4678,-15.022,-1.5253,8.7077,-23.689,-37.061,-5.8794,7.2408,-8.2994,-9.6477,13.019,-13.006,0,-19.968,14.621,7.7795,-2.2235,9.7663,10.562,-8.2254,-10.609,5.8054,10.67,-14.772,-6.2875,-1.987,-17.171,-3.0834,-31.489,-24.389,1.5085,5.1006,9.4668,-13.484,-2.5421,-6.0056,-2.8262,-9.2178,7.4975,2.8974,-2.917,-11.367,-18.425,-7.0725,3.562,-0.61283,-3.2104,2.5239,2.1954,-6.3611,16.128,1.5096,-4.5744,-22.738,-1.2891,2.6582,9.6322,-6.2702,-4.4021,8.6224,21.629,-2.8062,-5.1778,11.811,11.532,-1.1712,1.5001,-19.968,0,-1.6951,-11.731,-2.95,3.4793,-8.3047,3.2389,11.319,-0.043928,-12.479,8.3204,8.657,6.0369,4.2986,12.481,13.276,11.764,8.8075,0.91665,1.767,3.5319,-3.4026,-3.1436,-5.616,-5.4675,-2.7889,1.2577,-12.371,4.2032,-0.66551,-16.803,-14.333,-2.0363,-21.729,-22.5,-6.8857,5.1511,5.5748,6.8077,6.9403,7.9867,-11.522,-0.15348,-19.201,-6.196,16.121,-15.213,-12.75,-9.6247,4.2642,6.0445,-1.0662,17.032,-35.598,14.621,-1.6951,0,3.484,-3.3507,29.485,7.5913,-3.8404,-5.2686,14.185,9.9754,-13.472,-2.0926,-0.26203,-23.371,7.8844,-24.306,-10.579,4.4212,15.923,23.423,-15.246,-5.6923,-8.0329,9.7163,21.732,-1.2226,13.141,-15.47,15.733,11.236,10.688,-9.3171,6.6279,6.7484,2.2109,-11.025,17.77,-9.6724,-0.35511,14.521,18.525,6.2638,-8.0823,-14.59,22.05,3.4255,1.9245,-6.3937,-0.9279,8.4759,0.1594,-7.187,-3.2552,-4.4457,7.7795,-11.731,3.484,0,7.3275,2.2536,25.035,7.7424,-14.798,6.2333,25.308,-8.1075,-17.835,-24.917,-0.69339,-18.907,-9.3153,-4.7064,-9.6849,0.68957,4.1056,-6.0065,-5.7414,1.1226,23.432,12.871,-10.604,1.1765,-4.0138,-8.5099,-1.421,11.273,4.3737,26.166,10.013,14.953,-9.4292,16.131,0.27803,-4.7807,4.747,2.153,22.009,-30.548,-6.6652,10.901,-8.0534,11.869,0.75,21.509,-17.105,-2.3631,13.312,-6.7225,7.3655,-2.2235,-2.95,-3.3507,7.3275,0,-5.0508,-0.29531,26.548,-6.9617,-9.6682,8.3785,-8.8263,-4.1915,-17.083,11.938,-5.3063,3.4035,0.0068254,-7.579,11.138,-2.1814,-2.6736,14.848,16.558,-4.1522,-7.1886,0.16373,0.87938,-15.834,2.0856,-2.6113,-15.948,-20.626,-3.9275,-16.59,-18.751,-6.9881,3.9045,4.715,4.9195,3.2947,2.3339,-13.471,-0.73201,-12.778,-5.2016,8.2948,-13.136,-6.2661,-13.815,5.6127,4.791,0.96257,19.872,-24.205,9.7663,3.4793,29.485,2.2536,-5.0508,0,7.8943,-4.3592,-1.7856,14.514,5.2228,-9.0319,-3.3281,0.48818,-17.506,6.9824,-15.741,-11.296,10.432,11.125,22.949,-14.841,-11.701,-15.372,0.77362,8.2232,-2.6305,9.1476,-15.485,18.606,16.028,1.9909,-12.923,-3.0414,-0.22201,-5.4125,-3.4121,7.2437,-5.9214,7.7658,17.795,12.244,-3.7076,-2.7898,-10.482,9.9883,5.9182,-3.5872,-8.7588,-11.189,14.239,2.2074,-13.224,-0.40899,-10.534,10.562,-8.3047,7.5913,25.035,-0.29531,7.8943,0,2.1815,-18.253,7.1886,14.697,-10.493,-9.763,-16.196,-8.577,-10.528,-12.785,-6.9338,-0.35739,-1.2553,12.094,-13.122,-12.852,-5.193,15.234,11.497,-7.0677,7.5569,-7.6033,-6.3292,-2.6911,8.6352,6.6074,19.588,8.1228,15.305,-6.0636,11.561,6.1862,0.70053,10.204,-1.3584,19.184,-19.016,-3.479,10.562,-5.5937,20.136,5.9694,13.088,-13.336,6.1207,10.992,-12.902,5.3789,-8.2254,3.2389,-3.8404,7.7424,26.548,-4.3592,2.1815,0,-8.0972,-8.2155,6.8624,-6.7958,-0.74007,-20.238,11.31,-2.8231,6.719,7.1764,-6.402,8.6397,0.83794,-2.7799,9.2647,16.611,-0.48498,-5.3083,17.53,-1.7274,5.4871,-7.5855,-19.329,-0.6456,1.1854,0.058963,1.7973,2.8975,-2.5367,-4.3359,-0.045125,-14.781,-26.873,-9.2644,0.42419,7.6634,8.3618,-4.0036,-5.0815,1.3836,13.999,1.9362,-1.1642,-1.7573,8.5807,5.7665,6.6787,-10.609,11.319,-5.2686,-14.798,-6.9617,-1.7856,-18.253,-8.0972,0,4.3028,-11.688,23.259,-0.20592,18.278,7.2489,4.0561,9.9972,4.935,0.98197,-4.4628,-12.085,18.534,-1.6387,-6.4054,-3.5254,2.0607,15.242,12.076,-13.619,13.215,-4.0392,-5.0543,-16.285,-1.6454,-7.4415,-11.39,-12.087,6.5047,-2.317,-3.3278,0.62728,10.485,-6.3157,7.7753,-12.204,2.5625,14.189,-8.0604,-2.1862,-11.24,16.252,6.3495,-4.8753,12.008,-16.126,5.8054,-0.043928,14.185,6.2333,-9.6682,14.514,7.1886,-8.2155,4.3028,0,10.039,2.888,-11.734,2.2343,-9.9877,-1.545,-12.395,-3.1312,-3.444,1.8362,5.8573,0.8474,-16.012,-13.489,8.1445,17.331,-1.4998,12.505,-15.034,12.321,5.1017,5.2339,-8.3868,10.81,0.58066,-1.4814,-16.65,23.373,-5.0252,-1.3722,13.319,27.064,6.3272,-7.54,-28.741,13.672,10.185,-1.0164,-10.089,2.1218,4.5855,2.7534,-3.3204,1.1562,-9.4699,10.67,-12.479,9.9754,25.308,8.3785,5.2228,14.697,6.8624,-11.688,10.039,0,-10.607,-15.507,-16.664,-3.9997,-9.9789,-14.944,-5.0119,-13.935,8.8614,5.733,-5.5887,-0.96537,3.4565,-1.3669,0.11832,23.619,3.7781,6.6328,-0.22896,-9.409,5.6498,4.6327,-2.2164,7.9468,7.3453,1.4031,-6.4025,-3.5502,-11.657,-15.585,-7.0711,2.7465,12.07,13.973,1.5128,-5.1448,6.4714,17.744,0.36892,4.2872,-0.28269,0.57894,-3.2003,11.012,-14.772,8.3204,-13.472,-8.1075,-8.8263,-9.0319,-10.493,-6.7958,23.259,2.888,-10.607,0,-1.0993,11.739,10.817,-2.4873,14.643,11.222,-3.3627,-15.585,-18.309,29.382,-4.4229,-3.8635,-14.527,-18.507,-7.358,-8.5404,12.183,-9.736,-2.0899,-12.713,15.833,-8.3215,-9.8355,-3.1855,22.13,-20.935,18.413,14.989,1.2289,-14.799,-6.6905,6.3422,12.86,-21.63,1.3947,1.0094,1.943,-1.0487,-8.7582,6.9634,1.1819,-5.409,0.63174,-6.2875,8.657,-2.0926,-17.835,-4.1915,-3.3281,-9.763,-0.74007,-0.20592,-11.734,-15.507,-1.0993,0,8.9751,-3.3278,21.49,6.761,8.546,8.8891,0.92553,3.2805,-2.1086,7.7651,5.8558,-14.035,-18.608,7.4765,-9.897,13.418,-4.9551,-8.0428,-11.045,2.5637,-11.566,-8.4631,-7.9188,7.9982,-16.451,2.8317,-2.2242,-17.45,-8.361,-11.454,16.93,9.9339,-18.717,1.7944,-8.8128,2.411,-4.5441,1.188,-1.9802,0.097339,8.7185,0.092091,-1.987,6.0369,-0.26203,-24.917,-17.083,0.48818,-16.196,-20.238,18.278,2.2343,-16.664,11.739,8.9751,0,-4.026,12.199,2.7164,1.039,6.9751,-4.5221,-4.6453,8.3199,-0.9047,-7.9624,16.818,10.749,3.802,2.3105,3.9337,-8.6639,-6.4897,20.805,9.7826,13.338,26.279,43.104,-3.4865,4.3672,-3.9594,-14.14,-7.5125,-6.5582,23.804,-7.8581,8.596,11.668,-18.882,22.503,17.003,17.726,-9.7142,-4.4361,10.881,-12.236,29.733,-17.171,4.2986,-23.371,-0.69339,11.938,-17.506,-8.577,11.31,7.2489,-9.9877,-3.9997,10.817,-3.3278,-4.026,0,-8.5106,22.869,9.4418,-7.5403,-5.3305,-20.612,14.699,7.8021,9.7128,-13.6,-24.092,-3.381,-6.5953,3.9603,-11.222,-10.117,-26.024,5.5724,-5.3734,-20.968,-9.8416,7.9626,-11.463,25.34,10.325,-1.0948,-11.667,-9.9436,5.4788,3.5386,-28.543,6.0119,-3.9705,0.89301,-3.2509,-8.083,9.9828,6.385,4.8188,-7.3796,-3.0834,12.481,7.8844,-18.907,-5.3063,6.9824,-10.528,-2.8231,4.0561,-1.545,-9.9789,-2.4873,21.49,12.199,-8.5106,0,0.57497,3.9414,10.516,9.4879,8.9295,-4.1685,4.2678,-0.058664,4.2315,0.17476,4.6344,0.016552,8.0663,-11.67,-8.5903,8.003,15.624,3.5025,12.467,20.117,5.8565,-6.393,3.7193,-4.9549,-7.9403,-18.589,10.134,-0.21557,21.597,1.4992,-15.818,20.627,25.972,8.6317,-9.2081,0.95739,8.8242,-13.99,23.189,-31.489,13.276,-24.306,-9.3153,3.4035,-15.741,-12.785,6.719,9.9972,-12.395,-14.944,14.643,6.761,2.7164,22.869,0.57497,0,16.712,-0.11731,-8.4331,-14.654,13.959,5.4202,6.9562,-2.7174,1.7435,7.8728,11.085,3.0929,-1.8441,-8.5453,2.6725,18.513,3.2353,3.3812,10.071,5.005,-5.3261,10.955,2.0757,2.2748,-7.7058,7.9918,6.5404,10.573,0.48986,1.103,19.834,17.068,4.3675,-3.6716,15.657,2.3,-18.59,6.7492,-24.389,11.764,-10.579,-4.7064,0.0068254,-11.296,-6.9338,7.1764,4.935,-3.1312,-5.0119,11.222,8.546,1.039,9.4418,3.9414,16.712,0,-7.4888,-4.5454,-6.9726,12.91,3.7098,10.684,-7.9256,-20.899,-5.1488,-13.068,0.75261,-7.6174,0.56476,-13.786,-5.6901,-14.14,-8.7224,-9.1755,9.4382,-11.68,5.2396,8.3248,-3.7636,-14.575,-17.219,1.003,6.825,-13.582,-5.525,-8.4046,0.007768,-12.184,-0.25417,-2.3798,1.4007,8.6781,-3.7085,1.5085,8.8075,4.4212,-9.6849,-7.579,10.432,-0.35739,-6.402,0.98197,-3.444,-13.935,-3.3627,8.8891,6.9751,-7.5403,10.516,-0.11731,-7.4888,0,-0.29907,10.299,-11.256,-6.7166,-12.984,4.3524,-1.2967,-9.1309,-0.72168,-8.145,-7.9352,-7.294,-8.1336,-2.4656,11.432,-10.188,-4.5301,-9.9549,10.513,10.722,2.1723,5.4158,3.0664,2.1995,-11.733,-16.273,-3.5966,5.8945,-2.261,-6.1756,5.9765,-11.997,5.3258,12.71,7.3695,-10.039,5.1006,0.91665,15.923,0.68957,11.138,11.125,-1.2553,8.6397,-4.4628,1.8362,8.8614,-15.585,0.92553,-4.5221,-5.3305,9.4879,-8.4331,-4.5454,-0.29907,0,11.692,-10.506,8.555,5.1718,-7.127,-7.3234,-7.9035,1.0195,-12.879,2.8889,3.5419,-17.067,-9.8089,-5.3099,-18.694,-17.068,0.11664,0.79705,9.8732,17.609,14.109,1.8667,-12.812,-1.9304,-10.309,-6.5893,10.487,-8.9714,-9.3329,-13.098,2.9906,9.1146,-2.5633,7.52,-24.74,9.4668,1.767,23.423,4.1056,-2.1814,22.949,12.094,0.83794,-12.085,5.8573,5.733,-18.309,3.2805,-4.6453,-20.612,8.9295,-14.654,-6.9726,10.299,11.692,0,-27.44,-6.7099,-5.99,2.3088,4.8436,17.286,4.5717,8.6547,-0.82333,-9.5234,9.8406,9.0348,3.9418,10.592,11.503,-1.2674,-2.066,-4.1922,-15.149,-13.218,-2.5363,9.3468,8.0274,9.4969,4.0253,-3.7996,9.1864,13.764,7.8583,0.079997,-0.93848,2.3582,-6.0271,13.805,-13.484,3.5319,-15.246,-6.0065,-2.6736,-14.841,-13.122,-2.7799,18.534,0.8474,-5.5887,29.382,-2.1086,8.3199,14.699,-4.1685,13.959,12.91,-11.256,-10.506,-27.44,0,2.5526,3.3122,5.6244,1.3239,-12.063,-7.5095,11.349,-13.099,-2.9251,3.4362,17.455,11.489,2.7754,8.7629,1.6949,1.3542,4.649,-1.732,-0.86966,-1.4095,11.878,-8.4286,0.92829,-2.7221,-3.429,6.1634,-1.7278,25.439,-24.928,-2.8719,9.9857,-6.6752,8.9952,-2.5421,-3.4026,-5.6923,-5.7414,14.848,-11.701,-12.852,9.2647,-1.6387,-16.012,-0.96537,-4.4229,7.7651,-0.9047,7.8021,4.2678,5.4202,3.7098,-6.7166,8.555,-6.7099,2.5526,0,24.66,6.2429,7.8374,-8.9153,1.9641,5.8466,-5.3476,-0.1597,7.7205,21.237,13.39,5.9862,13.046,1.4972,3.3759,5.3684,1.425,6.9169,1.1582,17.463,-7.4529,0.6027,3.4285,-0.84189,14.123,0.94028,20.862,-15.531,3.4317,5.1115,-17.612,8.5261,-6.0056,-3.1436,-8.0329,1.1226,16.558,-15.372,-5.193,16.611,-6.4054,-13.489,3.4565,-3.8635,5.8558,-7.9624,9.7128,-0.058664,6.9562,10.684,-12.984,5.1718,-5.99,3.3122,24.66,0
