0,-0.25201,-2.3811,-2.6436,-0.54277,3.732,-5.0825,4.465,3.561,1.3156,3.0588,-7.3764,6.5116,1.2677,-4.2152,-0.49015,1.0654,-1.6404,6.7949,-5.2168,0.057191,-0.25201,0,2.851,0.55293,3.6511,1.3747,1.4414,2.2549,-6.4795,3.5108,1.0208,-2.3812,-1.2679,-2.5135,-1.6236,-3.3472,-3.3667,-4.1131,0.79568,3.0266,-4.5961,-2.3811,2.851,0,-2.2427,7.1731,3.2218,-0.7334,-5.1458,-2.8564,2.2872,4.4944,-0.81706,0.036566,-2.2604,-4.5791,2.5033,0.1617,-2.1576,-3.7439,5.8223,0.57773,-2.6436,0.55293,-2.2427,0,-4.205,-5.6419,-0.33568,4.8459,-4.6123,1.8225,-2.6126,6.0125,-3.5778,3.8583,1.5937,1.5146,-5.0175,1.2102,-3.0664,-0.79061,-4.6298,-0.54277,3.6511,7.1731,-4.205,0,7.1636,2.4252,-5.3164,-1.1718,3.3663,3.048,-3.4923,-3.2951,-7.9047,-3.3857,0.68352,-1.1601,-6.5117,-2.8923,10.405,-0.14926,3.732,1.3747,3.2218,-5.6419,7.1636,0,-2.2998,-0.40796,3.4716,5.8418,3.1326,-3.6257,0.1324,-3.5084,-5.6484,-1.9597,-0.18869,-3.4906,4.0844,1.6011,-0.69661,-5.0825,1.4414,-0.7334,-0.33568,2.4252,-2.2998,0,-6.8944,-1.228,-2.9027,-2.585,1.8678,-3.8637,-5.343,6.208,-0.3154,0.43598,0.75799,-4.6965,4.622,2.7957,4.465,2.2549,-5.1458,4.8459,-5.3164,-0.40796,-6.8944,0,-0.64443,3.6486,-1.2658,-0.27195,0.78705,4.6417,-1.6,-2.928,-3.7931,-0.4839,7.2188,-6.5097,-6.5762,3.561,-6.4795,-2.8564,-4.6123,-1.1718,3.4716,-1.228,-0.64443,0,-1.1143,-0.985,0.26228,3.1441,-1.4546,0.27805,1.3475,2.9389,1.3538,3.3833,-4.2772,4.9537,1.3156,3.5108,2.2872,1.8225,3.3663,5.8418,-2.9027,3.6486,-1.1143,0,-1.1587,2.0593,-4.6721,0.096606,-4.4182,-1.4523,-2.619,-3.731,2.9951,2.1101,-9.9623,3.0588,1.0208,4.4944,-2.6126,3.048,3.1326,-2.585,-1.2658,-0.985,-1.1587,0,-8.0714,4.8932,-1.2765,-3.4009,-2.4846,2.4386,-0.53932,2.0305,0.60662,1.6717,-7.3764,-2.3812,-0.81706,6.0125,-3.4923,-3.6257,1.8678,-0.27195,0.26228,2.0593,-8.0714,0,-5.5011,2.213,2.3729,2.262,-1.4608,3.8725,-4.3066,0.575,-1.7823,6.5116,-1.2679,0.036566,-3.5778,-3.2951,0.1324,-3.8637,0.78705,3.1441,-4.6721,4.8932,-5.5011,0,0.75083,-1.5153,0.45055,3.5544,2.2878,3.6662,-6.3685,5.3592,1.2677,-2.5135,-2.2604,3.8583,-7.9047,-3.5084,-5.343,4.6417,-1.4546,0.096606,-1.2765,2.213,0.75083,0,-2.1621,1.2225,-0.43581,4.3841,2.2255,-5.258,-2.4396,-4.2152,-1.6236,-4.5791,1.5937,-3.3857,-5.6484,6.208,-1.6,0.27805,-4.4182,-3.4009,2.3729,-1.5153,-2.1621,0,-1.326,0.77524,3.4821,-2.4772,-1.1789,2.1954,-0.49015,-3.3472,2.5033,1.5146,0.68352,-1.9597,-0.3154,-2.928,1.3475,-1.4523,-2.4846,2.262,0.45055,1.2225,-1.326,0,-2.8451,-1.0111,-5.2048,1.0206,3.8495,1.0654,-3.3667,0.1617,-5.0175,-1.1601,-0.18869,0.43598,-3.7931,2.9389,-2.619,2.4386,-1.4608,3.5544,-0.43581,0.77524,-2.8451,0,3.7926,0.4988,0.081868,2.8993,-1.6404,-4.1131,-2.1576,1.2102,-6.5117,-3.4906,0.75799,-0.4839,1.3538,-3.731,-0.53932,3.8725,2.2878,4.3841,3.4821,-1.0111,3.7926,0,0.36183,-3.5557,3.2541,6.7949,0.79568,-3.7439,-3.0664,-2.8923,4.0844,-4.6965,7.2188,3.3833,2.9951,2.0305,-4.3066,3.6662,2.2255,-2.4772,-5.2048,0.4988,0.36183,0,-6.8888,-2.3437,-5.2168,3.0266,5.8223,-0.79061,10.405,1.6011,4.622,-6.5097,-4.2772,2.1101,0.60662,0.575,-6.3685,-5.258,-1.1789,1.0206,0.081868,-3.5557,-6.8888,0,-1.539,0.057191,-4.5961,0.57773,-4.6298,-0.14926,-0.69661,2.7957,-6.5762,4.9537,-9.9623,1.6717,-1.7823,5.3592,-2.4396,2.1954,3.8495,2.8993,3.2541,-2.3437,-1.539,0
