0,-4.6128,0.83541,-3.1769,3.4317,0.28305,-0.7441,-4.5321,4.8309,4.2006,4.1432,-5.466,-3.1613,4.2903,-2.8529,0.36666,3.4215,0.069271,-0.7332,-0.3864,0.72293,-4.6128,0,-4.1308,8.4252,-2.6633,-2.9146,-1.4222,10.959,-4.8632,-2.665,-1.8878,2.3773,1.2748,-4.9033,0.40238,-2.9735,-4.8913,-3.4655,3.1956,0.12445,-1.7499,0.83541,-4.1308,0,-8.0397,-0.61097,-1.3961,-0.0030398,-5.4257,-0.028088,2.1423,3.914,2.1636,-2.1485,5.5939,3.1676,5.4385,7.9577,5.5349,-3.6393,-2.0038,-0.2511,-3.1769,8.4252,-8.0397,0,-2.2065,1.3581,-3.3902,12.742,-0.89029,-3.1614,-0.68319,1.0638,5.3825,-2.7949,-3.6022,-6.8659,-3.9511,-1.3868,1.7508,-0.91276,2.1215,3.4317,-2.6633,-0.61097,-2.2065,0,4.1244,2.7293,-3.0368,3.7177,1.181,-1.2387,-9.7514,-2.9238,-4.0614,-4.8616,-1.3656,0.14809,-2.5345,-4.9402,5.9798,4.2573,0.28305,-2.9146,-1.3961,1.3581,4.1244,0,-3.7278,-0.26562,5.123,0.84974,-0.16255,-6.0593,5.6164,-2.3341,-5.4977,-4.551,1.4736,2.4759,-1.4566,-2.2277,5.6853,-0.7441,-1.4222,-0.0030398,-3.3902,2.7293,-3.7278,0,-1.5967,-3.4653,2.5857,-2.5795,0.95683,-10.193,-2.0116,5.7941,4.7233,-1.9705,-5.295,-0.93586,5.6159,-4.8785,-4.5321,10.959,-5.4257,12.742,-3.0368,-0.26562,-1.5967,0,-1.2913,-2.4113,0.44999,3.93,3.6483,-2.7062,-2.6474,-3.235,-3.9276,-0.84575,1.3912,-1.7758,-0.0093737,4.8309,-4.8632,-0.028088,-0.89029,3.7177,5.123,-3.4653,-1.2913,0,0.12577,2.9586,-2.4646,3.4352,4.7208,-8.1904,0.023393,5.6368,5.9132,-5.0809,-1.066,9.2902,4.2006,-2.665,2.1423,-3.1614,1.181,0.84974,2.5857,-2.4113,0.12577,0,4.5555,-2.3953,-3.8212,-0.10193,0.40291,1.1602,1.3919,-0.81218,-4.4645,-0.1418,-3.7523,4.1432,-1.8878,3.914,-0.68319,-1.2387,-0.16255,-2.5795,0.44999,2.9586,4.5555,0,0.57356,1.3434,4.5719,-3.0458,0.43938,4.3135,6.2257,-4.1659,-3.2811,-0.39867,-5.466,2.3773,2.1636,1.0638,-9.7514,-6.0593,0.95683,3.93,-2.4646,-2.3953,0.57356,0,0.12192,4.0928,4.4662,4.9245,0.19355,2.0584,1.226,-3.956,-3.2876,-3.1613,1.2748,-2.1485,5.3825,-2.9238,5.6164,-10.193,3.6483,3.4352,-3.8212,1.3434,0.12192,0,0.63391,-4.8027,-5.6555,0.4468,5.0484,0.59577,-4.6376,5.3478,4.2903,-4.9033,5.5939,-2.7949,-4.0614,-2.3341,-2.0116,-2.7062,4.7208,-0.10193,4.5719,4.0928,0.63391,0,0.89812,4.5581,8.7779,7.2826,-1.7148,-4.8951,2.544,-2.8529,0.40238,3.1676,-3.6022,-4.8616,-5.4977,5.7941,-2.6474,-8.1904,0.40291,-3.0458,4.4662,-4.8027,0.89812,0,4.7822,-0.29226,-1.9472,3.9058,-0.18663,-7.0055,0.36666,-2.9735,5.4385,-6.8659,-1.3656,-4.551,4.7233,-3.235,0.023393,1.1602,0.43938,4.9245,-5.6555,4.5581,4.7822,0,1.8422,0.97967,-1.775,-1.6556,-1.7068,3.4215,-4.8913,7.9577,-3.9511,0.14809,1.4736,-1.9705,-3.9276,5.6368,1.3919,4.3135,0.19355,0.4468,8.7779,-0.29226,1.8422,0,10.04,-5.4533,-2.7681,4.5121,0.069271,-3.4655,5.5349,-1.3868,-2.5345,2.4759,-5.295,-0.84575,5.9132,-0.81218,6.2257,2.0584,5.0484,7.2826,-1.9472,0.97967,10.04,0,-3.7215,-4.3409,5.0893,-0.7332,3.1956,-3.6393,1.7508,-4.9402,-1.4566,-0.93586,1.3912,-5.0809,-4.4645,-4.1659,1.226,0.59577,-1.7148,3.9058,-1.775,-5.4533,-3.7215,0,-1.1997,-4.7736,-0.3864,0.12445,-2.0038,-0.91276,5.9798,-2.2277,5.6159,-1.7758,-1.066,-0.1418,-3.2811,-3.956,-4.6376,-4.8951,-0.18663,-1.6556,-2.7681,-4.3409,-1.1997,0,-0.75277,0.72293,-1.7499,-0.2511,2.1215,4.2573,5.6853,-4.8785,-0.0093737,9.2902,-3.7523,-0.39867,-3.2876,5.3478,2.544,-7.0055,-1.7068,4.5121,5.0893,-4.7736,-0.75277,0
