0,-21.335,15.968,7.5936,-10.11,-15.231,-6.2035,6.068,-3.0229,-1.0324,-4.8378,0.28071,-7.5729,7.5608,5.8695,3.3109,-9.7152,6.4044,13.572,6.6903,-1.359,-1.0773,1.7457,-3.6875,-3.1842,-5.2106,4.9602,3.4482,-5.0162,3.3158,-5.6887,-23.045,-5.2982,8.5674,-13.919,-2.9782,7.7972,-8.0191,4.2346,8.4197,-10.806,-4.2204,10.319,-9.896,2.1324,-2.8899,14.28,-6.5263,-14.179,10.589,-7.3444,0.82137,0.0090766,9.2306,1.8239,-21.335,0,-15.011,-12.829,16.6,18.613,10.718,-5.0878,4.0678,5.8458,6.4643,6.1633,5.9932,-17.101,-0.22045,-5.8645,2.4313,-7.2883,-12.851,-10.628,7.7322,2.6581,-8.9206,3.6268,9.3642,9.0096,-7.8923,-8.4028,17.333,-9.6819,5.1906,15.885,9.0313,-14.937,20.637,0.61556,-6.7467,4.0365,-10.257,-18.386,28.166,-6.1085,-12.408,3.7466,3.1753,5.2667,-28.01,11.892,10.185,1.7466,3.1966,0.52648,-3.6944,-13.754,2.9501,15.968,-15.011,0,15.736,-27.229,-24.747,-13.794,16.289,-20.54,5.2145,-5.2874,5.319,-19.782,20.08,-0.5843,-2.4562,-11.589,18.969,13.494,3.6336,-9.1834,0.78354,0.35732,-7.9805,-6.7585,4.2281,10.394,-4.6258,-2.8693,0.91151,-7.7717,-10.521,2.538,9.5163,-8.1398,-12.443,21.169,-7.7481,7.2101,6.4599,-12.199,3.0244,2.1868,-6.529,-3.2998,-0.0011865,14.879,-27.893,-14.06,7.5376,2.3041,0.16538,-6.4542,-0.26812,-7.4404,7.5936,-12.829,15.736,0,-17.762,-14.053,-6.1287,7.7267,-9.7021,5.3066,-1.3051,-2.671,-20.434,19.546,-13.518,-7.182,-7.8174,12.765,2.3995,-2.4213,-16.915,6.1151,-3.0491,-9.0921,-24.97,-3.4776,8.1628,-6.5161,-12.062,5.7631,-8.8804,1.0632,3.0839,18.286,-11.772,-17.2,9.9511,-14.066,15.731,3.5725,-16.729,3.7045,13.284,-9.087,-3.1461,1.8979,7.0265,-20.13,-5.366,-2.2651,1.6646,-8.2295,-4.8909,3.2854,-4.4462,-10.11,16.6,-27.229,-17.762,0,17.073,22.461,-10.682,18.855,1.4492,9.5364,-0.90985,14.513,-22.624,7.247,5.0089,2.0694,-26.56,-7.4055,-7.6827,13.384,-1.654,-4.2748,4.5508,12.595,0.99206,-18.967,4.1322,9.9358,-2.6151,1.9164,6.5995,1.8578,-13.264,6.6621,7.6695,-18.362,8.0914,-12.089,-11.363,17.179,-6.0724,-1.0604,4.9078,1.2041,-1.2552,-18.757,32.34,14.987,1.6761,-0.8128,2.1011,8.3368,-4.9067,6.1494,-15.231,18.613,-24.747,-14.053,17.073,0,5.6312,-21.424,15.855,-7.414,4.4634,1.8675,16.831,-28.128,-4.1874,-5.9668,12.687,-7.6529,-25.094,-0.14272,4.747,7.1665,-0.7057,15.339,3.4601,-2.9955,-4.0315,-2.2806,5.9154,-1.995,17.837,9.8634,-4.667,-5.7708,19.13,7.8469,-16.807,0.6274,-2.4945,-5.7455,14.376,-8.389,-6.3094,-1.1188,9.9012,1.2759,-18.187,20.503,4.0011,-4.6556,-3.6902,-6.0178,-2.1035,1.2635,8.6818,-6.2035,10.718,-13.794,-6.1287,22.461,5.6312,0,-0.83321,9.5061,10.944,7.7641,-5.5872,2.4667,-8.8307,6.0494,4.7482,-5.4192,-21.474,-1.6125,-20.13,12.654,-5.4347,-12.48,-6.9889,7.9525,1.2035,-18.441,1.0754,6.2593,-4.9389,-9.4462,9.2759,10.92,-12.111,-2.1576,1.023,-8.1535,5.1531,-13.251,-18.232,12.113,-4.655,4.9205,5.5512,-2.2517,3.2812,-15.144,14.546,22.695,3.191,-0.46438,5.2198,8.017,-8.1514,5.4102,6.068,-5.0878,16.289,7.7267,-10.682,-21.424,-0.83321,0,-25.475,15.084,-8.168,-1.6015,-21.064,16.395,4.6895,1.1107,-11.812,7.6259,18.271,-8.2587,2.8692,-11.988,-8.4032,-25.986,2.2302,7.585,4.6082,-5.4684,0.87072,-10.178,-18.052,-1.4759,16.563,-4.6858,-9.3828,-7.0249,27.157,0.82447,-6.8233,-4.8614,-1.7501,3.6047,-2.2322,5.6161,-5.4743,8.5785,7.926,-15.219,0.96933,6.6164,2.0619,14.067,-4.0404,-9.2653,-3.8964,-3.0229,4.0678,-20.54,-9.7021,18.855,15.855,9.5061,-25.475,0,-9.2309,9.1643,-3.0288,20.269,-17.308,1.8271,5.012,6.4503,-17.77,-10.049,2.7376,3.6138,4.539,4.4136,12.993,2.1203,-8.7823,-11.489,10.017,-0.45862,8.1424,7.4944,0.17141,-11.276,0.31356,2.421,9.1557,-32.567,2.2747,0.49226,1.0767,3.3792,-4.8159,7.0972,-2.2896,3.2506,-7.9253,-8.5038,24.558,4.8916,-3.2527,-4.0653,-6.7397,10.546,7.7606,6.4953,-1.0324,5.8458,5.2145,5.3066,1.4492,-7.414,10.944,15.084,-9.2309,0,6.1051,4.3456,-15.474,4.3893,3.0327,-1.5675,-22.312,-1.3982,5.7818,-23.603,2.1343,-2.0358,-17.695,-17.35,2.9177,14.249,-7.6281,-9.5252,10.316,-7.3444,-20.385,6.5265,31.96,-5.9679,-2.6594,-16.203,7.705,-0.74417,-6.8905,-17.701,6.1185,-1.0044,1.1606,1.0318,-7.3722,5.2051,-7.5357,-4.9548,8.4067,11.57,7.5316,4.3437,-1.3297,-22.026,-4.7075,-4.8378,6.4643,-5.2874,-1.3051,9.5364,4.4634,7.7641,-8.168,9.1643,6.1051,0,11.071,4.9859,-5.1493,1.9506,4.5266,-8.3827,-11.58,-4.0672,-3.041,-6.8026,11.092,2.299,6.507,1.1518,10.222,-22.487,3.7556,9.285,12.709,-2.7693,1.9375,0.72717,3.5628,4.0904,-8.6871,-15.078,3.2541,4.4647,-2.0328,1.3353,3.5197,5.2643,-3.3129,-11.857,-16.325,-11.147,4.6668,5.8903,4.3998,16.346,-11.448,11.096,-8.9217,-11.761,0.28071,6.1633,5.319,-2.671,-0.90985,1.8675,-5.5872,-1.6015,-3.0288,4.3456,11.071,0,-0.32982,-4.3182,2.7493,-3.9175,-8.3457,4.1503,-1.6605,3.5404,-6.0282,13.008,1.6978,8.9277,3.7465,17.954,-3.5851,-5.6051,18.786,2.2969,4.28,-4.6483,0.59423,1.8576,13.871,-10.38,-0.51441,-2.212,3.4503,-0.46373,4.5265,-2.6161,-7.6434,-8.7192,-2.0686,-8.0976,-5.4963,-2.6047,-8.9284,14.108,10.191,-7.792,-4.0685,-9.7621,-9.5447,-7.5729,5.9932,-19.782,-20.434,14.513,16.831,2.4667,-21.064,20.269,-15.474,4.9859,-0.32982,0,-15.853,5.4619,8.5817,14.632,-14.051,-7.0822,9.5494,5.0226,0.001024,12.694,19.279,8.8513,-3.2901,-7.9265,13.975,2.0256,5.9165,14.128,-1.6778,-14.338,-4.2944,8.3386,18.617,-22.943,11.587,-2.646,5.3824,4.6877,1.3338,-4.3066,5.5605,0.92116,-9.7762,-3.9139,19.284,3.6898,-6.2782,-0.099109,-1.244,10.423,4.9736,1.6961,7.5608,-17.101,20.08,19.546,-22.624,-28.128,-8.8307,16.395,-17.308,4.3893,-5.1493,-4.3182,-15.853,0,-3.1936,2.6603,-5.8681,10.489,13.956,1.0207,-10.58,-4.5939,2.9248,-12.816,-9.3988,1.1168,7.4585,0.98723,-11.385,4.2636,-12.626,-3.6129,3.443,9.3227,-15.692,-7.9938,15.203,-0.96374,7.2796,7.9364,-19.562,14.224,5.4776,2.5348,-10.878,-0.5391,18.134,-29.108,-2.738,-3.4681,5.9635,2.3206,0.66644,0.095798,-10.912,5.8695,-0.22045,-0.5843,-13.518,7.247,-4.1874,6.0494,4.6895,1.8271,3.0327,1.9506,2.7493,5.4619,-3.1936,0,19.601,-6.3011,-10.978,15.997,0.90957,14.221,-13.167,2.5299,-2.0715,25.754,7.5362,-11.133,11.751,10.006,-2.7205,-6.2292,-12.515,1.1528,-12.215,-2.9979,7.3659,-0.99359,14.629,-15.599,-0.63825,5.2596,0.75249,-3.6262,8.6838,-5.9646,-6.034,2.8803,6.3031,3.5014,12.051,1.7195,15.086,11.488,-5.8316,-2.2659,3.3109,-5.8645,-2.4562,-7.182,5.0089,-5.9668,4.7482,1.1107,5.012,-1.5675,4.5266,-3.9175,8.5817,2.6603,19.601,0,-1.4985,-15.006,14.986,4.1024,5.0911,-12.89,11.045,-1.0441,11.557,2.5785,-12.837,30.052,-0.58728,7.417,-7.4743,-9.996,-3.8388,-3.9294,-9.4211,9.0617,-5.9291,21.503,-6.0874,7.0037,-4.4183,12.248,2.8886,13.559,-15.334,-13.496,7.7138,3.777,7.6885,-0.052591,6.4961,9.3452,30.045,-1.1184,-8.0517,-9.7152,2.4313,-11.589,-7.8174,2.0694,12.687,-5.4192,-11.812,6.4503,-22.312,-8.3827,-8.3457,14.632,-5.8681,-6.3011,-1.4985,0,-0.17972,-10.464,9.6598,1.6754,-1.6699,9.1949,10.913,-0.92295,-11.158,7.5284,4.2314,-8.3167,0.07154,19.174,4.4004,-12.215,-1.4592,6.7449,18.946,-6.4782,4.1843,0.94401,6.6994,0.50758,2.1798,-7.0948,6.133,7.5458,2.1953,1.5487,6.6023,0.23112,-20.403,-6.2079,-0.13983,-1.3156,11.117,6.4689,6.4044,-7.2883,18.969,12.765,-26.56,-7.6529,-21.474,7.6259,-17.77,-1.3982,-11.58,4.1503,-14.051,10.489,-10.978,-15.006,-0.17972,0,0.39729,5.4538,-9.8135,5.5699,-0.87911,-1.7838,-11.712,-0.93293,27.204,-13.103,-4.7431,-3.3177,3.6537,-2.5157,-0.29182,9.1508,1.0679,-8.0976,18.763,-14.291,9.6612,4.9966,-6.9823,-1.8603,-3.6703,-9.2993,6.8513,7.0947,8.8249,-19.559,-19.063,0.53105,-3.373,-3.7698,-20.866,4.0108,-0.19253,13.572,-12.851,13.494,2.3995,-7.4055,-25.094,-1.6125,18.271,-10.049,5.7818,-4.0672,-1.6605,-7.0822,13.956,15.997,14.986,-10.464,0.39729,0,1.1872,3.549,-15.189,2.6494,-12.308,6.8186,5.1565,-1.1937,8.3889,-0.79176,-0.49556,-15.93,-14.255,3.6137,-2.1841,-15.373,-0.068629,11.159,7.516,-5.6791,4.616,-7.0909,7.7341,1.7728,7.2039,-10.641,-3.2712,16.205,-8.9307,-0.60828,7.4785,3.098,14.45,7.3731,-3.1817,-7.1788,6.6903,-10.628,3.6336,-2.4213,-7.6827,-0.14272,-20.13,-8.2587,2.7376,-23.603,-3.041,3.5404,9.5494,1.0207,0.90957,4.1024,9.6598,5.4538,1.1872,0,-6.9788,3.6992,26.903,16.543,-1.9315,-4.9274,7.087,10.38,-6.0012,11.242,13.871,-16.029,-28.824,9.8026,1.6878,7.9488,-3.0445,1.1471,10.099,29.971,-10.782,4.5773,-2.0788,-3.177,1.4227,-11.979,13.626,-2.1667,-16.024,-4.0239,-0.93367,-5.0065,2.0838,14.05,-3.5757,-1.359,7.7322,-9.1834,-16.915,13.384,4.747,12.654,2.8692,3.6138,2.1343,-6.8026,-6.0282,5.0226,-10.58,14.221,5.0911,1.6754,-9.8135,3.549,-6.9788,0,-16.523,-8.2722,-5.0686,20.135,-0.98917,-4.2196,1.5747,7.0855,-17.508,-1.5533,0.45831,5.5823,-27.74,0.85946,13.36,0.059436,7.7323,-34.07,-11.432,17.141,-9.0137,-6.5963,9.5491,6.653,9.4724,-4.65,14.43,8.2877,5.3587,-10.303,20.504,1.0966,-2.9913,13.417,-1.0773,2.6581,0.78354,6.1151,-1.654,7.1665,-5.4347,-11.988,4.539,-2.0358,11.092,13.008,0.001024,-4.5939,-13.167,-12.89,-1.6699,5.5699,-15.189,3.6992,-16.523,0,1.2922,13,-12.393,0.70228,0.65612,-7.6941,2.3132,9.6405,8.9847,2.0437,-5.5783,14.855,9.425,-12.17,-6.5982,-14.231,18.512,2.1475,-2.0849,-4.9958,3.88,-21.751,3.6158,-6.0115,-7.7466,-1.1962,-9.4756,1.5664,3.4539,-37.287,-6.1306,2.2212,-2.6937,1.7457,-8.9206,0.35732,-3.0491,-4.2748,-0.7057,-12.48,-8.4032,4.4136,-17.695,2.299,1.6978,12.694,2.9248,2.5299,11.045,9.1949,-0.87911,2.6494,26.903,-8.2722,1.2922,0,14.126,-0.32792,-1.6607,0.22438,18.513,-6.2363,17.681,8.3327,-11.328,-21.718,8.4764,-0.24198,8.1721,-7.2699,8.5416,9.0837,29.654,-12.523,13.825,-0.71386,3.1426,-7.2055,-19.788,12.174,-1.5879,-5.8485,-8.0355,6.3309,-4.1209,10.51,8.4122,-10.363,-3.6875,3.6268,-7.9805,-9.0921,4.5508,15.339,-6.9889,-25.986,12.993,-17.35,6.507,8.9277,19.279,-12.816,-2.0715,-1.0441,10.913,-1.7838,-12.308,16.543,-5.0686,13,14.126,0,0.17901,-1.8992,-1.1509,4.9185,2.6077,9.9094,25.229,-3.9521,-20.054,5.2457,14.261,6.0829,-15.812,0.28059,7.9094,9.5114,0.76127,-1.6904,-4.0327,-6.1006,4.4384,-11.803,-3.3442,8.4643,-7.7613,-3.0166,0.93912,-12.793,1.34,7.1479,-0.76006,-3.1842,9.3642,-6.7585,-24.97,12.595,3.4601,7.9525,2.2302,2.1203,2.9177,1.1518,3.7465,8.8513,-9.3988,25.754,11.557,-0.92295,-11.712,6.8186,-1.9315,20.135,-12.393,-0.32792,0.17901,0,9.9963,-10.4,6.0314,16.143,-8.7114,-0.94293,-3.6615,3.9748,-24.447,5.421,10.188,-2.4778,17.588,-24.777,-6.1917,15.123,-1.23,-12.488,12.531,-2.384,-1.1829,-3.7494,10.799,7.0602,8.5454,1.7024,16.507,6.366,-10.106,0.26519,-5.2106,9.0096,4.2281,-3.4776,0.99206,-2.9955,1.2035,7.585,-8.7823,14.249,10.222,17.954,-3.2901,1.1168,7.5362,2.5785,-11.158,-0.93293,5.1565,-4.9274,-0.98917,0.70228,-1.6607,-1.8992,9.9963,0,-8.7024,-3.4279,20.758,-2.2296,-5.6921,0.8935,11.587,-6.4619,7.8606,-9.2645,3.091,7.7185,-5.0544,-6.0813,6.6675,5.3328,-10.58,4.2862,-12.112,-4.7509,-5.1218,-4.6114,3.1355,10.576,19.896,2.6125,1.1767,-29.736,-15.978,4.9602,-7.8923,10.394,8.1628,-18.967,-4.0315,-18.441,4.6082,-11.489,-7.6281,-22.487,-3.5851,-7.9265,7.4585,-11.133,-12.837,7.5284,27.204,-1.1937,7.087,-4.2196,0.65612,0.22438,-1.1509,-10.4,-8.7024,0,-8.8872,-10.415,-5.5823,7.1511,-1.4743,-3.7797,5.9162,-0.28428,0.65063,15.03,-11.367,6.2472,6.091,-6.1271,-2.9133,-3.9258,-5.0308,12.211,11.162,10.637,-11.361,-14.931,-5.1809,-10.631,-0.14383,-18.891,10.588,6.3701,3.4482,-8.4028,-4.6258,-6.5161,4.1322,-2.2806,1.0754,-5.4684,10.017,-9.5252,3.7556,-5.6051,13.975,0.98723,11.751,30.052,4.2314,-13.103,8.3889,10.38,1.5747,-7.6941,18.513,4.9185,6.0314,-3.4279,-8.8872,0,-5.5782,13.041,-1.0438,-10.971,-12.393,1.112,-8.2581,12.668,-10.507,15.68,-0.44308,13.661,-8.096,11.611,5.0559,9.152,-10.392,-16.892,9.2309,5.3503,3.9568,-4.9424,3.5213,3.5795,28.054,6.1063,-5.7229,-5.0162,17.333,-2.8693,-12.062,9.9358,5.9154,6.2593,0.87072,-0.45862,10.316,9.285,18.786,2.0256,-11.385,10.006,-0.58728,-8.3167,-4.7431,-0.79176,-6.0012,7.0855,2.3132,-6.2363,2.6077,16.143,20.758,-10.415,-5.5782,0,-7.4051,0.23831,0.94108,8.8182,-12.45,14.62,-3.9508,-1.8047,4.2364,-10.626,-12.279,19.496,-6.3711,-11.858,0.028918,-0.8844,-1.1182,-13.756,6.1057,2.2321,17.04,6.5272,2.5124,-1.7128,-19.16,-2.8119,3.3158,-9.6819,0.91151,5.7631,-2.6151,-1.995,-4.9389,-10.178,8.1424,-7.3444,12.709,2.2969,5.9165,4.2636,-2.7205,7.417,0.07154,-3.3177,-0.49556,11.242,-17.508,9.6405,17.681,9.9094,-8.7114,-2.2296,-5.5823,13.041,-7.4051,0,1.2365,-6.5743,-14.096,19.498,-4.713,-2.7616,-11.457,0.92652,18.906,17.308,-17.289,11.082,12.094,-4.6072,-10.796,-26.056,5.313,-2.3902,-3.0138,-5.476,9.4867,-15.111,13.18,6.8013,-12.377,-5.6887,5.1906,-7.7717,-8.8804,1.9164,17.837,-9.4462,-18.052,7.4944,-20.385,-2.7693,4.28,14.128,-12.626,-6.2292,-7.4743,19.174,3.6537,-15.93,13.871,-1.5533,8.9847,8.3327,25.229,-0.94293,-5.6921,7.1511,-1.0438,0.23831,1.2365,0,0.033628,-15.516,1.806,17.303,9.2412,-7.77,-2.6025,4.821,6.2013,3.6332,-5.3301,-9.1284,-4.7646,12.967,-1.1317,-2.8187,7.1778,-9.0958,-6.1364,-5.6247,-7.8648,-6.7802,9.3968,5.9032,-23.045,15.885,-10.521,1.0632,6.5995,9.8634,9.2759,-1.4759,0.17141,6.5265,1.9375,-4.6483,-1.6778,-3.6129,-12.515,-9.996,4.4004,-2.5157,-14.255,-16.029,0.45831,2.0437,-11.328,-3.9521,-3.6615,0.8935,-1.4743,-10.971,0.94108,-6.5743,0.033628,0,11.62,-5.4629,6.7066,-3.0744,-2.3375,-0.77669,-2.5658,-15.017,8.8929,-0.43604,-2.9115,4.31,1.2772,10.857,-15.741,3.0004,14.19,-9.1562,2.2374,-1.9791,-5.0204,-7.6221,2.9777,-5.2982,9.0313,2.538,3.0839,1.8578,-4.667,10.92,16.563,-11.276,31.96,0.72717,0.59423,-14.338,3.443,1.1528,-3.8388,-12.215,-0.29182,3.6137,-28.824,5.5823,-5.5783,-21.718,-20.054,3.9748,11.587,-3.7797,-12.393,8.8182,-14.096,-15.516,11.62,0,-10.862,-0.58114,-10.268,9.9563,0.54929,-10.942,-23.045,9.5678,-1.4173,-3.2532,5.0492,-3.95,11.892,-8.1863,-3.9556,10.984,6.681,4.4428,8.3443,-4.5739,-21.467,-1.1167,8.5674,-14.937,9.5163,18.286,-13.264,-5.7708,-12.111,-4.6858,0.31356,-5.9679,3.5628,1.8576,-4.2944,9.3227,-12.215,-3.9294,-1.4592,9.1508,-2.1841,9.8026,-27.74,14.855,8.4764,5.2457,-24.447,-6.4619,5.9162,1.112,-12.45,19.498,1.806,-5.4629,-10.862,0,-5.9132,-9.3411,-0.79709,-12.157,42.066,15.193,-23.074,4.1081,13.762,-14.697,-1.9663,-9.0101,7.9575,-10.699,-12.27,-4.1401,2.2399,-20.225,-0.34309,11.336,-6.0442,-13.919,20.637,-8.1398,-11.772,6.6621,19.13,-2.1576,-9.3828,2.421,-2.6594,4.0904,13.871,8.3386,-15.692,-2.9979,-9.4211,6.7449,1.0679,-15.373,1.6878,0.85946,9.425,-0.24198,14.261,5.421,7.8606,-0.28428,-8.2581,14.62,-4.713,17.303,6.7066,-0.58114,-5.9132,0,1.0845,-5.5989,0.38771,-1.7852,-5.2199,15.119,-5.8134,-18.112,-2.0454,6.6509,0.86306,-13.894,6.7943,-2.0952,1.3155,2.7727,-5.173,-8.381,-6.2206,0.75262,-2.9782,0.61556,-12.443,-17.2,7.6695,7.8469,1.023,-7.0249,9.1557,-16.203,-8.6871,-10.38,18.617,-7.9938,7.3659,9.0617,18.946,-8.0976,-0.068629,7.9488,13.36,-12.17,8.1721,6.0829,10.188,-9.2645,0.65063,12.668,-3.9508,-2.7616,9.2412,-3.0744,-10.268,-9.3411,1.0845,0,-6.6561,11.806,-9.1903,4.8319,3.5862,0.48205,-5.9363,11.787,5.1307,0.44876,3.7376,13.075,3.4373,-8.2896,-8.8699,10.16,5.8978,8.8799,8.5729,7.7972,-6.7467,21.169,9.9511,-18.362,-16.807,-8.1535,27.157,-32.567,7.705,-15.078,-0.51441,-22.943,15.203,-0.99359,-5.9291,-6.4782,18.763,11.159,-3.0445,0.059436,-6.5982,-7.2699,-15.812,-2.4778,3.091,15.03,-10.507,-1.8047,-11.457,-7.77,-2.3375,9.9563,-0.79709,-5.5989,-6.6561,0,-5.6679,-2.1055,-1.7752,-3.0558,-0.29063,-4.1953,0.040744,1.8139,12.384,10.036,-19.081,-6.8195,4.9134,-2.9047,8.9338,-12.906,-3.0714,-0.049034,-8.0191,4.0365,-7.7481,-14.066,8.0914,0.6274,5.1531,0.82447,2.2747,-0.74417,3.2541,-2.212,11.587,-0.96374,14.629,21.503,4.1843,-14.291,7.516,1.1471,7.7323,-14.231,8.5416,0.28059,17.588,7.7185,-11.367,15.68,4.2364,0.92652,-2.6025,-0.77669,0.54929,-12.157,0.38771,11.806,-5.6679,0,-11.485,1.5462,3.2003,13.881,-7.8131,27.85,-13.58,-7.3217,1.6946,5.3713,13.244,-3.8773,9.8161,12.476,16.818,-7.6416,-8.3779,4.2346,-10.257,7.2101,15.731,-12.089,-2.4945,-13.251,-6.8233,0.49226,-6.8905,4.4647,3.4503,-2.646,7.2796,-15.599,-6.0874,0.94401,9.6612,-5.6791,10.099,-34.07,18.512,9.0837,7.9094,-24.777,-5.0544,6.2472,-0.44308,-10.626,18.906,4.821,-2.5658,-10.942,42.066,-1.7852,-9.1903,-2.1055,-11.485,0,14.154,-18.573,4.5845,9.7343,-13.955,-1.5201,-8.78,5.3771,-9.9415,-11.638,-6.0849,3.7953,-24.903,-1.7587,9.7108,-6.8124,8.4197,-18.386,6.4599,3.5725,-11.363,-5.7455,-18.232,-4.8614,1.0767,-17.701,-2.0328,-0.46373,5.3824,7.9364,-0.63825,7.0037,6.6994,4.9966,4.616,29.971,-11.432,2.1475,29.654,9.5114,-6.1917,-6.0813,6.091,13.661,-12.279,17.308,6.2013,-15.017,-23.045,15.193,-5.2199,4.8319,-1.7752,1.5462,14.154,0,-21.601,10.649,3.6459,-1.6541,-4.0028,-14.185,20.066,-6.6109,-11.807,-7.0846,1.8379,-5.3499,5.9168,14.479,-7.3917,-10.806,28.166,-12.199,-16.729,17.179,14.376,12.113,-1.7501,3.3792,6.1185,1.3353,4.5265,4.6877,-19.562,5.2596,-4.4183,0.50758,-6.9823,-7.0909,-10.782,17.141,-2.0849,-12.523,0.76127,15.123,6.6675,-6.1271,-8.096,19.496,-17.289,3.6332,8.8929,9.5678,-23.074,15.119,3.5862,-3.0558,3.2003,-18.573,-21.601,0,-12.474,-12.716,3.3262,7.6849,9.0499,-20.238,14.556,7.5218,7.1486,-3.1398,6.3639,-5.1291,-11.09,8.796,-4.2204,-6.1085,3.0244,3.7045,-6.0724,-8.389,-4.655,3.6047,-4.8159,-1.0044,3.5197,-2.6161,1.3338,14.224,0.75249,12.248,2.1798,-1.8603,7.7341,4.5773,-9.0137,-4.9958,13.825,-1.6904,-1.23,5.3328,-2.9133,11.611,-6.3711,11.082,-5.3301,-0.43604,-1.4173,4.1081,-5.8134,0.48205,-0.29063,13.881,4.5845,10.649,-12.474,0,-0.02256,13.169,-24.31,-10.726,9.9926,-9.3984,5.7112,-10.898,17.805,1.5472,12.484,-3.3195,-21.598,10.319,-12.408,2.1868,13.284,-1.0604,-6.3094,4.9205,-2.2322,7.0972,1.1606,5.2643,-7.6434,-4.3066,5.4776,-3.6262,2.8886,-7.0948,-3.6703,1.7728,-2.0788,-6.5963,3.88,-0.71386,-4.0327,-12.488,-10.58,-3.9258,5.0559,-11.858,12.094,-9.1284,-2.9115,-3.2532,13.762,-18.112,-5.9363,-4.1953,-7.8131,9.7343,3.6459,-12.716,-0.02256,0,-8.3053,-3.0389,-4.8826,2.848,-0.95322,0.74367,-0.90995,-2.528,-7.9847,7.5945,8.8167,0.96958,-9.896,3.7466,-6.529,-9.087,4.9078,-1.1188,5.5512,5.6161,-2.2896,1.0318,-3.3129,-8.7192,5.5605,2.5348,8.6838,13.559,6.133,-9.2993,7.2039,-3.177,9.5491,-21.751,3.1426,-6.1006,12.531,4.2862,-5.0308,9.152,0.028918,-4.6072,-4.7646,4.31,5.0492,-14.697,-2.0454,11.787,0.040744,27.85,-13.955,-1.6541,3.3262,13.169,-8.3053,0,-9.8529,1.027,2.6625,2.3604,16.614,-7.919,5.5866,18.362,9.7727,-7.0944,-4.1905,2.1324,3.1753,-3.2998,-3.1461,1.2041,9.9012,-2.2517,-5.4743,3.2506,-7.3722,-11.857,-2.0686,0.92116,-10.878,-5.9646,-15.334,7.5458,6.8513,-10.641,1.4227,6.653,3.6158,-7.2055,4.4384,-2.384,-12.112,12.211,-10.392,-0.8844,-10.796,12.967,1.2772,-3.95,-1.9663,6.6509,5.1307,1.8139,-13.58,-1.5201,-4.0028,7.6849,-24.31,-3.0389,-9.8529,0,13.876,-4.0826,6.7581,-8.8826,1.3186,-26.206,-1.3796,-17.27,10.438,27.392,-2.8899,5.2667,-0.0011865,1.8979,-1.2552,1.2759,3.2812,8.5785,-7.9253,5.2051,-16.325,-8.0976,-9.7762,-0.5391,-6.034,-13.496,2.1953,7.0947,-3.2712,-11.979,9.4724,-6.0115,-19.788,-11.803,-1.1829,-4.7509,11.162,-16.892,-1.1182,-26.056,-1.1317,10.857,11.892,-9.0101,0.86306,0.44876,12.384,-7.3217,-8.78,-14.185,9.0499,-10.726,-4.8826,1.027,13.876,0,-3.8353,-0.63746,2.1109,-0.65445,-13.418,8.3331,-17.407,-0.97373,16.085,14.28,-28.01,14.879,7.0265,-18.757,-18.187,-15.144,7.926,-8.5038,-7.5357,-11.147,-5.4963,-3.9139,18.134,2.8803,7.7138,1.5487,8.8249,16.205,13.626,-4.65,-7.7466,12.174,-3.3442,-3.7494,-5.1218,10.637,9.2309,-13.756,5.313,-2.8187,-15.741,-8.1863,7.9575,-13.894,3.7376,10.036,1.6946,5.3771,20.066,-20.238,9.9926,2.848,2.6625,-4.0826,-3.8353,0,-13.423,-9.483,-3.4811,-1.5064,5.0897,2.7008,9.9635,-4.7832,-6.5263,11.892,-27.893,-20.13,32.34,20.503,14.546,-15.219,24.558,-4.9548,4.6668,-2.6047,19.284,-29.108,6.3031,3.777,6.6023,-19.559,-8.9307,-2.1667,14.43,-1.1962,-1.5879,8.4643,10.799,-4.6114,-11.361,5.3503,6.1057,-2.3902,7.1778,3.0004,-3.9556,-10.699,6.7943,13.075,-19.081,5.3713,-9.9415,-6.6109,14.556,-9.3984,-0.95322,2.3604,6.7581,-0.63746,-13.423,0,8.3498,0.31475,-6.6984,1.4018,6.0621,1.8293,11.446,-14.179,10.185,-14.06,-5.366,14.987,4.0011,22.695,0.96933,4.8916,8.4067,5.8903,-8.9284,3.6898,-2.738,3.5014,7.6885,0.23112,-19.063,-0.60828,-16.024,8.2877,-9.4756,-5.8485,-7.7613,7.0602,3.1355,-14.931,3.9568,2.2321,-3.0138,-9.0958,14.19,10.984,-12.27,-2.0952,3.4373,-6.8195,13.244,-11.638,-11.807,7.5218,5.7112,0.74367,16.614,-8.8826,2.1109,-9.483,8.3498,0,-5.5765,5.6916,7.5256,10.928,-10.303,-0.96379,10.589,1.7466,7.5376,-2.2651,1.6761,-4.6556,3.191,6.6164,-3.2527,11.57,4.3998,14.108,-6.2782,-3.4681,12.051,-0.052591,-20.403,0.53105,7.4785,-4.0239,5.3587,1.5664,-8.0355,-3.0166,8.5454,10.576,-5.1809,-4.9424,17.04,-5.476,-6.1364,-9.1562,6.681,-4.1401,1.3155,-8.2896,4.9134,-3.8773,-6.0849,-7.0846,7.1486,-10.898,-0.90995,-7.919,1.3186,-0.65445,-3.4811,0.31475,-5.5765,0,-0.20499,2.6067,-2.8078,-8.3389,0.098377,-7.3444,3.1966,2.3041,1.6646,-0.8128,-3.6902,-0.46438,2.0619,-4.0653,7.5316,16.346,10.191,-0.099109,5.9635,1.7195,6.4961,-6.2079,-3.373,3.098,-0.93367,-10.303,3.4539,6.3309,0.93912,1.7024,19.896,-10.631,3.5213,6.5272,9.4867,-5.6247,2.2374,4.4428,2.2399,2.7727,-8.8699,-2.9047,9.8161,3.7953,1.8379,-3.1398,17.805,-2.528,5.5866,-26.206,-13.418,-1.5064,-6.6984,5.6916,-0.20499,0,-3.7952,8.8762,-15.253,-34.988,0.82137,0.52648,0.16538,-8.2295,2.1011,-6.0178,5.2198,14.067,-6.7397,4.3437,-11.448,-7.792,-1.244,2.3206,15.086,9.3452,-0.13983,-3.7698,14.45,-5.0065,20.504,-37.287,-4.1209,-12.793,16.507,2.6125,-0.14383,3.5795,2.5124,-15.111,-7.8648,-1.9791,8.3443,-20.225,-5.173,10.16,8.9338,12.476,-24.903,-5.3499,6.3639,1.5472,-7.9847,18.362,-1.3796,8.3331,5.0897,1.4018,7.5256,2.6067,-3.7952,0,2.3513,-5.364,3.582,0.0090766,-3.6944,-6.4542,-4.8909,8.3368,-2.1035,8.017,-4.0404,10.546,-1.3297,11.096,-4.0685,10.423,0.66644,11.488,30.045,-1.3156,-20.866,7.3731,2.0838,1.0966,-6.1306,10.51,1.34,6.366,1.1767,-18.891,28.054,-1.7128,13.18,-6.7802,-5.0204,-4.5739,-0.34309,-8.381,5.8978,-12.906,16.818,-1.7587,5.9168,-5.1291,12.484,7.5945,9.7727,-17.27,-17.407,2.7008,6.0621,10.928,-2.8078,8.8762,2.3513,0,-0.71391,-8.8725,9.2306,-13.754,-0.26812,3.2854,-4.9067,1.2635,-8.1514,-9.2653,7.7606,-22.026,-8.9217,-9.7621,4.9736,0.095798,-5.8316,-1.1184,11.117,4.0108,-3.1817,14.05,-2.9913,2.2212,8.4122,7.1479,-10.106,-29.736,10.588,6.1063,-19.16,6.8013,9.3968,-7.6221,-21.467,11.336,-6.2206,8.8799,-3.0714,-7.6416,9.7108,14.479,-11.09,-3.3195,8.8167,-7.0944,10.438,-0.97373,9.9635,1.8293,-10.303,-8.3389,-15.253,-5.364,-0.71391,0,9.8456,1.8239,2.9501,-7.4404,-4.4462,6.1494,8.6818,5.4102,-3.8964,6.4953,-4.7075,-11.761,-9.5447,1.6961,-10.912,-2.2659,-8.0517,6.4689,-0.19253,-7.1788,-3.5757,13.417,-2.6937,-10.363,-0.76006,0.26519,-15.978,6.3701,-5.7229,-2.8119,-12.377,5.9032,2.9777,-1.1167,-6.0442,0.75262,8.5729,-0.049034,-8.3779,-6.8124,-7.3917,8.796,-21.598,0.96958,-4.1905,27.392,16.085,-4.7832,11.446,-0.96379,0.098377,-34.988,3.582,-8.8725,9.8456,0
