0,-2.1533,-27.071,8.9818,6.6185,22.563,-26.434,-41.531,-37.198,4.6485,9.2553,-7.6687,-0.38394,-14.453,-3.9782,-23.523,7.7497,9.4046,-12.567,28.89,-13.369,32.26,21.171,5.0381,-13.376,9.635,-32.262,-11.726,10.91,-14.47,3.8635,29.439,-4.5094,29.161,8.7787,7.8336,31.596,2.2076,8.2604,6.9136,5.1678,9.4676,-22.407,-1.2394,28.777,-5.6016,28.221,2.9745,12.363,-46.219,-25.046,-13.658,-5.4574,-0.20775,0.06147,-2.1533,0,5.1922,14.892,21.988,-9.866,5.5078,-2.6025,2.9919,1.0947,-4.5584,-5.2355,23.037,-10.496,-8.7194,-7.4722,-3.0772,4.5118,-16.202,-0.36312,7.3144,-3.9458,1.3854,14.623,9.7304,-20.933,5.0495,2.8685,-1.1211,-11.405,30.959,-9.601,2.1567,2.4332,-19.262,-24.103,3.3978,-13.843,16.613,-7.6935,-32.7,-9.6723,4.9715,7.2498,-6.9728,2.6963,-5.2735,-3.4049,-2.6045,0.73593,8.8619,14.626,5.6455,14.756,2.7756,-27.071,5.1922,0,-2.2358,0.73747,-14.763,55.903,22.2,30.924,4.7981,-13.918,4.4725,5.5129,5.5544,4.8071,11.381,-18.22,-8.7173,7.4216,-24.075,19.896,-40.471,-20.629,-8.9619,23.652,-7.1821,24.456,15.645,-19.14,4.5587,0.67199,-19.032,5.8281,-21.896,-17.288,-11.404,-27.183,-4.8218,-2.2998,-16.759,-10.522,-15.143,36.926,2.0455,-16.172,4.6375,-17.861,-1.6418,-11.198,23.406,19.026,26.326,9.8124,5.5698,3.9452,8.9818,14.892,-2.2358,0,29.723,1.0523,-0.89284,-13.483,-9.3725,8.5095,-9.6038,-23.086,8.6882,-38.714,-16.403,-18.136,-0.6799,18.296,-13.285,3.8943,-3.8663,2.6181,14.338,5.6522,8.6721,-7.0343,-2.4149,6.5929,4.7712,-23.245,15.402,4.2211,10.293,16.09,-13.949,-15.232,12.04,-20.424,11.456,-12.361,-10.845,1.8835,-4.4012,15.499,5.3994,-11.506,11.154,-9.5801,12.949,-12.625,-7.5015,5.9903,-4.1625,4.5848,-4.1054,6.6185,21.988,0.73747,29.723,0,0.96786,1.2255,-11.448,-4.622,11.473,-5.365,-11.115,19.428,-27.102,-8.1945,-20.143,-5.9086,8.2372,-20.992,5.2511,3.5686,1.4336,6.9939,7.0302,8.7255,-7.3293,-2.6371,2.7344,-1.3544,-29.983,27.44,1.7278,3.2568,10.081,-16.987,-15.482,9.1662,-13.311,21.923,-11.711,-20.117,-6.2294,0.75509,7.3988,4.2643,-2.4033,5.4588,-2.1909,3.7814,-8.6884,-1.7381,11.137,4.1943,14.209,3.8629,22.563,-9.866,-14.763,1.0523,0.96786,0,-16.014,-17.06,-16.085,11.105,11.218,0.6408,-1.8208,-6.6612,7.1161,-14.727,-0.6143,-0.82909,-6.0986,20.607,-5.3924,19.307,7.117,-4.8283,-13.004,25.932,-30.259,-12.532,0.64995,-9.8369,-1.734,36.782,-9.4668,11.12,11.646,17.087,11.829,11.33,5.5549,5.8644,8.4525,3.602,-10.361,-9.9866,42.534,-0.04886,19.022,11.401,4.4843,-18.744,-19.142,-10.952,1.3097,1.4252,7.1661,-26.434,5.5078,55.903,-0.89284,1.2255,-16.014,0,21.431,27.179,4.3886,-16.859,2.2874,4.5476,4.4532,2.6507,11.358,-16.369,-6.3134,8.0231,-26.974,16.813,-46.796,-17.419,-8.8394,27.243,-8.2668,27.18,18.791,-16.345,4.4204,0.42516,-19.144,8.2704,-19.276,-18.806,-13.105,-25.198,-6.9586,-3.1786,-18.753,-10.172,-12.703,30.478,4.3429,-16.703,2.3917,-16.123,-3.932,-8.7032,21.763,17.18,25.851,7.497,4.083,1.8234,-41.531,-2.6025,22.2,-13.483,-11.448,-17.06,21.431,0,31.373,-5.0761,-7.3802,9.6676,-3.3647,19.342,6.4247,30.95,-6.8561,-11.236,17.683,-27.098,11.179,-26.143,-22.547,-8.1084,9.8516,-5.2462,25.153,10.156,-10.642,19.347,-8.5413,-21.399,3.4312,-33.525,-4.4889,-3.2344,-38.257,1.0801,-12.203,-4.5517,-0.68493,-7.1574,19.327,-0.88259,-22.466,5.4092,-23.951,-1.7077,-11.995,42.903,19.698,9.3508,4.3715,-2.5568,-0.37186,-37.198,2.9919,30.924,-9.3725,-4.622,-16.085,27.179,31.373,0,-0.65264,-6.1698,11.835,4.447,13.539,8.8379,17.202,-13.117,-15.062,8.5334,-20.358,21.501,-27.906,-31.286,-5.9129,12.555,-6.7611,22.173,8.1279,-17.795,10.366,-1.2341,-23.981,0.14813,-37.265,-9.3387,-6.3067,-33.102,0.90326,-3.6506,-7.0997,-7.879,-16.293,32.857,-3.1609,-20.761,10.716,-31.199,2.2628,-18.939,40.859,29.604,17.139,11.916,5.3544,5.8933,4.6485,1.0947,4.7981,8.5095,11.473,11.105,4.3886,-5.0761,-0.65264,0,-4.3679,-1.9738,8.1823,-11.716,6.696,-11.78,-21.038,-2.8878,-5.5603,2.7586,8.3635,-1.1431,-2.3424,-12.056,7.6433,9.6801,-4.8086,3.1104,-14.17,-16.459,5.3509,8.5994,-0.40584,1.4386,-8.2647,-0.78665,-0.46969,-0.090168,9.8848,-14.098,-5.9179,-9.0113,6.6083,-2.7589,11.807,0.36109,6.9234,6.5182,-0.48972,-5.1672,-4.8392,9.6286,10.017,10.699,11.435,9.2553,-4.5584,-13.918,-9.6038,-5.365,11.218,-16.859,-7.3802,-6.1698,-4.3679,0,14.034,2.0506,5.6779,10.604,-4.4195,5.7025,-9.0908,-7.808,19.297,-0.7436,17.307,0.24413,7.6654,-29.025,8.6031,-17.18,-52.253,2.2256,0.4793,1.0234,7.6998,-31.351,2.5254,18.572,17.288,8.036,21.898,6.268,26.85,4.5279,-1.3844,-7.528,-21.642,8.087,14.267,0.97662,19.653,-7.5592,-5.3616,-1.6859,-12.535,6.1337,4.9327,10.838,-7.6687,-5.2355,4.4725,-23.086,-11.115,0.6408,2.2874,9.6676,11.835,-1.9738,14.034,0,3.0813,19.687,27.587,8.3873,-6.3103,-37.965,2.3832,0.29362,13.847,-2.1274,-20.541,-2.3896,-6.9788,5.7979,-0.049321,-11.426,-12.557,9.2946,-3.1423,-4.8152,-21.366,-17.029,7.3744,10.867,-10.368,23.854,0.55555,9.6344,0.51182,-13.127,9.6329,-28.365,-3.715,29.842,-14.452,22.177,-29.152,11.868,12.576,0.7004,17.218,7.4418,17.043,-0.38394,23.037,5.5129,8.6882,19.428,-1.8208,4.5476,-3.3647,4.447,8.1823,2.0506,3.0813,0,-7.9781,2.5324,-10.514,-10.993,-4.7724,-21.134,4.2427,16.087,-1.6716,-4.3574,8.403,5.6269,-7.4885,-0.45844,-3.5267,-9.726,-14.708,32.251,-4.7848,-7.2337,-0.76213,-13.48,-10.573,1.7376,-2.6526,30.036,-5.4983,-32.515,-21.319,8.8693,-3.5564,-1.2076,12.067,-5.6623,8.0713,-10.469,0.62321,9.3711,15.71,18.524,38.425,16.029,-14.453,-10.496,5.5544,-38.714,-27.102,-6.6612,4.4532,19.342,13.539,-11.716,5.6779,19.687,-7.9781,0,11.9,25.979,1.0577,-15.875,15.278,-8.4095,4.8322,-6.745,-16.09,-4.0272,-4.7192,1.7364,7.5827,-2.8644,-4.4174,30.961,-13.895,-9.7315,-6.5171,-20.161,9.2537,8.9369,-15.633,13.272,-13.234,9.5261,7.8196,-2.4145,6.741,-10.365,-11.347,10.363,-16.395,5.4598,-13.417,18.473,11.878,-3.0166,3.1917,-5.1345,1.6054,-3.9782,-8.7194,4.8071,-16.403,-8.1945,7.1161,2.6507,6.4247,8.8379,6.696,10.604,27.587,2.5324,11.9,0,3.9414,-12.82,-35.249,2.5748,1.5568,14.378,-1.4582,-18.872,-10.059,-4.7964,14.022,-3.18,-8.8769,-18.747,4.0385,-4.3947,1.2619,-18.176,-13.737,6.2005,13.681,-9.9252,25.335,1.5235,4.2989,1.9128,-13.446,10.272,-30.652,2.7814,20.17,-7.0784,27.077,-20.04,7.2168,6.0581,1.7432,19.344,8.1422,21.823,-23.523,-7.4722,11.381,-18.136,-20.143,-14.727,11.358,30.95,17.202,-11.78,-4.4195,8.3873,-10.514,25.979,3.9414,0,0.65452,-7.6365,24.719,-20.535,3.3072,-15.334,-13.795,-6.1999,3.5932,-3.6856,18.306,7.2393,-3.1764,35.635,-15.192,-15.77,3.6869,-20.864,2.0084,1.0087,-21.848,2.7098,-20.894,1.2641,6.0556,0.091582,9.0994,-0.27036,-19.297,2.256,-16.922,-3.8524,-7.0805,24.604,12.597,1.2571,-1.7997,-9.6671,-5.4883,7.7497,-3.0772,-18.22,-0.6799,-5.9086,-0.6143,-16.369,-6.8561,-13.117,-21.038,5.7025,-6.3103,-10.993,1.0577,-12.82,0.65452,0,12.574,0.61424,6.1418,-24.512,12.144,16.253,12.973,-13.354,-3.5987,-5.1174,-5.7529,37.526,5.6058,-4.3715,3.398,1.9796,11.589,12.532,3.7767,12.666,-1.6518,-6.6111,15.417,10.655,22.113,-23.481,5.7376,0.50087,-8.2598,6.2651,-8.5072,11.741,-7.8137,-7.9176,-20.949,-20.16,-14.478,-16.065,9.4046,4.5118,-8.7173,18.296,8.2372,-0.82909,-6.3134,-11.236,-15.062,-2.8878,-9.0908,-37.965,-4.7724,-15.875,-35.249,-7.6365,12.574,0,-2.8618,1.9892,-19.652,5.4287,27.431,6.4886,2.3412,-6.7083,-1.6623,7.1587,20.21,-6.7807,2.4478,5.0458,17.05,20.437,-3.231,-8.4015,13.969,-19.64,-1.4343,-3.9085,1.609,17.876,-14.911,25.123,3.343,-27.313,14.498,-22.168,32.101,-13.344,-13.269,-4.9815,-22.527,-9.7242,-20.739,-12.567,-16.202,7.4216,-13.285,-20.992,-6.0986,8.0231,17.683,8.5334,-5.5603,-7.808,2.3832,-21.134,15.278,2.5748,24.719,0.61424,-2.8618,0,-17.439,-2.3723,-11.11,-7.3971,-15.098,3.5105,3.3244,11.757,10.623,-1.3307,22.94,-29.126,-5.2486,8.4679,-11.894,4.1728,4.5818,-16.191,1.924,-36.984,-1.4869,14.103,6.3564,4.3411,2.3389,-7.9781,-5.3908,-5.1044,-6.6211,0.8127,12.045,2.0154,-2.4604,-7.2291,-18.119,-9.5299,28.89,-0.36312,-24.075,3.8943,5.2511,20.607,-26.974,-27.098,-20.358,2.7586,19.297,0.29362,4.2427,-8.4095,1.5568,-20.535,6.1418,1.9892,-17.439,0,-6.5732,35.654,11.872,8.7459,-19.271,8.9244,-39.126,-23.467,6.8163,-12.291,6.8173,19.572,-13.943,16.996,10.835,10.136,24.374,8.0735,13.039,12.561,2.1342,2.9884,-15.782,-8.5357,21.259,3.1378,13.969,10.611,3.1926,-22.318,-12.695,-12.128,1.2131,5.4183,6.7313,-13.369,7.3144,19.896,-3.8663,3.5686,-5.3924,16.813,11.179,21.501,8.3635,-0.7436,13.847,16.087,4.8322,14.378,3.3072,-24.512,-19.652,-2.3723,-6.5732,0,-13.44,-25.273,-4.0838,9.6136,-2.4352,8.085,1.2893,-31.59,-1.0084,7.4257,-11.38,-7.1557,-18.35,-11.039,-5.0104,-14.949,3.8749,8.1303,-7.5662,-15.599,-45.328,30.966,-9.2593,-7.6303,18.899,-17.351,11.471,-25.874,14.948,20.312,21.948,31.465,19.958,19.944,32.26,-3.9458,-40.471,2.6181,1.4336,19.307,-46.796,-26.143,-27.906,-1.1431,17.307,-2.1274,-1.6716,-6.745,-1.4582,-15.334,12.144,5.4287,-11.11,35.654,-13.44,0,16.651,8.3746,-24.07,9.2594,-35.142,-20.055,12.84,-7.7683,1.9889,21.868,-9.6801,20.456,15.678,12.31,27.672,7.1097,6.4192,15.753,7.5027,9.5208,-25.265,-5.4365,20.429,-1.195,17.425,5.917,7.6537,-25.121,-17.477,-20.145,-4.7348,-0.9788,0.89579,21.171,1.3854,-20.629,14.338,6.9939,7.117,-17.419,-22.547,-31.286,-2.3424,0.24413,-20.541,-4.3574,-16.09,-18.872,-13.795,16.253,27.431,-7.3971,11.872,-25.273,16.651,0,8.8376,-6.3802,-0.4392,-11.584,-2.1139,24.77,-9.3926,2.8299,13.369,6.2678,39.878,3.8693,-0.6308,28.035,-8.4637,2.0392,3.2445,4.7639,19.471,-28.436,11.159,11.266,-17.019,23.18,-9.9086,27.19,-25.991,-21.435,-12.343,-18.052,-7.5104,-12.502,5.0381,14.623,-8.9619,5.6522,7.0302,-4.8283,-8.8394,-8.1084,-5.9129,-12.056,7.6654,-2.3896,8.403,-4.0272,-10.059,-6.1999,12.973,6.4886,-15.098,8.7459,-4.0838,8.3746,8.8376,0,-6.5512,-14.019,-3.5056,-9.0155,12.212,-3.9608,14.22,-3.4483,-4.2981,8.6202,0.17822,-6.1328,13.038,-4.3681,9.7529,9.2576,-7.8206,1.2944,-8.3818,2.6358,-3.2587,2.8463,-1.3254,-1.6674,0.5829,-4.8231,2.6633,-3.1884,-2.0275,4.6785,-1.8205,-13.376,9.7304,23.652,8.6721,8.7255,-13.004,27.243,9.8516,12.555,7.6433,-29.025,-6.9788,5.6269,-4.7192,-4.7964,3.5932,-13.354,2.3412,3.5105,-19.271,9.6136,-24.07,-6.3802,-6.5512,0,-10.405,19.698,27.873,-9.6701,-2.6166,4.3628,-12.189,15.983,-7.2423,-31.536,-21.78,-11.788,-16.896,-0.25109,-35.315,-12.574,-7.6135,16.44,12.598,-10.577,-4.8125,-6.5353,-10.043,-0.37276,9.5976,8.3366,25.972,2.5405,3.3716,-2.2396,9.635,-20.933,-7.1821,-7.0343,-7.3293,25.932,-8.2668,-5.2462,-6.7611,9.6801,8.6031,5.7979,-7.4885,1.7364,14.022,-3.6856,-3.5987,-6.7083,3.3244,8.9244,-2.4352,9.2594,-0.4392,-14.019,-10.405,0,-14.801,-8.1357,-3.9561,-0.9397,-10.618,20.089,-8.4321,1.7829,14.126,25.272,1.706,17.297,-2.2612,5.1164,14.431,2.6101,-4.251,-13.342,19.611,1.4295,10.532,12.22,0.61674,-7.3914,-12.502,-9.8365,2.2029,-2.4463,6.8696,-32.262,5.0495,24.456,-2.4149,-2.6371,-30.259,27.18,25.153,22.173,-4.8086,-17.18,-0.049321,-0.45844,7.5827,-3.18,18.306,-5.1174,-1.6623,11.757,-39.126,8.085,-35.142,-11.584,-3.5056,19.698,-14.801,0,20,-5.9838,10.732,-2.3611,-28.505,12.239,-16.385,-13.52,-14.427,-20.705,-9.9378,-8.8599,-11.503,-6.2167,-4.9949,16.449,9.1041,-30.018,-1.0956,-18.013,-10.582,-4.8755,24.118,17.45,14.569,0.12579,-2.4389,-5.8428,-11.726,2.8685,15.645,6.5929,2.7344,-12.532,18.791,10.156,8.1279,3.1104,-52.253,-11.426,-3.5267,-2.8644,-8.8769,7.2393,-5.7529,7.1587,10.623,-23.467,1.2893,-20.055,-2.1139,-9.0155,27.873,-8.1357,20,0,-2.9401,2.1527,-3.1194,-9.1444,29.441,-4.8083,-16.514,-15.285,-10.651,-18.565,-8.6234,-23.981,-3.2003,1.2714,8.7503,19.22,-9.831,-12.966,-2.6958,-18.844,6.1009,7.6996,2.9821,12.105,-5.9634,-6.1101,-10.99,10.91,-1.1211,-19.14,4.7712,-1.3544,0.64995,-16.345,-10.642,-17.795,-14.17,2.2256,-12.557,-9.726,-4.4174,-18.747,-3.1764,37.526,20.21,-1.3307,6.8163,-31.59,12.84,24.77,12.212,-9.6701,-3.9561,-5.9838,-2.9401,0,1.0296,-2.1877,5.7377,5.5676,17.654,8.4979,0.96758,16.79,-5.8921,-4.6836,9.7239,8.7865,26.187,-28.102,10.158,2.9335,-13.564,10.881,-12.055,18.601,-12.168,-11.967,-17.807,-25.189,-14.099,-19.119,-14.47,-11.405,4.5587,-23.245,-29.983,-9.8369,4.4204,19.347,10.366,-16.459,0.4793,9.2946,-14.708,30.961,4.0385,35.635,5.6058,-6.7807,22.94,-12.291,-1.0084,-7.7683,-9.3926,-3.9608,-2.6166,-0.9397,10.732,2.1527,1.0296,0,-19.042,-10.186,0.78011,-14.564,8.363,5.9037,-13.838,6.2316,-23.336,7.3644,11.252,3.9768,3.2378,-2.4376,-13.53,2.1498,-12.206,-2.3793,-5.2503,16.146,8.1155,-4.9828,-4.3341,-13.045,-6.5196,3.8635,30.959,0.67199,15.402,27.44,-1.734,0.42516,-8.5413,-1.2341,5.3509,1.0234,-3.1423,32.251,-13.895,-4.3947,-15.192,-4.3715,2.4478,-29.126,6.8173,7.4257,1.9889,2.8299,14.22,4.3628,-10.618,-2.3611,-3.1194,-2.1877,-19.042,0,-2.5617,-3.5209,5.784,-13.03,-13.466,7.9303,-7.463,31.026,-4.6381,-27.784,-11.132,2.3527,1.6952,0.29026,5.4852,-0.97519,2.6773,-3.2717,-4.4154,4.5052,10.784,9.1639,21.967,8.3365,29.439,-9.601,-19.032,4.2211,1.7278,36.782,-19.144,-21.399,-23.981,8.5994,7.6998,-4.8152,-4.7848,-9.7315,1.2619,-15.77,3.398,5.0458,-5.2486,19.572,-11.38,21.868,13.369,-3.4483,-12.189,20.089,-28.505,-9.1444,5.7377,-10.186,-2.5617,0,-4.2338,17.238,11.315,13.809,16.132,6.2,3.2993,5.092,10.551,9.2342,-16.106,-4.0473,46.217,-5.7903,29.749,4.9974,10.965,-26.376,-30.454,-13.985,-4.426,-2.7182,1.2611,-4.5094,2.1567,5.8281,10.293,3.2568,-9.4668,8.2704,3.4312,0.14813,-0.40584,-31.351,-21.366,-7.2337,-6.5171,-18.176,3.6869,1.9796,17.05,8.4679,-13.943,-7.1557,-9.6801,6.2678,-4.2981,15.983,-8.4321,12.239,29.441,5.5676,0.78011,-3.5209,-4.2338,0,2.7536,-10.839,-13.548,-2.5682,-24.486,-9.6176,-15.495,0.46091,9.3679,-0.10458,33.4,-5.8778,-24.813,3.4111,-34.059,15.457,0.87128,-3.2972,4.4294,-15.22,-11.701,-21.068,29.161,2.4332,-21.896,16.09,10.081,11.12,-19.276,-33.525,-37.265,1.4386,2.5254,-17.029,-0.76213,-20.161,-13.737,-20.864,11.589,20.437,-11.894,16.996,-18.35,20.456,39.878,8.6202,-7.2423,1.7829,-16.385,-4.8083,17.654,-14.564,5.784,17.238,2.7536,0,3.4683,0.37247,37.241,-6.1531,6.5082,3.0269,2.6189,13.598,-25.02,7.3377,16.038,-12.424,26.784,-5.2506,20.781,-37.291,-22.679,-10.71,-11.605,-2.9639,-6.7926,8.7787,-19.262,-17.288,-13.949,-16.987,11.646,-18.806,-4.4889,-9.3387,-8.2647,18.572,7.3744,-13.48,9.2537,6.2005,2.0084,12.532,-3.231,4.1728,10.835,-11.039,15.678,3.8693,0.17822,-31.536,14.126,-13.52,-16.514,8.4979,8.363,-13.03,11.315,-10.839,3.4683,0,30.665,5.8885,18.581,-7.1298,26.937,22.899,10.768,-13.907,-11.371,8.6813,2.0354,5.8345,7.3239,1.3982,-5.876,-8.8987,-30.775,-5.3184,-9.5555,-0.91273,7.8336,-24.103,-11.404,-15.232,-15.482,17.087,-13.105,-3.2344,-6.3067,-0.78665,17.288,10.867,-10.573,8.9369,13.681,1.0087,3.7767,-8.4015,4.5818,10.136,-5.0104,12.31,-0.6308,-6.1328,-21.78,25.272,-14.427,-15.285,0.96758,5.9037,-13.466,13.809,-13.548,0.37247,30.665,0,2.3258,27.316,-5.2114,16.809,19.987,5.1042,-7.6034,-17.582,12.119,4.7843,5.6956,13.171,-1.8415,-4.6872,-8.4401,-18.334,0.21716,-5.3327,4.7284,31.596,3.3978,-27.183,12.04,9.1662,11.829,-25.198,-38.257,-33.102,-0.46969,8.036,-10.368,1.7376,-15.633,-9.9252,-21.848,12.666,13.969,-16.191,24.374,-14.949,27.672,28.035,13.038,-11.788,1.706,-20.705,-10.651,16.79,-13.838,7.9303,16.132,-2.5682,37.241,5.8885,2.3258,0,-2.2803,9.5823,7.5995,1.505,10.212,-25.343,2.7223,15.638,-6.2474,19.757,-0.88703,13.226,-32.542,-17.216,-12.111,-7.6549,0.03364,-3.0321,2.2076,-13.843,-4.8218,-20.424,-13.311,11.33,-6.9586,1.0801,0.90326,-0.090168,21.898,23.854,-2.6526,13.272,25.335,2.7098,-1.6518,-19.64,1.924,8.0735,3.8749,7.1097,-8.4637,-4.3681,-16.896,17.297,-9.9378,-18.565,-5.8921,6.2316,-7.463,6.2,-24.486,-6.1531,18.581,27.316,-2.2803,0,-0.65602,15.746,9.0627,-3.9783,-0.011279,-36.066,6.4182,15.741,-2.2143,24.882,-12.045,1.4013,0.40031,-8.7084,9.2705,2.3499,13.415,8.2604,16.613,-2.2998,11.456,21.923,5.5549,-3.1786,-12.203,-3.6506,9.8848,6.268,0.55555,30.036,-13.234,1.5235,-20.894,-6.6111,-1.4343,-36.984,13.039,8.1303,6.4192,2.0392,9.7529,-0.25109,-2.2612,-8.8599,-8.6234,-4.6836,-23.336,31.026,3.2993,-9.6176,6.5082,-7.1298,-5.2114,9.5823,-0.65602,0,-1.7446,-18.454,-12.496,1.1728,-4.6802,6.7008,8.8004,2.0512,9.7605,-4.9364,-7.6482,1.1534,7.2101,13.345,27.879,15.259,6.9136,-7.6935,-16.759,-12.361,-11.711,5.8644,-18.753,-4.5517,-7.0997,-14.098,26.85,9.6344,-5.4983,9.5261,4.2989,1.2641,15.417,-3.9085,-1.4869,12.561,-7.5662,15.753,3.2445,9.2576,-35.315,5.1164,-11.503,-23.981,9.7239,7.3644,-4.6381,5.092,-15.495,3.0269,26.937,16.809,7.5995,15.746,-1.7446,0,10.678,6.2108,-12.429,-11.859,3.6185,7.0493,0.7365,8.4329,-2.6261,-3.8807,-2.6151,-21.265,-2.269,-3.843,1.0712,5.1678,-32.7,-10.522,-10.845,-20.117,8.4525,-10.172,-0.68493,-7.879,-5.9179,4.5279,0.51182,-32.515,7.8196,1.9128,6.0556,10.655,1.609,14.103,2.1342,-15.599,7.5027,4.7639,-7.8206,-12.574,14.431,-6.2167,-3.2003,8.7865,11.252,-27.784,10.551,0.46091,2.6189,22.899,19.987,1.505,9.0627,-18.454,10.678,0,18.55,-11.849,-2.5576,6.8668,-7.2384,8.4245,-1.3025,8.1064,-4.2263,-12.639,-23.189,-13,-22.661,-8.8409,9.4676,-9.6723,-15.143,1.8835,-6.2294,3.602,-12.703,-7.1574,-16.293,-9.0113,-1.3844,-13.127,-21.319,-2.4145,-13.446,0.091582,22.113,17.876,6.3564,2.9884,-45.328,9.5208,19.471,1.2944,-7.6135,2.6101,-4.9949,1.2714,26.187,3.9768,-11.132,9.2342,9.3679,13.598,10.768,5.1042,10.212,-3.9783,-12.496,6.2108,18.55,0,-23.222,10.113,5.4132,-20.88,14.577,-13.392,24.825,-10.934,-17.892,-20.319,-38.242,-26.908,-23.859,-22.407,4.9715,36.926,-4.4012,0.75509,-10.361,30.478,19.327,32.857,6.6083,-7.528,9.6329,8.8693,6.741,10.272,9.0994,-23.481,-14.911,4.3411,-15.782,30.966,-25.265,-28.436,-8.3818,16.44,-4.251,16.449,8.7503,-28.102,3.2378,2.3527,-16.106,-0.10458,-25.02,-13.907,-7.6034,-25.343,-0.011279,1.1728,-12.429,-11.849,-23.222,0,-3.5601,-12.67,10.614,-19.747,4.3285,-17.976,22.432,21.529,25.675,17.091,10.399,10.214,-1.2394,7.2498,2.0455,15.499,7.3988,-9.9866,4.3429,-0.88259,-3.1609,-2.7589,-21.642,-28.365,-3.5564,-10.365,-30.652,-0.27036,5.7376,25.123,2.3389,-8.5357,-9.2593,-5.4365,11.159,2.6358,12.598,-13.342,9.1041,19.22,10.158,-2.4376,1.6952,-4.0473,33.4,7.3377,-11.371,-17.582,2.7223,-36.066,-4.6802,-11.859,-2.5576,10.113,-3.5601,0,-5.456,-23.797,4.542,-40.232,17.698,-2.3861,-3.6944,3.3595,-16.55,-8.8613,-22.074,28.777,-6.9728,-16.172,5.3994,4.2643,42.534,-16.703,-22.466,-20.761,11.807,8.087,-3.715,-1.2076,-11.347,2.7814,-19.297,0.50087,3.343,-7.9781,21.259,-7.6303,20.429,11.266,-3.2587,-10.577,19.611,-30.018,-9.831,2.9335,-13.53,0.29026,46.217,-5.8778,16.038,8.6813,12.119,15.638,6.4182,6.7008,3.6185,6.8668,5.4132,-12.67,-5.456,0,-3.4285,25.754,7.3209,8.2996,-25.428,-24.186,-10.219,-1.0659,0.97273,4.4814,-5.6016,2.6963,4.6375,-11.506,-2.4033,-0.04886,2.3917,5.4092,10.716,0.36109,14.267,29.842,12.067,10.363,20.17,2.256,-8.2598,-27.313,-5.3908,3.1378,18.899,-1.195,-17.019,2.8463,-4.8125,1.4295,-1.0956,-12.966,-13.564,2.1498,5.4852,-5.7903,-24.813,-12.424,2.0354,4.7843,-6.2474,15.741,8.8004,7.0493,-7.2384,-20.88,10.614,-23.797,-3.4285,0,-14.55,24.621,-35.708,9.0473,15.036,4.9543,26.346,16.901,24.934,28.221,-5.2735,-17.861,11.154,5.4588,19.022,-16.123,-23.951,-31.199,6.9234,0.97662,-14.452,-5.6623,-16.395,-7.0784,-16.922,6.2651,14.498,-5.1044,13.969,-17.351,17.425,23.18,-1.3254,-6.5353,10.532,-18.013,-2.6958,10.881,-12.206,-0.97519,29.749,3.4111,26.784,5.8345,5.6956,19.757,-2.2143,2.0512,0.7365,8.4245,14.577,-19.747,4.542,25.754,-14.55,0,-3.1856,21.966,-33.718,-46.72,-11.786,-10.974,-5.8829,-5.5064,2.9745,-3.4049,-1.6418,-9.5801,-2.1909,11.401,-3.932,-1.7077,2.2628,6.5182,19.653,22.177,8.0713,5.4598,27.077,-3.8524,-8.5072,-22.168,-6.6211,10.611,11.471,5.917,-9.9086,-1.6674,-10.043,12.22,-10.582,-18.844,-12.055,-2.3793,2.6773,4.9974,-34.059,-5.2506,7.3239,13.171,-0.88703,24.882,9.7605,8.4329,-1.3025,-13.392,4.3285,-40.232,7.3209,24.621,-3.1856,0,-17.374,0.37337,3.2925,-0.55868,21.238,14.101,30.963,12.363,-2.6045,-11.198,12.949,3.7814,4.4843,-8.7032,-11.995,-18.939,-0.48972,-7.5592,-29.152,-10.469,-13.417,-20.04,-7.0805,11.741,32.101,0.8127,3.1926,-25.874,7.6537,27.19,0.5829,-0.37276,0.61674,-4.8755,6.1009,18.601,-5.2503,-3.2717,10.965,15.457,20.781,1.3982,-1.8415,13.226,-12.045,-4.9364,-2.6261,8.1064,24.825,-17.976,17.698,8.2996,-35.708,21.966,-17.374,0,-16.341,-22.185,-9.3103,-26.431,-14.457,-20.166,-46.219,0.73593,23.406,-12.625,-8.6884,-18.744,21.763,42.903,40.859,-5.1672,-5.3616,11.868,0.62321,18.473,7.2168,24.604,-7.8137,-13.344,12.045,-22.318,14.948,-25.121,-25.991,-4.8231,9.5976,-7.3914,24.118,7.6996,-12.168,16.146,-4.4154,-26.376,0.87128,-37.291,-5.876,-4.6872,-32.542,1.4013,-7.6482,-3.8807,-4.2263,-10.934,22.432,-2.3861,-25.428,9.0473,-33.718,0.37337,-16.341,0,27.683,11.671,7.6361,1.2475,2.4034,-25.046,8.8619,19.026,-7.5015,-1.7381,-19.142,17.18,19.698,29.604,-4.8392,-1.6859,12.576,9.3711,11.878,6.0581,12.597,-7.9176,-13.269,2.0154,-12.695,20.312,-17.477,-21.435,2.6633,8.3366,-12.502,17.45,2.9821,-11.967,8.1155,4.5052,-30.454,-3.2972,-22.679,-8.8987,-8.4401,-17.216,0.40031,1.1534,-2.6151,-12.639,-17.892,21.529,-3.6944,-24.186,15.036,-46.72,3.2925,-22.185,27.683,0,15.28,13.019,9.0971,6.931,-13.658,14.626,26.326,5.9903,11.137,-10.952,25.851,9.3508,17.139,9.6286,-12.535,0.7004,15.71,-3.0166,1.7432,1.2571,-20.949,-4.9815,-2.4604,-12.128,21.948,-20.145,-12.343,-3.1884,25.972,-9.8365,14.569,12.105,-17.807,-4.9828,10.784,-13.985,4.4294,-10.71,-30.775,-18.334,-12.111,-8.7084,7.2101,-21.265,-23.189,-20.319,25.675,3.3595,-10.219,4.9543,-11.786,-0.55868,-9.3103,11.671,15.28,0,13.129,14.041,7.3017,-5.4574,5.6455,9.8124,-4.1625,4.1943,1.3097,7.497,4.3715,11.916,10.017,6.1337,17.218,18.524,3.1917,19.344,-1.7997,-20.16,-22.527,-7.2291,1.2131,31.465,-4.7348,-18.052,-2.0275,2.5405,2.2029,0.12579,-5.9634,-25.189,-4.3341,9.1639,-4.426,-15.22,-11.605,-5.3184,0.21716,-7.6549,9.2705,13.345,-2.269,-13,-38.242,17.091,-16.55,-1.0659,26.346,-10.974,21.238,-26.431,7.6361,13.019,13.129,0,27.023,36.979,-0.20775,14.756,5.5698,4.5848,14.209,1.4252,4.083,-2.5568,5.3544,10.699,4.9327,7.4418,38.425,-5.1345,8.1422,-9.6671,-14.478,-9.7242,-18.119,5.4183,19.958,-0.9788,-7.5104,4.6785,3.3716,-2.4463,-2.4389,-6.1101,-14.099,-13.045,21.967,-2.7182,-11.701,-2.9639,-9.5555,-5.3327,0.03364,2.3499,27.879,-3.843,-22.661,-26.908,10.399,-8.8613,0.97273,16.901,-5.8829,14.101,-14.457,1.2475,9.0971,14.041,27.023,0,24.817,0.06147,2.7756,3.9452,-4.1054,3.8629,7.1661,1.8234,-0.37186,5.8933,11.435,10.838,17.043,16.029,1.6054,21.823,-5.4883,-16.065,-20.739,-9.5299,6.7313,19.944,0.89579,-12.502,-1.8205,-2.2396,6.8696,-5.8428,-10.99,-19.119,-6.5196,8.3365,1.2611,-21.068,-6.7926,-0.91273,4.7284,-3.0321,13.415,15.259,1.0712,-8.8409,-23.859,10.214,-22.074,4.4814,24.934,-5.5064,30.963,-20.166,2.4034,6.931,7.3017,36.979,24.817,0
