0,7.2976,-2.483,-9.0704,0.26231,-0.080061,-0.64943,8.5318,0.58892,0.89584,-1.4579,0.1711,4.3822,-0.47646,-12.133,0.68207,1.018,-5.2241,6.8069,-2.7748,1.5328,7.2976,0,2.1703,-8.7373,-0.78621,-3.8188,1.9663,13.595,-5.0668,5.3946,-1.0383,1.6583,2.288,-1.5199,-12.028,-4.6587,2.6984,-8.7515,7.3589,-0.69854,-2.9685,-2.483,2.1703,0,-0.16269,-2.086,-0.96187,4.3818,1.3641,-5.2286,5.4428,1.2445,1.9018,2.3535,1.5041,-1.0992,-2.6764,4.4908,-0.82568,1.6227,2.7911,0.25032,-9.0704,-8.7373,-0.16269,0,0.46783,1.4588,3.0295,-7.3323,1.1683,-3.5627,0.8115,-1.033,-6.3267,0.57696,10.046,-0.34785,-1.5542,5.553,-6.1419,5.9771,-1.4927,0.26231,-0.78621,-2.086,0.46783,0,9.2182,-1.4233,-1.2796,6.2599,-4.9564,-8.5606,-9.4119,-0.7362,-2.4227,1.3834,3.234,-2.4591,0.69134,-2.2643,-2.327,4.4991,-0.080061,-3.8188,-0.96187,1.4588,9.2182,0,-2.4155,-4.0395,6.4437,-4.6454,-6.4486,-6.569,0.18328,-0.32606,2.3513,4.7395,-3.2102,2.481,-4.2662,-3.2004,7.6547,-0.64943,1.9663,4.3818,3.0295,-1.4233,-2.4155,0,0.76265,-4.628,-1.1838,0.0043122,0.63119,-3.2944,2.3952,-0.10272,-2.4971,0.86444,0.29498,-0.26154,8.7254,-4.6211,8.5318,13.595,1.3641,-7.3323,-1.2796,-4.0395,0.76265,0,-3.8392,4.1457,-1.0254,2.4722,3.6122,-1.1765,-11.934,-3.6529,2.1566,-6.1909,9.4941,-0.6665,-1.5579,0.58892,-5.0668,-5.2286,1.1683,6.2599,6.4437,-4.628,-3.8392,0,-4.0935,-3.7591,-6.0917,0.90911,0.20074,3.5378,4.7479,-1.0995,2.8817,-2.6867,-3.3334,5.6457,0.89584,5.3946,5.4428,-3.5627,-4.9564,-4.6454,-1.1838,4.1457,-4.0935,0,3.7018,3.3582,4.0184,0.064999,-3.9695,-6.81,8.0246,-6.5017,6.8003,0.56905,-1.6207,-1.4579,-1.0383,1.2445,0.8115,-8.5606,-6.4486,0.0043122,-1.0254,-3.7591,3.7018,0,7.2928,0.3289,2.1994,0.13495,-0.74641,3.8614,1.3688,0.15535,2.0104,-4.0067,0.1711,1.6583,1.9018,-1.033,-9.4119,-6.569,0.63119,2.4722,-6.0917,3.3582,7.2928,0,0.025519,3.0481,-2.9181,0.45596,0.65956,0.98735,2.3121,2.3714,-3.0932,4.3822,2.288,2.3535,-6.3267,-0.7362,0.18328,-3.2944,3.6122,0.90911,4.0184,0.3289,0.025519,0,0.9627,-4.1553,0.5837,4.324,-1.7409,4.7035,-4.3253,5.5767,-0.47646,-1.5199,1.5041,0.57696,-2.4227,-0.32606,2.3952,-1.1765,0.20074,0.064999,2.1994,3.0481,0.9627,0,-0.64667,2.0798,2.2115,4.4123,-0.19003,4.6639,-0.042806,-12.133,-12.028,-1.0992,10.046,1.3834,2.3513,-0.10272,-11.934,3.5378,-3.9695,0.13495,-2.9181,-4.1553,-0.64667,0,1.1406,-2.5275,6.5944,-9.236,1.5152,0.31466,0.68207,-4.6587,-2.6764,-0.34785,3.234,4.7395,-2.4971,-3.6529,4.7479,-6.81,-0.74641,0.45596,0.5837,2.0798,1.1406,0,-4.3053,6.8545,-4.2223,-1.5538,4.1742,1.018,2.6984,4.4908,-1.5542,-2.4591,-3.2102,0.86444,2.1566,-1.0995,8.0246,3.8614,0.65956,4.324,2.2115,-2.5275,-4.3053,0,-3.7602,5.8143,2.8088,0.11502,-5.2241,-8.7515,-0.82568,5.553,0.69134,2.481,0.29498,-6.1909,2.8817,-6.5017,1.3688,0.98735,-1.7409,4.4123,6.5944,6.8545,-3.7602,0,-7.6632,2.0567,2.3706,6.8069,7.3589,1.6227,-6.1419,-2.2643,-4.2662,-0.26154,9.4941,-2.6867,6.8003,0.15535,2.3121,4.7035,-0.19003,-9.236,-4.2223,5.8143,-7.6632,0,0.7375,0.14581,-2.7748,-0.69854,2.7911,5.9771,-2.327,-3.2004,8.7254,-0.6665,-3.3334,0.56905,2.0104,2.3714,-4.3253,4.6639,1.5152,-1.5538,2.8088,2.0567,0.7375,0,-4.2451,1.5328,-2.9685,0.25032,-1.4927,4.4991,7.6547,-4.6211,-1.5579,5.6457,-1.6207,-4.0067,-3.0932,5.5767,-0.042806,0.31466,4.1742,0.11502,2.3706,0.14581,-4.2451,0
