0,-6.4257,2.8195,7.9515,-11.761,-12.814,14.716,27.041,-29.674,-37.297,-0.61598,11.138,12.502,17.773,-2.5206,2.6502,-18.233,-47.573,2.8909,4.6898,11.093,7.0787,-6.6404,-31.832,-36.622,-20.335,-5.2289,-27.709,-16.245,12.19,-11.818,25.213,-19.92,0.94716,17.729,-2.6744,5.7213,13.28,-17.273,26.27,-26.672,-22.483,18.552,-16.029,26.062,-23.317,-5.5915,-28.847,-17.757,-18.451,3.5714,-4.3989,19.272,1.7059,-16.857,-6.4257,0,8.6692,5.7756,-8.2564,-10.825,8.3402,-17.7,-0.17236,6.375,-24.831,-16.179,-6.3965,-15.696,28.919,9.6313,17.281,5.3762,5.1427,-11.51,-6.2497,-7.2874,17.858,13.7,8.152,-6.1417,9.8063,4.4485,24.344,3.0345,-4.7322,-14.281,-7.3392,28.899,8.5208,-1.338,16.565,-6.969,27.826,-10.564,0.80425,16.145,-2.6651,-8.362,0.56434,-4.0224,11.251,-2.2842,-7.2449,-4.6195,-4.3501,25.203,-11.504,-2.5687,-9.646,2.8195,8.6692,0,5.665,-21.881,-2.3887,2.4681,-2.2819,-0.57154,-5.0997,-14.143,-8.2392,-5.8808,4.4843,1.5949,5.9357,-5.2417,-0.86239,-6.4007,-9.6239,-17.894,0.24465,12.431,-2.8156,1.2068,-13.59,-2.2086,-3.6723,9.6806,-8.6888,4.5988,5.092,-7.5048,9.1425,5.0525,0.52337,3.8324,-4.6615,3.0925,0.99678,-8.4666,2.8875,12.32,-11.47,3.2423,-3.6576,6.2017,-5.4319,-9.1832,-8.9123,20.568,15.106,4.0933,-3.2391,-7.6251,7.9515,5.7756,5.665,0,-4.2076,-7.516,20.062,4.7053,-10.004,-3.0289,-1.9981,-12.216,19.165,-3.8526,4.8114,39.489,-0.14408,-10.264,-9.1764,-20.171,4.8928,-17.521,15.338,-5.1035,-11.067,-14.693,18.684,-18.764,-2.1444,7.2319,-0.50876,4.4969,-9.8493,4.2829,13.775,-28.89,2.1215,-9.8076,-0.21212,-2.3804,-2.7615,3.6581,18.37,-22.434,19.625,-16.415,-13.481,-9.0879,-5.2037,-26.409,1.4849,-1.0501,13.171,20.943,-15.326,-11.761,-8.2564,-21.881,-4.2076,0,13.961,-9.5978,-2.9448,11.446,15.561,20.365,-0.52996,3.9326,-8.861,-6.2115,-2.5223,7.2693,9.574,-4.3182,1.1394,5.9805,-7.5854,-3.888,8.0151,5.8859,24.542,6.5469,7.9315,-4.4689,-2.0786,7.729,-8.428,21.254,-15.573,-15.553,-4.589,-14.483,-6.3844,-0.1267,-10.557,23.293,5.3167,-11.845,17.235,-10.088,12.758,-9.8057,18.238,26.701,13.159,-9.9659,-15.849,-4.0691,8.3825,17.743,-12.814,-10.825,-2.3887,-7.516,13.961,0,-25.799,-3.1194,24.277,11.773,15.819,-2.0831,-4.0454,-0.075155,-18.5,-5.7519,-1.785,14.444,-15.282,-0.90484,-9.4419,-2.8419,-0.96203,4.3476,10.663,19.129,-1.8414,9.6185,-0.51258,-23.263,29.112,-1.7409,32.829,-20.695,-35.312,0.38291,-31.778,-9.6859,-2.8331,-8.3659,16.365,4.8231,-4.8128,18.457,-17.201,25.094,-5.4642,25.468,28.249,15.12,7.7605,-9.0822,-0.32109,3.1931,30.515,14.716,8.3402,2.4681,20.062,-9.5978,-25.799,0,6.2941,-25.276,-10.04,-8.5899,-2.8656,13.986,-1.3895,12.975,16.255,0.50383,-18.231,4.5489,-6.4576,11.829,-5.3773,5.946,-6.7924,-16.013,-22.242,9.5481,-18.577,-2.9274,22.029,-15.485,4.3227,-25.531,12.681,37.228,-11.107,15.145,2.2708,0.22684,5.1034,-11.664,-2.6746,11.952,-28.882,29.729,-37.382,-4.0959,-22.786,-17.648,-28.03,-5.513,3.0681,7.4561,7.1422,-35.159,27.041,-17.7,-2.2819,4.7053,-2.9448,-3.1194,6.2941,0,-15.576,-22.378,9.2738,14.688,15.372,21.376,-11.768,-0.50872,-24.955,-25.391,-1.8698,6.9464,12.325,6.4397,-11.428,-39.457,-30.368,-8.8873,-6.3166,-21.886,-32.305,7.0146,-4.7635,31.64,-7.6528,-9.1217,6.8141,-3.6103,-3.4295,11.1,-35.509,22.692,-13.901,-26.864,15.166,-6.7435,15.635,-11.638,-12.244,-13.192,-6.2893,-10.122,4.5077,-14.593,25.159,4.8839,-6.0265,-29.674,-0.17236,-0.57154,-10.004,11.446,24.277,-25.276,-15.576,0,22.948,5.1107,-7.6153,-12.454,-8.2288,-5.6397,-5.4705,7.7098,35.106,-8.2829,-3.0625,-15.385,-4.1561,3.8593,16.324,27.279,22.166,0.53098,22.194,10.405,-23.051,21.182,-12.422,29.65,-7.3416,-30.375,3.7187,-13.415,-12.623,8.188,-17.408,22.654,14.293,-12.53,19.952,-31.327,37.517,2.9283,39.662,23.204,20.802,3.3688,0.62532,-10.9,-1.5841,26.368,-37.297,6.375,-5.0997,-3.0289,15.561,11.773,-10.04,-22.378,22.948,0,2.8301,-14.361,-6.0575,-23.787,3.1846,1.8279,21.068,28.374,-4.9904,-8.1557,-6.7367,-13.004,8.9403,29.401,23.23,18.776,11.069,18.444,12.87,-8.5692,11.715,-25.433,19.052,-1.8843,-14.678,-2.8063,-6.7112,-17.731,16.468,-36.606,37.294,26.448,-15.053,12.624,-17.617,17.363,0.65517,26.408,20.165,13.321,-5.9529,1.3901,-14.636,3.7778,14.148,-0.61598,-24.831,-14.143,-1.9981,20.365,15.819,-8.5899,9.2738,5.1107,2.8301,0,5.9534,9.6923,3.7572,-20.553,-3.4024,-6.2907,0.13393,-9.6983,3.7974,7.2035,-2.5444,-8.952,-4.9152,-3.5462,12.357,0.25293,-1.5806,-17.005,-3.4046,9.3586,5.1798,14.538,-39.035,-12.604,-5.5686,-24.61,-1.7934,-14.056,0.18948,8.9866,-4.9762,-0.59437,11.013,-3.0983,7.3235,-18.701,9.1904,17.419,6.3405,-0.39019,-37.863,7.9953,10.462,13.934,11.138,-16.179,-8.2392,-12.216,-0.52996,-2.0831,-2.8656,14.688,-7.6153,-14.361,5.9534,0,-0.2282,18.472,-8.2077,-18.948,-13.225,-9.4743,10.92,34.749,9.3612,24.783,-41.811,-12.964,-9.2345,0.74807,-21.004,-2.5353,-15.793,5.4301,-9.5482,11.295,-2.7708,-6.6122,0.30075,12.891,0.59015,30.993,-16.654,23.39,-10.861,-29.161,-1.7937,5.038,1.5527,-1.6611,1.9688,-6.4951,-4.7589,4.0263,-1.7984,-8.0381,3.2423,-10.152,1.457,12.502,-6.3965,-5.8808,19.165,3.9326,-4.0454,13.986,15.372,-12.454,-6.0575,9.6923,-0.2282,0,1.5465,-2.9219,14.057,-5.2436,-15.956,-6.5572,-5.7523,17.713,-9.974,0.97897,-11.611,-20.555,-7.0637,11.15,-22.476,-16.841,11.715,-2.5905,9.577,-5.4491,-5.8862,8.8051,-22.841,-3.4152,-1.9973,-10.773,3.6776,-2.2791,-5.3368,13.471,-10.498,19.265,-13.9,-27.769,-8.0337,-0.96062,-15.307,-3.1541,-15.319,18.97,23.846,-8.1754,17.773,-15.696,4.4843,-3.8526,-8.861,-0.075155,-1.3895,21.376,-8.2288,-23.787,3.7572,18.472,1.5465,0,-14.452,-8.8732,-39.288,-13.501,-0.18686,11.911,1.0053,17.603,-13.743,-26.73,-13.038,-7.2568,-20.286,-9.9272,-14.518,-1.3953,-1.967,29.688,-5.6456,-6.8928,2.1212,6.9259,-2.7925,14.991,-24.732,28.428,-17.702,-28.197,10.814,-2.4359,6.112,-4.5156,-1.226,-9.8285,-7.6153,-3.6399,12.665,-5.535,14.172,-5.6776,-2.0484,-2.5206,28.919,1.5949,4.8114,-6.2115,-18.5,12.975,-11.768,-5.6397,3.1846,-20.553,-8.2077,-2.9219,-14.452,0,7.2709,17.769,0.81445,12.795,-5.1955,2.0366,-4.3927,9.1198,10.676,3.3022,-6.4357,8.9318,2.4074,13.721,11.828,-13.52,-13.319,-11.024,30.269,13.165,-0.52925,25.368,-0.65542,19.986,-5.7872,-1.5878,9.2909,-4.7228,-8.5265,3.7765,-8.1214,10.28,-6.2159,-10.276,-5.1776,-12.526,17.01,-11.84,-3.1896,-12.869,2.6502,9.6313,5.9357,39.489,-2.5223,-5.7519,16.255,-0.50872,-5.4705,1.8279,-3.4024,-18.948,14.057,-8.8732,7.2709,0,4.4541,-4.8126,-9.8005,-28.387,2.0398,-24.186,22.149,0.12481,-5.4051,-10.746,25.452,-11.805,2.3772,4.9282,1.564,-0.4277,-6.7031,5.8159,10.544,-28.879,2.0476,-14.946,4.6119,-7.6227,1.2558,9.2348,12.778,-17.722,13.112,-11.515,-10.871,-4.9084,-2.561,-19.001,0.3706,1.4084,7.8957,20.477,-12.122,-18.233,17.281,-5.2417,-0.14408,7.2693,-1.785,0.50383,-24.955,7.7098,21.068,-6.2907,-13.225,-5.2436,-39.288,17.769,4.4541,0,14.355,5.0492,-6.9299,-1.0342,-10.865,9.7171,31.663,15.043,7.8728,13.633,13.451,16.685,2.4441,-1.1815,-40.648,4.5422,9.4609,-1.7905,-1.8787,6.0524,-9.4189,29.526,-21.822,14.614,22.728,-15.556,4.0066,-7.9332,5.0961,5.9154,8.8372,5.3754,6.0483,-15.448,8.2307,-21.005,0.58684,2.051,-47.573,5.3762,-0.86239,-10.264,9.574,14.444,-18.231,-25.391,35.106,28.374,0.13393,-9.4743,-15.956,-13.501,0.81445,-4.8126,14.355,0,-3.1313,-3.3053,-14.46,-4.4117,5.5331,26.432,45.566,19.929,2.1583,31.071,16.714,-15.721,13.197,-20.735,20.509,-1.3925,-20.057,5.1483,-6.3269,-11.661,15.377,-21.365,22.107,19.196,-17.704,17.367,-31.769,27.543,7.3746,29.187,16.791,20.549,-0.85813,5.3155,-18.754,-4.0175,18.624,2.8909,5.1427,-6.4007,-9.1764,-4.3182,-15.282,4.5489,-1.8698,-8.2829,-4.9904,-9.6983,10.92,-6.5572,-0.18686,12.795,-9.8005,5.0492,-3.1313,0,15.11,7.7265,13.121,-10.299,2.1948,-0.64492,-1.5849,-7.2847,4.2725,1.7519,13.918,-25.888,-4.7426,-9.1455,11.732,7.9545,13.932,20.191,18.976,4.1905,7.3557,-7.8773,-5.8915,-10.403,0.57829,0.62175,-4.7797,15.17,-8.037,-11.491,2.8452,-14.461,7.2715,-11.628,-16.167,-5.9791,4.6898,-11.51,-9.6239,-20.171,1.1394,-0.90484,-6.4576,6.9464,-3.0625,-8.1557,3.7974,34.749,-5.7523,11.911,-5.1955,-28.387,-6.9299,-3.3053,15.11,0,6.3258,27.624,-38.595,-5.6668,-2.6963,4.9802,-22.394,3.8992,-8.7991,3.5847,-9.2021,4.5104,0.15909,-4.5303,-2.7564,19.879,1.8424,27.739,-9.1305,15.114,-6.7021,-17.619,-8.3125,9.8216,-3.9147,2.7155,7.0076,-2.3537,-2.6367,9.7816,-4.4028,-4.4113,-3.3922,-15.805,4.6846,11.093,-6.2497,-17.894,4.8928,5.9805,-9.4419,11.829,12.325,-15.385,-6.7367,7.2035,9.3612,17.713,1.0053,2.0366,2.0398,-1.0342,-14.46,7.7265,6.3258,0,-0.28114,-9.5172,-7.5769,-16.418,-2.4002,3.9213,-10.534,-16.969,25.666,-14.632,4.1075,-6.5685,-2.5633,9.2601,-6.2425,3.6533,9.1199,-8.2382,7.7232,-3.8463,-10.045,1.0322,-3.6875,12.494,-11.961,-9.9634,-9.1755,-3.5703,-5.9417,-16.14,-12.762,5.6267,6.9192,-6.7659,7.0787,-7.2874,0.24465,-17.521,-7.5854,-2.8419,-5.3773,6.4397,-4.1561,-13.004,-2.5444,24.783,-9.974,17.603,-4.3927,-24.186,-10.865,-4.4117,13.121,27.624,-0.28114,0,-20.75,-7.9862,-2.5324,-0.98434,-38.991,2.3225,-4.5266,0.21463,-8.2566,7.7998,-4.0699,-0.03331,-0.0021295,26.429,4.6916,27.434,-8.1507,19.338,-13.384,-18.039,-3.1673,4.5459,-2.3748,0.73347,12.263,-5.9474,-8.2983,5.683,2.8031,2.0685,-1.8371,-23.81,0.90459,-6.6404,17.858,12.431,15.338,-3.888,-0.96203,5.946,-11.428,3.8593,8.9403,-8.952,-41.811,0.97897,-13.743,9.1198,22.149,9.7171,5.5331,-10.299,-38.595,-9.5172,-20.75,0,8.8568,5.9209,-5.378,18.428,-0.72885,14.944,-4.0688,7.2299,-7.5125,-1.3598,9.2662,3.3786,-12.988,1.8495,-23.712,14.427,-16.238,5.7555,21.3,5.5297,-9.5708,1.9109,-1.9717,-1.3526,2.1586,0.48606,-8.1125,3.9775,10.202,-0.78051,9.3428,-5.4467,-31.832,13.7,-2.8156,-5.1035,8.0151,4.3476,-6.7924,-39.457,16.324,29.401,-4.9152,-12.964,-11.611,-26.73,10.676,0.12481,31.663,26.432,2.1948,-5.6668,-7.5769,-7.9862,8.8568,0,27.798,13.042,8.2333,23.132,21.555,-4.9953,4.4755,-47.212,10.459,5.8906,-8.5235,2.0831,1.5494,-11.114,29.112,-26.095,19.083,26.247,-19.502,9.5671,-16.607,12.953,8.5912,16.137,9.7471,12.411,-8.6403,9.0376,-26.357,-2.5573,8.2985,-36.622,8.152,1.2068,-11.067,5.8859,10.663,-16.013,-30.368,27.279,23.23,-3.5462,-9.2345,-20.555,-13.038,3.3022,-5.4051,15.043,45.566,-0.64492,-2.6963,-16.418,-2.5324,5.9209,27.798,0,15.773,0.81194,34.02,21.365,-14.481,10.161,-21.772,15.312,1.9798,-15.848,7.5129,-2.8141,-9.5697,18.433,-18.838,16.744,18.81,-17.986,14.691,-29.175,22.895,11.505,21.76,11.847,18.838,-0.70215,9.2528,-22.505,-7.0712,14.645,-20.335,-6.1417,-13.59,-14.693,24.542,19.129,-22.242,-8.8873,22.166,18.776,12.357,0.74807,-7.0637,-7.2568,-6.4357,-10.746,7.8728,19.929,-1.5849,4.9802,-2.4002,-0.98434,-5.378,13.042,15.773,0,-0.76612,20.455,1.8835,-9.2995,10.124,-12.018,32.463,-12.267,-28.539,4.9085,-12.95,-4.3557,3.3938,-11.041,23.184,6.654,-21.199,38.019,-25.479,28.43,0.10966,29.894,27.175,31.236,-5.7507,-7.0329,-11.624,-1.4213,33.415,-5.2289,9.8063,-2.2086,18.684,6.5469,-1.8414,9.5481,-6.3166,0.53098,11.069,0.25293,-21.004,11.15,-20.286,8.9318,25.452,13.633,2.1583,-7.2847,-22.394,3.9213,-38.991,18.428,8.2333,0.81194,-0.76612,0,-3.1974,4.3765,4.8434,2.7139,-9.1442,0.57988,3.3707,3.8239,-24.939,-0.12333,-18.963,9.6351,-16.65,10.645,16.235,2.077,-6.5635,4.8094,-4.0417,-10.351,2.6709,4.7409,-7.3558,-7.3186,-0.85619,0.35954,20.911,-4.2827,-27.709,4.4485,-3.6723,-18.764,7.9315,9.6185,-18.577,-21.886,22.194,18.444,-1.5806,-2.5353,-22.476,-9.9272,2.4074,-11.805,13.451,31.071,4.2725,3.8992,-10.534,2.3225,-0.72885,23.132,34.02,20.455,-3.1974,0,14.581,-10.536,5.8182,-20.338,15.625,0.41095,-16.934,12.755,-1.9438,-3.2058,13.884,-12.461,14.488,11.437,-28.526,21.342,-35.777,24.566,13.517,20.051,11.327,28.59,-4.2707,6.5038,-28.237,-11.194,17.194,-16.245,24.344,9.6806,-2.1444,-4.4689,-0.51258,-2.9274,-32.305,10.405,12.87,-17.005,-15.793,-16.841,-14.518,13.721,2.3772,16.685,16.714,1.7519,-8.7991,-16.969,-4.5266,14.944,21.555,21.365,1.8835,4.3765,14.581,0,-7.1958,3.2987,-18.698,1.8859,14.946,-2.0863,4.2269,7.1519,-9.6285,32.086,-15.459,6.4319,21.438,-8.0828,0.94062,-10.113,6.6058,15.906,6.7536,0.22738,4.546,0.23698,24.983,-17.999,-6.8535,0.76958,12.19,3.0345,-8.6888,7.2319,-2.0786,-23.263,22.029,7.0146,-23.051,-8.5692,-3.4046,5.4301,11.715,-1.3953,11.828,4.9282,2.4441,-15.721,13.918,3.5847,25.666,0.21463,-4.0688,-4.9953,-14.481,-9.2995,4.8434,-10.536,-7.1958,0,-27.637,1.4366,-16.301,8.055,20.371,-4.3426,15.05,9.9503,-1.4617,7.475,-8.7969,-6.8584,1.846,-10.604,16.752,-20.322,-2.3534,-16.735,-12.581,-10.865,-16.891,-1.6679,1.9917,2.6181,-16.681,-11.818,-4.7322,4.5988,-0.50876,7.729,29.112,-15.485,-4.7635,21.182,11.715,9.3586,-9.5482,-2.5905,-1.967,-13.52,1.564,-1.1815,13.197,-25.888,-9.2021,-14.632,-8.2566,7.2299,4.4755,10.161,10.124,2.7139,5.8182,3.2987,-27.637,0,-1.3222,19.825,-12.879,-19.663,-4.4979,-24.291,-18.075,0.042336,-11.636,14.39,9.3482,0.81295,8.5804,-11.506,16.486,-6.4041,19.169,19.674,7.0749,12.982,-4.3788,2.1997,6.8142,16.297,25.213,-14.281,5.092,4.4969,-8.428,-1.7409,4.3227,31.64,-12.422,-25.433,5.1798,11.295,9.577,29.688,-13.319,-0.4277,-40.648,-20.735,-4.7426,4.5104,4.1075,7.7998,-7.5125,-47.212,-21.772,-12.018,-9.1442,-20.338,-18.698,1.4366,-1.3222,0,-8.2745,-7.0845,6.0853,-1.6887,-3.6504,8.8991,-28.91,22.768,-17.237,-22.729,20.862,-8.4651,13.622,-10.075,-8.308,-13.145,-8.0377,-11.097,12.634,-8.4059,27.645,2.3348,-6.2979,-19.92,-7.3392,-7.5048,-9.8493,21.254,32.829,-25.531,-7.6528,29.65,19.052,14.538,-2.7708,-5.4491,-5.6456,-11.024,-6.7031,4.5422,20.509,-9.1455,0.15909,-6.5685,-4.0699,-1.3598,10.459,15.312,32.463,0.57988,15.625,1.8859,-16.301,19.825,-8.2745,0,-16.221,-41.771,1.2869,-21.449,-9.6228,1.7195,-12.86,25.481,8.2366,-12.003,26.34,-23.309,32.393,-3.2866,40.968,41.127,21.959,0.64416,-7.979,-6.2536,2.2142,40.833,0.94716,28.899,9.1425,4.2829,-15.573,-20.695,12.681,-9.1217,-7.3416,-1.8843,-39.035,-6.6122,-5.8862,-6.8928,30.269,5.8159,9.4609,-1.3925,11.732,-4.5303,-2.5633,-0.03331,9.2662,5.8906,1.9798,-12.267,3.3707,0.41095,14.946,8.055,-12.879,-7.0845,-16.221,0,15.951,2.6302,31.557,1.5535,15.577,-1.2833,-7.645,5.7693,-0.26271,-12.406,5.2268,-9.9423,14.762,-10.288,-17.362,-7.8043,-4.3222,27.063,-8.4306,-7.2123,-16.77,17.729,8.5208,5.0525,13.775,-15.553,-35.312,37.228,6.8141,-30.375,-14.678,-12.604,0.30075,8.8051,2.1212,13.165,10.544,-1.7905,-20.057,7.9545,-2.7564,9.2601,-0.0021295,3.3786,-8.5235,-15.848,-28.539,3.8239,-16.934,-2.0863,20.371,-19.663,6.0853,-41.771,15.951,0,-5.1683,20.444,6.5789,-0.40204,9.2209,-18.361,-5.6364,11.678,-29.375,27.173,-40.672,0.4718,-32.702,-27.924,-25.276,-3.451,6.2629,6.325,1.5297,-53.367,-2.6744,-1.338,0.52337,-28.89,-4.589,0.38291,-11.107,-3.6103,3.7187,-2.8063,-5.5686,12.891,-22.841,6.9259,-0.52925,-28.879,-1.8787,5.1483,13.932,19.879,-6.2425,26.429,-12.988,2.0831,7.5129,4.9085,-24.939,12.755,4.2269,-4.3426,-4.4979,-1.6887,1.2869,2.6302,-5.1683,0,4.9025,14.759,0.95287,6.9789,-4.8181,-6.0944,-11.599,10.353,-11.394,7.9723,22.712,1.3856,-3.3582,13.622,0.8045,7.5438,-11.72,-42.472,5.8248,5.7213,16.565,3.8324,2.1215,-14.483,-31.778,15.145,-3.4295,-13.415,-6.7112,-24.61,0.59015,-3.4152,-2.7925,25.368,2.0476,6.0524,-6.3269,20.191,1.8424,3.6533,4.6916,1.8495,1.5494,-2.8141,-12.95,-0.12333,-1.9438,7.1519,15.05,-24.291,-3.6504,-21.449,31.557,20.444,4.9025,0,8.8617,8.841,4.6279,-12.267,-0.84247,-0.80992,-11.769,8.1218,-13.771,13.677,-15.706,-23.287,-7.9047,-8.0673,16.888,-6.7511,-9.1782,-19.333,13.28,-6.969,-4.6615,-9.8076,-6.3844,-9.6859,2.2708,11.1,-12.623,-17.731,-1.7934,30.993,-1.9973,14.991,-0.65542,-14.946,-9.4189,-11.661,18.976,27.739,9.1199,27.434,-23.712,-11.114,-9.5697,-4.3557,-18.963,-3.2058,-9.6285,9.9503,-18.075,8.8991,-9.6228,1.5535,6.5789,14.759,8.8617,0,-9.9689,25.528,-17.087,-24.301,-1.4069,0.021176,4.5281,-6.4142,7.1168,-12.504,-12.506,0.42923,-3.6773,-1.0115,0.64275,-14.356,-4.7724,-17.273,27.826,3.0925,-0.21212,-0.1267,-2.8331,0.22684,-35.509,8.188,16.468,-14.056,-16.654,-10.773,-24.732,19.986,4.6119,29.526,15.377,4.1905,-9.1305,-8.2382,-8.1507,14.427,29.112,18.433,3.3938,9.6351,13.884,32.086,-1.4617,0.042336,-28.91,1.7195,15.577,-0.40204,0.95287,8.841,-9.9689,0,-19.453,9.3861,25.482,-11.193,0.9815,-8.1726,4.6681,11.831,6.6803,1.3109,4.1456,-7.0082,18.091,-21.351,-3.3654,-0.22085,26.27,-10.564,0.99678,-2.3804,-10.557,-8.3659,5.1034,22.692,-17.408,-36.606,0.18948,23.39,3.6776,28.428,-5.7872,-7.6227,-21.822,-21.365,7.3557,15.114,7.7232,19.338,-16.238,-26.095,-18.838,-11.041,-16.65,-12.461,-15.459,7.475,-11.636,22.768,-12.86,-1.2833,9.2209,6.9789,4.6279,25.528,-19.453,0,-26.695,-40.928,8.9643,-5.9897,11.351,-11.243,0.53785,-18.354,-14.758,-6.7295,4.0994,-3.7964,11.152,-6.8378,-8.1983,-26.672,0.80425,-8.4666,-2.7615,23.293,16.365,-11.664,-13.901,22.654,37.294,8.9866,-10.861,-2.2791,-17.702,-1.5878,1.2558,14.614,22.107,-7.8773,-6.7021,-3.8463,-13.384,5.7555,19.083,16.744,23.184,10.645,14.488,6.4319,-8.7969,14.39,-17.237,25.481,-7.645,-18.361,-4.8181,-12.267,-17.087,9.3861,-26.695,0,18.412,-12.917,15.115,-16.286,18.517,-4.1785,30.993,30.324,13.859,-5.4407,-4.4698,-9.4217,7.0524,18.204,-22.483,16.145,2.8875,3.6581,5.3167,4.8231,-2.6746,-26.864,14.293,26.448,-4.9762,-29.161,-5.3368,-28.197,9.2909,9.2348,22.728,19.196,-5.8915,-17.619,-10.045,-18.039,21.3,26.247,18.81,6.654,16.235,11.437,21.438,-6.8584,9.3482,-22.729,8.2366,5.7693,-5.6364,-6.0944,-0.84247,-24.301,25.482,-40.928,18.412,0,-7.1502,2.5419,-9.2937,8.2993,2.3778,13.427,9.3008,4.079,-2.7791,8.6163,-11.889,4.8322,4.3888,18.552,-2.6651,12.32,18.37,-11.845,-4.8128,11.952,15.166,-12.53,-15.053,-0.59437,-1.7937,13.471,10.814,-4.7228,12.778,-15.556,-17.704,-10.403,-8.3125,1.0322,-3.1673,5.5297,-19.502,-17.986,-21.199,2.077,-28.526,-8.0828,1.846,0.81295,20.862,-12.003,-0.26271,11.678,-11.599,-0.80992,-1.4069,-11.193,8.9643,-12.917,-7.1502,0,-20.98,20.796,-15.76,-10.657,-14.215,-9.4854,-25.485,13.555,-2.4491,29.091,9.8089,-13.503,-16.029,-8.362,-11.47,-22.434,17.235,18.457,-28.882,-6.7435,19.952,12.624,11.013,5.038,-10.498,-2.4359,-8.5265,-17.722,4.0066,17.367,0.57829,9.8216,-3.6875,4.5459,-9.5708,9.5671,14.691,38.019,-6.5635,21.342,0.94062,-10.604,8.5804,-8.4651,26.34,-12.406,-29.375,10.353,-11.769,0.021176,0.9815,-5.9897,15.115,2.5419,-20.98,0,-28.178,30.114,3.1555,23.174,19.835,43.859,-3.3134,-5.9556,-11.405,-6.1559,35.32,26.062,0.56434,3.2423,19.625,-10.088,-17.201,29.729,15.635,-31.327,-17.617,-3.0983,1.5527,19.265,6.112,3.7765,13.112,-7.9332,-31.769,0.62175,-3.9147,12.494,-2.3748,1.9109,-16.607,-29.175,-25.479,4.8094,-35.777,-10.113,16.752,-11.506,13.622,-23.309,5.2268,27.173,-11.394,8.1218,4.5281,-8.1726,11.351,-16.286,-9.2937,20.796,-28.178,0,-41.123,-8.7322,-27.283,-16.603,-35.15,-0.0039144,-2.2582,17.207,8.6422,-26.686,-23.317,-4.0224,-3.6576,-16.415,12.758,25.094,-37.382,-11.638,37.517,17.363,7.3235,-1.6611,-13.9,-4.5156,-8.1214,-11.515,5.0961,27.543,-4.7797,2.7155,-11.961,0.73347,-1.9717,12.953,22.895,28.43,-4.0417,24.566,6.6058,-20.322,16.486,-10.075,32.393,-9.9423,-40.672,7.9723,-13.771,-6.4142,4.6681,-11.243,18.517,8.2993,-15.76,30.114,-41.123,0,4.0374,34.308,22.453,30.851,2.165,-1.5781,-11.375,-4.8245,37.36,-5.5915,11.251,6.2017,-13.481,-9.8057,-5.4642,-4.0959,-12.244,2.9283,0.65517,-18.701,1.9688,-27.769,-1.226,10.28,-10.871,5.9154,7.3746,15.17,7.0076,-9.9634,12.263,-1.3526,8.5912,11.505,0.10966,-10.351,13.517,15.906,-2.3534,-6.4041,-8.308,-3.2866,14.762,0.4718,22.712,13.677,7.1168,11.831,0.53785,-4.1785,2.3778,-10.657,3.1555,-8.7322,4.0374,0,-0.46253,-7.5739,7.3841,-0.86752,22.733,-18.387,-30.395,-0.57737,-28.847,-2.2842,-5.4319,-9.0879,18.238,25.468,-22.786,-13.192,39.662,26.408,9.1904,-6.4951,-8.0337,-9.8285,-6.2159,-4.9084,8.8372,29.187,-8.037,-2.3537,-9.1755,-5.9474,2.1586,16.137,21.76,29.894,2.6709,20.051,6.7536,-16.735,19.169,-13.145,40.968,-10.288,-32.702,1.3856,-15.706,-12.504,6.6803,-18.354,30.993,13.427,-14.215,23.174,-27.283,34.308,-0.46253,0,33.137,21.879,-0.26889,-3.4371,-10.091,1.3022,30.631,-17.757,-7.2449,-9.1832,-5.2037,26.701,28.249,-17.648,-6.2893,23.204,20.165,17.419,-4.7589,-0.96062,-7.6153,-10.276,-2.561,5.3754,16.791,-11.491,-2.6367,-3.5703,-8.2983,0.48606,9.7471,11.847,27.175,4.7409,11.327,0.22738,-12.581,19.674,-8.0377,41.127,-17.362,-27.924,-3.3582,-23.287,-12.506,1.3109,-14.758,30.324,9.3008,-9.4854,19.835,-16.603,22.453,-7.5739,33.137,0,15.908,-0.90312,-10.78,-3.8671,7.0233,27.911,-18.451,-4.6195,-8.9123,-26.409,13.159,15.12,-28.03,-10.122,20.802,13.321,6.3405,4.0263,-15.307,-3.6399,-5.1776,-19.001,6.0483,20.549,2.8452,9.7816,-5.9417,5.683,-8.1125,12.411,18.838,31.236,-7.3558,28.59,4.546,-10.865,7.0749,-11.097,21.959,-7.8043,-25.276,13.622,-7.9047,0.42923,4.1456,-6.7295,13.859,4.079,-25.485,43.859,-35.15,30.851,7.3841,21.879,15.908,0,-3.5249,-1.6855,-15.988,-9.6378,28.297,3.5714,-4.3501,20.568,1.4849,-9.9659,7.7605,-5.513,4.5077,3.3688,-5.9529,-0.39019,-1.7984,-3.1541,12.665,-12.526,0.3706,-15.448,-0.85813,-14.461,-4.4028,-16.14,2.8031,3.9775,-8.6403,-0.70215,-5.7507,-7.3186,-4.2707,0.23698,-16.891,12.982,12.634,0.64416,-4.3222,-3.451,0.8045,-8.0673,-3.6773,-7.0082,4.0994,-5.4407,-2.7791,13.555,-3.3134,-0.0039144,2.165,-0.86752,-0.26889,-0.90312,-3.5249,0,1.9861,10.715,-0.69349,1.3515,-4.3989,25.203,15.106,-1.0501,-15.849,-9.0822,3.0681,-14.593,0.62532,1.3901,-37.863,-8.0381,-15.319,-5.535,17.01,1.4084,8.2307,5.3155,7.2715,-4.4113,-12.762,2.0685,10.202,9.0376,9.2528,-7.0329,-0.85619,6.5038,24.983,-1.6679,-4.3788,-8.4059,-7.979,27.063,6.2629,7.5438,16.888,-1.0115,18.091,-3.7964,-4.4698,8.6163,-2.4491,-5.9556,-2.2582,-1.5781,22.733,-3.4371,-10.78,-1.6855,1.9861,0,-11.725,-12.168,-7.5744,19.272,-11.504,4.0933,13.171,-4.0691,-0.32109,7.4561,25.159,-10.9,-14.636,7.9953,3.2423,18.97,14.172,-11.84,7.8957,-21.005,-18.754,-11.628,-3.3922,5.6267,-1.8371,-0.78051,-26.357,-22.505,-11.624,0.35954,-28.237,-17.999,1.9917,2.1997,27.645,-6.2536,-8.4306,6.325,-11.72,-6.7511,0.64275,-21.351,11.152,-9.4217,-11.889,29.091,-11.405,17.207,-11.375,-18.387,-10.091,-3.8671,-15.988,10.715,-11.725,0,12.457,-6.8983,1.7059,-2.5687,-3.2391,20.943,8.3825,3.1931,7.1422,4.8839,-1.5841,3.7778,10.462,-10.152,23.846,-5.6776,-3.1896,20.477,0.58684,-4.0175,-16.167,-15.805,6.9192,-23.81,9.3428,-2.5573,-7.0712,-1.4213,20.911,-11.194,-6.8535,2.6181,6.8142,2.3348,2.2142,-7.2123,1.5297,-42.472,-9.1782,-14.356,-3.3654,-6.8378,7.0524,4.8322,9.8089,-6.1559,8.6422,-4.8245,-30.395,1.3022,7.0233,-9.6378,-0.69349,-12.168,12.457,0,-1.9244,-16.857,-9.646,-7.6251,-15.326,17.743,30.515,-35.159,-6.0265,26.368,14.148,13.934,1.457,-8.1754,-2.0484,-12.869,-12.122,2.051,18.624,-5.9791,4.6846,-6.7659,0.90459,-5.4467,8.2985,14.645,33.415,-4.2827,17.194,0.76958,-16.681,16.297,-6.2979,40.833,-16.77,-53.367,5.8248,-19.333,-4.7724,-0.22085,-8.1983,18.204,4.3888,-13.503,35.32,-26.686,37.36,-0.57737,30.631,27.911,28.297,1.3515,-7.5744,-6.8983,-1.9244,0
