0,5.255,-6.0681,-1.2703,1.3325,-1.72,0.7076,-1.5688,-0.091567,7.7156,4.6012,4.3408,6.8269,-0.17137,-3.7494,-5.7587,-0.68698,-7.1878,-1.2086,-4.5465,-0.99739,5.255,0,-0.65363,0.41141,0.14478,-1.272,1.4208,2.199,-4.5377,8.7289,4.8002,5.7072,3.8355,-2.4456,-7.1748,-8.2114,3.6015,-9.3031,2.0679,-2.0793,-2.0715,-6.0681,-0.65363,0,-3.9432,-3.4226,0.15972,-3.2381,-1.0487,-3.1318,-0.22205,3.6264,1.2559,-0.13999,-1.1619,-3.9812,1.4105,8.085,1.338,-0.5707,-2.6595,2.5087,-1.2703,0.41141,-3.9432,0,-0.49051,-1.6719,2.5067,5.4191,-0.23327,-1.8039,-3.4074,-2.918,-2.3838,1.7924,3.5609,0.78115,-3.252,0.54993,2.8909,5.7866,0.11736,1.3325,0.14478,-3.4226,-0.49051,0,7.5911,-2.7902,-7.0391,4.4986,1.052,-0.58836,-1.079,3.1088,-6.5448,0.062745,-3.2669,-2.3312,-2.6925,-7.7451,3.8726,-0.58997,-1.72,-1.272,0.15972,-1.6719,7.5911,0,0.84766,-3.2122,8.9913,-2.7659,-3.8335,-4.3382,2.0225,-2.7651,1.9042,-0.027745,-0.84617,2.0408,-3.3489,1.7081,1.8966,0.7076,1.4208,-3.2381,2.5067,-2.7902,0.84766,0,6.5009,1.7068,-1.8497,-4.7589,-2.7453,-2.1657,1.0248,4.3719,0.22121,-2.4056,2.8919,7.2977,1.2992,-3.3877,-1.5688,2.199,-1.0487,5.4191,-7.0391,-3.2122,6.5009,0,-2.9467,-3.3762,-4.1247,-3.4375,-4.6739,6.0859,2.5657,1.9297,-1.6523,3.305,16.957,1.5286,-0.95621,-0.091567,-4.5377,-3.1318,-0.23327,4.4986,8.9913,1.7068,-2.9467,0,-3.754,-5.2021,-5.2349,2.2535,0.34287,4.9071,2.7786,-3.1319,3.2554,-3.5084,1.3189,2.8575,7.7156,8.7289,-0.22205,-1.8039,1.052,-2.7659,-1.8497,-3.3762,-3.754,0,12.156,12.382,7.384,-4.0091,-10.883,-8.2594,5.6063,-12.847,-2.9079,-3.2504,-1.5341,4.6012,4.8002,3.6264,-3.4074,-0.58836,-3.8335,-4.7589,-4.1247,-5.2021,12.156,0,12.574,4.8463,-3.6883,-12.398,-5.9053,7.6171,-8.0428,-3.5911,-4.1517,-1.2379,4.3408,5.7072,1.2559,-2.918,-1.079,-4.3382,-2.7453,-3.4375,-5.2349,12.382,12.574,0,2.604,-3.1462,-10.393,-5.5575,5.3114,-7.8095,-2.5896,-3.9947,-3.1826,6.8269,3.8355,-0.13999,-2.3838,3.1088,2.0225,-2.1657,-4.6739,2.2535,7.384,4.8463,2.604,0,-2.2003,-5.4828,-3.3708,3.4062,-8.2439,-4.7061,-3.2637,4.7921,-0.17137,-2.4456,-1.1619,1.7924,-6.5448,-2.7651,1.0248,6.0859,0.34287,-4.0091,-3.6883,-3.1462,-2.2003,0,3.7489,6.9688,-1.9574,5.1,5.8545,-0.42929,3.4046,-3.7494,-7.1748,-3.9812,3.5609,0.062745,1.9042,4.3719,2.5657,4.9071,-10.883,-12.398,-10.393,-5.4828,3.7489,0,7.2095,-8.6681,10.156,2.2357,4.6927,-1.104,-5.7587,-8.2114,1.4105,0.78115,-3.2669,-0.027745,0.22121,1.9297,2.7786,-8.2594,-5.9053,-5.5575,-3.3708,6.9688,7.2095,0,-5.0121,8.016,1.7853,2.6305,1.7913,-0.68698,3.6015,8.085,-3.252,-2.3312,-0.84617,-2.4056,-1.6523,-3.1319,5.6063,7.6171,5.3114,3.4062,-1.9574,-8.6681,-5.0121,0,-3.1711,-1.3554,-3.4046,3.5693,-7.1878,-9.3031,1.338,0.54993,-2.6925,2.0408,2.8919,3.305,3.2554,-12.847,-8.0428,-7.8095,-8.2439,5.1,10.156,8.016,-3.1711,0,3.6461,2.527,-0.055751,-1.2086,2.0679,-0.5707,2.8909,-7.7451,-3.3489,7.2977,16.957,-3.5084,-2.9079,-3.5911,-2.5896,-4.7061,5.8545,2.2357,1.7853,-1.3554,3.6461,0,0.13479,-1.5142,-4.5465,-2.0793,-2.6595,5.7866,3.8726,1.7081,1.2992,1.5286,1.3189,-3.2504,-4.1517,-3.9947,-3.2637,-0.42929,4.6927,2.6305,-3.4046,2.527,0.13479,0,-1.7279,-0.99739,-2.0715,2.5087,0.11736,-0.58997,1.8966,-3.3877,-0.95621,2.8575,-1.5341,-1.2379,-3.1826,4.7921,3.4046,-1.104,1.7913,3.5693,-0.055751,-1.5142,-1.7279,0
