0,-5.8466,-9.5948,-7.2703,1.0837,3.5377,-0.22809,-1.7307,8.7576,-2.6606,-2.6845,-2.6755,0.63486,7.4154,-4.6296,1.9266,2.2583,-5.5885,3.6012,1.5129,3.5226,-5.8466,0,5.4025,5.6198,0.38583,-3.2207,-0.047982,6.6907,-5.8455,3.2101,-1.0557,4.5665,0.083218,0.41607,2.211,-4.5698,-2.4243,-0.30886,1.7826,1.4191,-1.9908,-9.5948,5.4025,0,2.0412,-1.2797,-4.7564,1.5287,-2.4396,-6.3192,0.88816,0.40795,4.6094,2.0412,-4.0149,2.3135,-1.3382,-0.74258,3.5328,-1.078,-3.3311,1.1167,-7.2703,5.6198,2.0412,0,-2.9569,-4.982,-0.30044,8.8771,-7.1234,2.4916,4.996,1.8026,-1.8506,-3.7382,7.975,-0.2116,-2.1496,7.615,-5.6692,1.8378,-2.979,1.0837,0.38583,-1.2797,-2.9569,0,6.8978,0.66771,0.053671,4.585,5.1243,-2.2899,-1.6188,-2.466,-1.3265,-3.0485,-3.9073,0.13829,-4.573,2.1404,1.1582,-1.4041,3.5377,-3.2207,-4.7564,-4.982,6.8978,0,-2.6095,-1.4005,9.047,4.1191,-1.2955,-5.2881,1.3855,0.64027,-5.7579,-1.673,3.0887,-5.2436,2.3985,4.0096,-4.6201,-0.22809,-0.047982,1.5287,-0.30044,0.66771,-2.6095,0,-2.256,-3.0269,-3.9603,-1.4089,-0.67547,1.0361,-2.1075,2.4552,0.8821,-5.6709,2.2215,-2.1921,-1.9962,0.56222,-1.7307,6.6907,-2.4396,8.8771,0.053671,-1.4005,-2.256,0,-1.9222,3.6236,1.3061,1.7676,-3.141,0.92245,2.9454,-1.9793,-1.1967,1.1535,0.21463,4.0931,-2.2456,8.7576,-5.8455,-6.3192,-7.1234,4.585,9.047,-3.0269,-1.9222,0,2.3642,-0.35485,-1.5604,2.2099,3.0522,-5.1385,-0.056803,4.538,-4.6156,2.7424,3.0279,1.8288,-2.6606,3.2101,0.88816,2.4916,5.1243,4.1191,-3.9603,3.6236,2.3642,0,2.9192,1.3335,-1.3088,-0.91904,0.21522,-2.9473,4.7011,0.86236,-0.0079458,5.183,-4.3367,-2.6845,-1.0557,0.40795,4.996,-2.2899,-1.2955,-1.4089,1.3061,-0.35485,2.9192,0,2.8779,1.4462,-4.5634,1.95,-1.1745,4.0458,6.5854,-5.7719,-1.3335,-0.903,-2.6755,4.5665,4.6094,1.8026,-1.6188,-5.2881,-0.67547,1.7676,-1.5604,1.3335,2.8779,0,-0.11108,-0.61423,2.0048,-4.392,0.2197,0.92107,1.4941,-2.5057,3.2925,0.63486,0.083218,2.0412,-1.8506,-2.466,1.3855,1.0361,-3.141,2.2099,-1.3088,1.4462,-0.11108,0,0.28276,-2.5289,1.1136,-0.0062338,-0.24928,-1.8708,-0.9557,2.0357,7.4154,0.41607,-4.0149,-3.7382,-1.3265,0.64027,-2.1075,0.92245,3.0522,-0.91904,-4.5634,-0.61423,0.28276,0,-2.8745,1.8179,2.8181,-4.4745,8.301,3.981,2.9067,-4.6296,2.211,2.3135,7.975,-3.0485,-5.7579,2.4552,2.9454,-5.1385,0.21522,1.95,2.0048,-2.5289,-2.8745,0,1.2934,-3.0711,7.1664,-4.9062,1.4795,-1.3095,1.9266,-4.5698,-1.3382,-0.2116,-3.9073,-1.673,0.8821,-1.9793,-0.056803,-2.9473,-1.1745,-4.392,1.1136,1.8179,1.2934,0,1.036,3.8052,-3.3748,2.5087,2.7717,2.2583,-2.4243,-0.74258,-2.1496,0.13829,3.0887,-5.6709,-1.1967,4.538,4.7011,4.0458,0.2197,-0.0062338,2.8181,-3.0711,1.036,0,0.88878,1.1818,2.2464,1.2436,-5.5885,-0.30886,3.5328,7.615,-4.573,-5.2436,2.2215,1.1535,-4.6156,0.86236,6.5854,0.92107,-0.24928,-4.4745,7.1664,3.8052,0.88878,0,-7.3967,-0.39443,0.35555,3.6012,1.7826,-1.078,-5.6692,2.1404,2.3985,-2.1921,0.21463,2.7424,-0.0079458,-5.7719,1.4941,-1.8708,8.301,-4.9062,-3.3748,1.1818,-7.3967,0,0.55151,1.593,1.5129,1.4191,-3.3311,1.8378,1.1582,4.0096,-1.9962,4.0931,3.0279,5.183,-1.3335,-2.5057,-0.9557,3.981,1.4795,2.5087,2.2464,-0.39443,0.55151,0,-4.3891,3.5226,-1.9908,1.1167,-2.979,-1.4041,-4.6201,0.56222,-2.2456,1.8288,-4.3367,-0.903,3.2925,2.0357,2.9067,-1.3095,2.7717,1.2436,0.35555,1.593,-4.3891,0
