0,-2.5935,-12.88,-5.2625,-15.564,8.6593,-4.1015,4.9779,-1.3625,22.027,2.2042,12.622,-20.985,-6.6421,-19.25,-12.544,7.5841,1.4678,8.0093,-12.857,-41.225,-9.15,16.846,22.727,-8.175,2.0495,2.4992,-8.0102,-12.62,-11.432,9.5743,-2.9815,-12.22,-9.2223,-7.7083,15.417,14.559,-2.4379,22.429,-11.186,-10.378,1.6023,-0.92066,-15.523,24.496,14.885,-12.378,-18.841,-12.222,6.8569,-11.847,-10.848,12.322,14.926,9.9383,-2.5935,0,6.8915,-0.57798,13.827,18.958,14.504,-18.105,10.06,4.3812,-0.026525,-3.8248,1.1826,1.6312,5.2673,-5.8437,2.9735,12.999,-0.88536,24.938,-1.3193,13.271,-3.9331,3.8117,-2.7364,8.7846,6.8946,13.861,-3.7219,18.864,-5.5453,23.324,2.7348,-3.7924,15.193,5.8383,3.2432,-5.0118,-5.1047,-7.7695,14.168,-1.259,-3.5783,2.0084,4.4867,-5.0987,13.642,-6.6247,-1.9784,-11.199,3.4924,2.8877,-9.6843,-1.5793,0.39917,-12.88,6.8915,0,3.6756,26.643,2.6566,4.132,-6.4107,13.391,-14.389,9.2885,-2.4252,18.492,0.77236,9.5258,-0.082587,-15.83,8.7548,-3.1937,10.258,11.3,16.371,-4.0952,-3.2699,-2.2168,-4.9911,-9.1675,-0.88025,6.9225,7.0438,0.059694,5.1997,5.8516,-1.3456,-1.0705,-3.6375,-20.398,-12.985,-11.686,-4.9183,27.326,12.219,-4.7886,5.0749,-4.5081,2.8412,6.6304,13.478,28.195,-9.3848,20.652,14.774,-7.9349,0.98683,-0.45737,-5.2625,-0.57798,3.6756,0,7.6493,-7.7636,-16.383,-9.501,10.059,-4.3693,5.9963,-14.691,-3.3117,26.158,-7.686,19.248,-1.1725,-2.1398,-41.724,4.5845,4.0226,-10.594,-16.966,-9.7528,-2.172,2.0285,4.9344,10.668,-11.632,1.0416,-11.46,7.8317,-8.4513,7.3468,-2.8259,-4.9059,-6.0817,-9.1377,-6.483,1.1507,-2.0903,-2.6166,22.983,0.36641,0.94765,-5.6055,-3.0417,5.1075,5.7592,13.423,-1.5342,-10.089,-18.068,-13.221,-8.6809,-15.564,13.827,26.643,7.6493,0,3.9348,4.3431,-15.98,12.231,-11.994,5.7383,-10.84,11.93,5.0775,8.3248,4.4428,-6.2186,6.498,-8.9774,20.446,11.113,13.815,-9.8066,-4.929,-2.1046,-2.4402,-3.8332,8.9962,3.0123,17.123,-8.9553,13.357,2.8101,3.86,7.1147,-1.7461,-13.27,-9.7313,-18.338,-1.6803,21.223,3.5751,-0.26301,4.1568,-3.6095,-4.5869,13.178,10.938,15.076,-9.4658,18.031,9.6647,-18.296,-6.5778,-1.5599,8.6593,18.958,2.6566,-7.7636,3.9348,0,13.332,-10.057,8.115,9.2505,-1.5828,7.8367,-3.1737,-8.5006,-1.6595,-18.215,3.8655,17.61,8.6387,8.2741,-12.539,9.9365,6.5486,18.006,-2.61,6.3966,0.62993,1.2057,-6.4529,6.9488,5.0381,7.8827,-0.37873,-9.0905,5.6821,11.336,9.8853,-4.3164,6.8928,-13.3,9.0983,6.5226,-12.025,-3.7448,13.452,5.5876,6.9447,-12.519,-3.8304,-7.2243,1.1047,4.0415,2.906,10.789,11.461,-4.1015,14.504,4.132,-16.383,4.3431,13.332,0,-2.7369,0.86698,1.039,-7.4139,6.2842,9.9043,-9.2684,17.555,-13.232,-1.7913,12.101,13.794,11.577,2.7949,23.039,1.8215,2.2108,6.1759,6.9475,1.2905,1.6652,8.7204,9.8347,4.5721,3.6434,17.713,-7.1977,11.595,-0.84118,3.6726,4.9447,-0.56289,-2.5033,13.96,2.8747,-18.992,9.6043,-4.9003,-3.4498,13.539,-4.4829,-1.7585,-18.562,3.7009,13.53,3.9681,4.6449,1.3162,4.9779,-18.105,-6.4107,-9.501,-15.98,-10.057,-2.7369,0,-9.8692,2.7402,3.8925,11.721,1.1439,-6.0346,1.53,-5.1285,-6.7161,-7.0344,11.029,-22.501,-0.22001,-3.4988,12.135,-0.055753,-2.0009,-4.4263,-1.8206,-18.683,9.1861,-20.403,12.972,-15.124,3.7423,-7.5753,-13.262,-1.8246,-2.9934,2.9449,6.8282,-0.36459,-6.8237,1.3641,-2.1622,-0.44704,-3.9654,9.3134,-15.911,-0.22879,-1.1617,0.90463,-5.1749,-1.3031,16.09,9.3206,-3.1762,-1.3625,10.06,13.391,10.059,12.231,8.115,0.86698,-9.8692,0,0.090737,8.5138,1.9663,3.5335,9.3511,-1.1452,-2.59,-11.576,21.134,-7.015,10.083,-0.21685,4.133,-6.9818,-0.065922,-2.2829,9.8964,3.8592,2.8929,-9.6377,0.62243,3.7233,10.304,1.6948,-9.6112,-5.3053,-2.9238,-4.9982,-21.098,1.1794,-15.752,14.064,12.852,1.5708,5.2096,5.1497,4.0747,-1.3046,-2.2698,10.661,3.0664,0.43026,-0.025373,-6.2625,3.5394,-4.4039,22.027,4.3812,-14.389,-4.3693,-11.994,9.2505,1.039,2.7402,0.090737,0,2.3017,7.5013,-19.486,-0.24822,-10.053,-11.482,8.2291,2.9486,5.3406,-4.4364,-22.051,-6.0676,9.3593,12.727,-8.9363,10.349,14.917,0.70215,-12.414,-5.8053,4.6388,5.7236,-6.6227,-12.542,-0.88885,13.168,15.829,-2.2528,13.884,-12.548,-7.3511,-5.1636,2.5957,-8.3123,16.867,5.6813,-9.2164,-36.306,-19.898,3.0563,-18.232,-15.925,5.6221,7.9781,0.45007,2.2042,-0.026525,9.2885,5.9963,5.7383,-1.5828,-7.4139,3.8925,8.5138,2.3017,0,-0.23024,-0.34035,4.957,-3.4931,-2.0624,-9.8729,0.11208,-4.2193,-3.5934,-1.1715,0.93031,5.332,2.8923,-24.812,-5.352,0.19971,-4.4711,-1.0499,-5.4745,1.7107,6.941,-6.6468,-8.3466,-10.781,7.1801,-14.381,-26.283,-3.881,-14.84,5.3573,3.3595,7.0036,-7.7389,6.819,12.826,-11.716,1.9187,8.4398,-1.6736,3.6744,-4.6105,-5.1223,5.3449,-3.8988,12.622,-3.8248,-2.4252,-14.691,-10.84,7.8367,6.2842,11.721,1.9663,7.5013,-0.23024,0,0.59706,-12.694,-0.92429,-23.23,-7.2033,10.796,21.265,-9.8787,-9.5437,2.7849,14.859,11.28,1.6263,4.1209,-2.8043,-20.455,0.60091,-14.566,43.951,-10.868,5.8692,-19.772,-12.13,1.0288,5.2168,-1.3093,22.191,-11.335,1.5871,15.427,-14.75,0.87334,5.0029,17.063,-8.7319,-9.3904,-0.58891,0.35191,-5.6122,3.7289,29.277,31.748,5.6128,-20.985,1.1826,18.492,-3.3117,11.93,-3.1737,9.9043,1.1439,3.5335,-19.486,-0.34035,0.59706,0,-2.2115,25.314,0.51472,-17.754,5.3773,2.6775,7.3059,22.939,17.906,-5.4468,-10.894,8.1978,-2.6877,-8.235,-3.148,19.297,4.5901,3.0473,-2.9378,21.252,-0.37401,0.81565,-14.208,-16.024,-0.13719,-10.039,3.4936,18.419,9.1868,-9.732,16.842,-19.806,-2.9124,8.3673,15.424,18.771,-10.921,14.263,23.019,-0.99343,-0.69389,-4.7235,-6.6421,1.6312,0.77236,26.158,5.0775,-8.5006,-9.2684,-6.0346,9.3511,-0.24822,4.957,-12.694,-2.2115,0,-2.2747,15.488,-2.5285,-0.73825,-26.679,6.5739,6.055,-8.6329,-20.029,-14.851,-0.99005,9.2318,14.795,14.275,-9.35,0.54827,-10.051,11.054,-2.0553,2.3622,-0.62653,-7.8405,-4.4464,-6.9413,-6.0876,0.12645,-1.4883,-6.318,24.758,5.9275,-2.5317,-9.6547,-3.9735,0.49372,1.5484,10.541,-7.0759,-13.076,-16.723,-14.442,-20.518,-19.25,5.2673,9.5258,-7.686,8.3248,-1.6595,17.555,1.53,-1.1452,-10.053,-3.4931,-0.92429,25.314,-2.2747,0,-1.1031,-9.3232,3.3661,5.1278,10.006,20.088,20.079,-4.8545,-11.047,7.6864,1.1937,-1.0317,1.7878,21.673,8.3306,0.029892,1.0198,27.17,-1.117,8.1262,-10.578,-8.6362,4.8246,-11.051,4.8121,14.518,0.76013,-9.1969,17.802,-21.559,-8.2787,11.313,7.7775,6.5426,-17.044,8.6734,16.216,-1.5232,-3.2047,-7.6494,-12.544,-5.8437,-0.082587,19.248,4.4428,-18.215,-13.232,-5.1285,-2.59,-11.482,-2.0624,-23.23,0.51472,15.488,-1.1031,0,2.798,-12.749,-24.029,2.7943,11.949,-9.7604,-18.735,-18.623,4.3067,-3.5687,0.98994,11.066,-0.98957,4.1305,-18.639,1.1427,-4.0717,21.115,3.0587,-9.3499,-6.1232,3.4131,-12.754,16.478,-6.4954,-9.7113,17.419,2.9766,-9.1662,-14.967,2.4012,12.756,3.283,8.4568,1.5339,-4.7967,-15.33,-28.008,-8.3337,7.5841,2.9735,-15.83,-1.1725,-6.2186,3.8655,-1.7913,-6.7161,-11.576,8.2291,-9.8729,-7.2033,-17.754,-2.5285,-9.3232,2.798,0,-8.9955,-1.0954,0.17068,-10.357,-7.8503,1.7066,6.7802,-0.74132,-0.88949,3.5336,9.4566,-7.4027,7.3447,-11.53,3.0442,-12.303,10.706,13.073,11.422,18.075,11.287,1.3072,7.2951,-13.88,-16.499,3.5837,-11.404,7.8155,-7.0467,5.6829,-7.444,-21.148,1.7291,-4.7315,-8.0384,-2.2118,-6.7268,8.5103,1.4678,12.999,8.7548,-2.1398,6.498,17.61,12.101,-7.0344,21.134,2.9486,0.11208,10.796,5.3773,-0.73825,3.3661,-12.749,-8.9955,0,4.4273,10.021,-2.9747,10.357,-1.4487,4.6528,3.4646,13.881,2.5693,-0.67291,-5.1152,1.3562,10.926,5.2519,8.7445,-15.045,-1.623,-2.4336,2.1354,-8.8461,7.159,-15.16,16.171,16.46,-9.883,8.2778,4.0809,4.613,2.8556,-7.503,5.0936,-2.1196,-0.75411,5.9424,2.8135,10.189,0.51428,8.0093,-0.88536,-3.1937,-41.724,-8.9774,8.6387,13.794,11.029,-7.015,5.3406,-4.2193,21.265,2.6775,-26.679,5.1278,-24.029,-1.0954,4.4273,0,-6.8766,-6.2216,9.0458,19.831,12,1.6292,-1.323,-5.6577,-15.054,9.0068,-4.6029,17.155,-9.7002,7.631,-10.654,-1.3247,4.7756,5.9583,6.106,10.405,-4.1428,2.1675,6.4444,-24.195,-0.8496,1.1956,9.7908,-0.12879,-6.2609,-4.1839,-9.9442,0.28715,9.2847,23.876,19.221,9.5179,-12.857,24.938,10.258,4.5845,20.446,8.2741,11.577,-22.501,10.083,-4.4364,-3.5934,-9.8787,7.3059,6.5739,10.006,2.7943,0.17068,10.021,-6.8766,0,7.9152,12.132,-14.72,-5.8417,4.2673,8.2114,5.1609,19.532,-0.72942,24.464,-10.186,17.923,6.9011,2.7032,17.119,-3.4749,-1.2422,-1.8971,-11.368,0.14575,15.124,-1.5747,-1.0317,9.5305,-4.1509,-13.598,19.93,1.2393,3.0469,-8.1428,6.1103,5.8216,-15.627,-9.6292,-4.2305,-41.225,-1.3193,11.3,4.0226,11.113,-12.539,2.7949,-0.22001,-0.21685,-22.051,-1.1715,-9.5437,22.939,6.055,20.088,11.949,-10.357,-2.9747,-6.2216,7.9152,0,7.65,-13.921,-25.897,8.19,-2.8556,-2.9022,4.2364,15.576,6.4902,-6.3807,-0.29108,13.887,7.3846,4.0245,-18.23,-16.856,2.8216,-18.741,11.348,8.4855,-0.86416,0.96692,16.587,-31.319,-12.042,7.8995,20.015,12.921,-5.7215,10.069,10.302,-8.5944,-12.347,-11.883,-9.15,13.271,16.371,-10.594,13.815,9.9365,23.039,-3.4988,4.133,-6.0676,0.93031,2.7849,17.906,-8.6329,20.079,-9.7604,-7.8503,10.357,9.0458,12.132,7.65,0,2.0308,1.2376,0.7111,-1.2527,-5.5994,-0.68678,13.72,11.527,2.7728,4.8371,13.996,-5.1468,7.6711,-0.018494,-6.9207,-2.1624,-7.7639,-3.9425,27.669,6.7985,-16.94,6.7296,-5.7718,0.3154,13.576,4.2605,8.2512,-28.074,15.265,21.831,-0.77362,4.504,2.2419,16.846,-3.9331,-4.0952,-16.966,-9.8066,6.5486,1.8215,12.135,-6.9818,9.3593,5.332,14.859,-5.4468,-20.029,-4.8545,-18.735,1.7066,-1.4487,19.831,-14.72,-13.921,2.0308,0,21.865,-10.536,-8.253,-6.854,-17.735,3.2214,-8.38,12.276,-6.9101,-4.9396,-9.1861,-6.4538,16.376,3.523,-1.1258,9.7746,-8.5278,-2.6769,3.8462,-9.8251,-14.543,10.793,20.781,-7.4902,-6.2642,-4.5033,-5.7777,0.58274,1.2529,16.132,21.363,13.352,22.727,3.8117,-3.2699,-9.7528,-4.929,18.006,2.2108,-0.055753,-0.065922,12.727,2.8923,11.28,-10.894,-14.851,-11.047,-18.623,6.7802,4.6528,12,-5.8417,-25.897,1.2376,21.865,0,-9.8331,-3.1002,-4.5374,-8.0643,-6.2898,-2.4307,8.006,-0.34386,-10.051,-7.6039,-2.3602,23.648,9.7068,-3.9568,12.04,-12.401,-1.0769,5.0198,-8.621,-17.949,24.158,16.904,-2.7128,-11.408,-6.233,-2.7955,-0.24728,-0.71512,9.4817,17.982,20.838,-8.175,-2.7364,-2.2168,-2.172,-2.1046,-2.61,6.1759,-2.0009,-2.2829,-8.9363,-24.812,1.6263,8.1978,-0.99005,7.6864,4.3067,-0.74132,3.4646,1.6292,4.2673,8.19,0.7111,-10.536,-9.8331,0,6.5662,-1.7732,1.6154,3.5327,1.9942,1.8322,-9.48,13.73,5.7336,4.0729,-19.798,4.9252,15.503,2.4724,13.248,-0.3477,3.1707,-6.7001,18.132,-13.949,-11.482,8.7232,3.3848,0.78967,3.6883,-1.828,8.1929,4.6123,-4.958,-1.5712,2.0495,8.7846,-4.9911,2.0285,-2.4402,6.3966,6.9475,-4.4263,9.8964,10.349,-5.352,4.1209,-2.6877,9.2318,1.1937,-3.5687,-0.88949,13.881,-1.323,8.2114,-2.8556,-1.2527,-8.253,-3.1002,6.5662,0,21.533,8.2447,-10.338,-0.63608,3.4628,7.3185,7.541,-10.153,2.2017,-6.1418,10.025,-0.57193,8.1655,-6.3991,1.6073,0.065849,1.7838,11.723,0.97125,-5.9218,-0.85356,-16.133,-7.1773,5.4366,-16.939,-6.8963,0.21145,-0.2177,-10.553,2.4992,6.8946,-9.1675,4.9344,-3.8332,0.62993,1.2905,-1.8206,3.8592,14.917,0.19971,-2.8043,-8.235,14.795,-1.0317,0.98994,3.5336,2.5693,-5.6577,5.1609,-2.9022,-5.5994,-6.854,-4.5374,-1.7732,21.533,0,12.878,-9.8387,-0.25255,-3.6668,12.645,1.064,-6.52,4.035,-0.78876,7.5709,-1.1532,2.4191,-4.6642,-3.7588,-10.807,11.222,4.5269,2.0651,-7.9066,-4.2575,-15.641,-12.724,4.599,-19.417,-17.075,-5.1602,-5.4087,-16.084,-8.0102,13.861,-0.88025,10.668,8.9962,1.2057,1.6652,-18.683,2.8929,0.70215,-4.4711,-20.455,-3.148,14.275,1.7878,11.066,9.4566,-0.67291,-15.054,19.532,4.2364,-0.68678,-17.735,-8.0643,1.6154,8.2447,12.878,0,-6.4631,18.02,-23.021,19.516,-1.5096,8.7581,18.994,-0.97742,3.5035,1.9118,-10.908,5.0741,0.69931,-14.576,10.522,3.5982,-1.7604,-22.404,11.391,-1.7899,-5.8411,-0.38356,-1.775,-5.9653,-22.098,-21.55,-7.5904,-12.62,-3.7219,6.9225,-11.632,3.0123,-6.4529,8.7204,9.1861,-9.6377,-12.414,-1.0499,0.60091,19.297,-9.35,21.673,-0.98957,-7.4027,-5.1152,9.0068,-0.72942,15.576,13.72,3.2214,-6.2898,3.5327,-10.338,-9.8387,-6.4631,0,2.8959,1.5922,-7.0599,13.647,2.1421,2.9653,-5.4625,-11.334,6.8684,-10.053,8.0031,6.9889,0.59898,-10.207,6.5061,-18.084,-1.7456,6.1346,13.46,7.1871,-16.587,13.052,17.482,3.2717,-0.026472,-1.095,-11.432,18.864,7.0438,1.0416,17.123,6.9488,9.8347,-20.403,0.62243,-5.8053,-5.4745,-14.566,4.5901,0.54827,8.3306,4.1305,7.3447,1.3562,-4.6029,24.464,6.4902,11.527,-8.38,-2.4307,1.9942,-0.63608,-0.25255,18.02,2.8959,0,-16.906,13.689,1.8639,10.087,29.232,2.2324,-0.10321,3.268,-16.11,5.7572,9.191,-6.8525,-2.1711,2.0154,-3.3999,-14.202,31.38,4.2845,0.011051,-12.759,11.421,7.4283,-15.259,-11.894,2.3032,9.5743,-5.5453,0.059694,-11.46,-8.9553,5.0381,4.5721,12.972,3.7233,4.6388,1.7107,43.951,3.0473,-10.051,0.029892,-18.639,-11.53,10.926,17.155,-10.186,-6.3807,2.7728,12.276,8.006,1.8322,3.4628,-3.6668,-23.021,1.5922,-16.906,0,-11.775,7.0396,-19.969,-15.936,-1.6325,1.5531,-3.2498,18.821,-11.329,2.8854,18.81,-12.926,2.6426,2.9479,17.831,-10.346,-6.214,2.9287,1.2905,-4.4644,4.4136,25.103,28.724,3.3349,-2.9815,23.324,5.1997,7.8317,13.357,7.8827,3.6434,-15.124,10.304,5.7236,6.941,-10.868,-2.9378,11.054,1.0198,1.1427,3.0442,5.2519,-9.7002,17.923,-0.29108,4.8371,-6.9101,-0.34386,-9.48,7.3185,12.645,19.516,-7.0599,13.689,-11.775,0,-3.0509,-1.8397,10.738,6.5044,-0.75954,-9.8482,-9.1191,-7.751,7.999,-7.1736,7.651,-1.0605,5.3944,-6.0936,5.7372,-5.2351,-2.2471,-5.5212,0.57996,-5.6731,-19.573,-6.929,-6.1182,-12.22,2.7348,5.8516,-8.4513,2.8101,-0.37873,17.713,3.7423,1.6948,-6.6227,-6.6468,5.8692,21.252,-2.0553,27.17,-4.0717,-12.303,8.7445,7.631,6.9011,13.887,13.996,-4.9396,-10.051,13.73,7.541,1.064,-1.5096,13.647,1.8639,7.0396,-3.0509,0,-5.9727,2.7963,-16.286,-3.9292,5.2693,-1.8636,2.2663,11.799,5.696,-11.324,27.994,-18.644,-5.7066,6.3684,2.7786,5.3325,-8.3853,1.8047,13.487,4.4845,1.0824,-8.5062,-9.2223,-3.7924,-1.3456,7.3468,3.86,-9.0905,-7.1977,-7.5753,-9.6112,-12.542,-8.3466,-19.772,-0.37401,2.3622,-1.117,21.115,10.706,-15.045,-10.654,2.7032,7.3846,-5.1468,-9.1861,-7.6039,5.7336,-10.153,-6.52,8.7581,2.1421,10.087,-19.969,-1.8397,-5.9727,0,9.5306,-2.6467,-1.0575,10.458,-12.031,25.056,-6.8762,-10.041,6.0051,-2.2048,-6.4951,-13.591,10.397,13.351,0.24515,2.1497,7.3296,1.4633,-9.9499,-19.988,3.2576,-7.7083,15.193,-1.0705,-2.8259,7.1147,5.6821,11.595,-13.262,-5.3053,-0.88885,-10.781,-12.13,0.81565,-0.62653,8.1262,3.0587,13.073,-1.623,-1.3247,17.119,4.0245,7.6711,-6.4538,-2.3602,4.0729,2.2017,4.035,18.994,2.9653,29.232,-15.936,10.738,2.7963,9.5306,0,2.5115,5.9575,10.239,-10.862,8.6681,2.9143,-13.298,-1.966,2.3036,-4.0988,-18.717,24.864,-0.56712,-7.8993,-11.348,4.3352,3.703,-9.7737,-12.499,1.029,15.417,5.8383,-3.6375,-4.9059,-1.7461,11.336,-0.84118,-1.8246,-2.9238,13.168,7.1801,1.0288,-14.208,-7.8405,-10.578,-9.3499,11.422,-2.4336,4.7756,-3.4749,-18.23,-0.018494,16.376,23.648,-19.798,-6.1418,-0.78876,-0.97742,-5.4625,2.2324,-1.6325,6.5044,-16.286,-2.6467,2.5115,0,6.1067,-4.8221,2.5804,-9.0998,-2.796,-4.3145,-0.62927,-28.018,21.917,9.7181,-1.6629,-8.7407,-8.7155,-5.366,1.209,-5.2823,0.42923,7.1176,13.072,14.559,3.2432,-20.398,-6.0817,-13.27,9.8853,3.6726,-2.9934,-4.9982,15.829,-14.381,5.2168,-16.024,-4.4464,-8.6362,-6.1232,18.075,2.1354,5.9583,-1.2422,-16.856,-6.9207,3.523,9.7068,4.9252,10.025,7.5709,3.5035,-11.334,-0.10321,1.5531,-0.75954,-3.9292,-1.0575,5.9575,6.1067,0,10.432,15.086,0.25644,-11.018,-5.2343,-2.5842,-3.8055,9.4319,-2.4029,1.2438,-20.48,-24.688,5.3358,-14.681,-7.4678,7.6641,2.4566,6.8741,-2.4379,-5.0118,-12.985,-9.1377,-9.7313,-4.3164,4.9447,2.9449,-21.098,-2.2528,-26.283,-1.3093,-0.13719,-6.9413,4.8246,3.4131,11.287,-8.8461,6.106,-1.8971,2.8216,-2.1624,-1.1258,-3.9568,15.503,-0.57193,-1.1532,1.9118,6.8684,3.268,-3.2498,-9.8482,5.2693,10.458,10.239,-4.8221,10.432,0,0.88297,21.359,-9.8728,-9.175,-4.9605,4.1854,-9.6593,-12.035,8.0876,0.52815,-10.822,-0.96307,-2.8296,3.2751,6.1616,-6.4115,2.6452,22.429,-5.1047,-11.686,-6.483,-18.338,6.8928,-0.56289,6.8282,1.1794,13.884,-3.881,22.191,-10.039,-6.0876,-11.051,-12.754,1.3072,7.159,10.405,-11.368,-18.741,-7.7639,9.7746,12.04,2.4724,8.1655,2.4191,-10.908,-10.053,-16.11,18.821,-9.1191,-1.8636,-12.031,-10.862,2.5804,15.086,0.88297,0,-8.4306,-7.7061,7.931,-5.1604,-2.7781,11.017,11.46,-11.473,-16.818,-8.0206,10.461,-15.64,-5.7171,20.984,16.655,5.8505,-11.186,-7.7695,-4.9183,1.1507,-1.6803,-13.3,-2.5033,-0.36459,-15.752,-12.548,-14.84,-11.335,3.4936,0.12645,4.8121,16.478,7.2951,-15.16,-4.1428,0.14575,11.348,-3.9425,-8.5278,-12.401,13.248,-6.3991,-4.6642,5.0741,8.0031,5.7572,-11.329,-7.751,2.2663,25.056,8.6681,-9.0998,0.25644,21.359,-8.4306,0,-8.1312,-9.9554,2.0838,4.5185,-15.34,-16.735,9.0053,11.833,-1.6968,1.2368,3.3875,3.6569,-2.925,-16.838,-0.67135,-10.378,14.168,27.326,-2.0903,21.223,9.0983,13.96,-6.8237,14.064,-7.3511,5.3573,1.5871,18.419,-1.4883,14.518,-6.4954,-13.88,16.171,2.1675,15.124,8.4855,27.669,-2.6769,-1.0769,-0.3477,1.6073,-3.7588,0.69931,6.9889,9.191,2.8854,7.999,11.799,-6.8762,2.9143,-2.796,-11.018,-9.8728,-7.7061,-8.1312,0,11.471,-9.9418,8.6056,-4.0316,1.497,9.4216,5.1027,15.025,-14.71,13.741,16.039,-4.7219,3.7367,-1.228,1.6023,-1.259,12.219,-2.6166,3.5751,6.5226,2.8747,1.3641,12.852,-5.1636,3.3595,15.427,9.1868,-6.318,0.76013,-9.7113,-16.499,16.46,6.4444,-1.5747,-0.86416,6.7985,3.8462,5.0198,3.1707,0.065849,-10.807,-14.576,0.59898,-6.8525,18.81,-7.1736,5.696,-10.041,-13.298,-4.3145,-5.2343,-9.175,7.931,-9.9554,11.471,0,-12.278,4.0948,1.8432,14.332,-2.7113,2.5821,15.69,0.82538,5.2635,11.241,9.0446,16.238,5.7542,-0.92066,-3.5783,-4.7886,22.983,-0.26301,-12.025,-18.992,-2.1622,1.5708,2.5957,7.0036,-14.75,-9.732,24.758,-9.1969,17.419,3.5837,-9.883,-24.195,-1.0317,0.96692,-16.94,-9.8251,-8.621,-6.7001,1.7838,11.222,10.522,-10.207,-2.1711,-12.926,7.651,-11.324,6.0051,-1.966,-0.62927,-2.5842,-4.9605,-5.1604,2.0838,-9.9418,-12.278,0,-3.5103,1.8754,-6.003,-8.1701,0.28544,-2.8464,12.628,-7.6939,-21.739,-14.03,-13.834,-12.108,-15.523,2.0084,5.0749,0.36641,4.1568,-3.7448,9.6043,-0.44704,5.2096,-8.3123,-7.7389,0.87334,16.842,5.9275,17.802,2.9766,-11.404,8.2778,-0.8496,9.5305,16.587,6.7296,-14.543,-17.949,18.132,11.723,4.5269,3.5982,6.5061,2.0154,2.6426,-1.0605,27.994,-2.2048,2.3036,-28.018,-3.8055,4.1854,-2.7781,4.5185,8.6056,4.0948,-3.5103,0,-19.976,-10.912,5.5781,3.6592,6.0552,-0.96868,-1.2464,7.5612,-0.58956,-4.8553,-14.02,24.496,4.4867,-4.5081,0.94765,-3.6095,13.452,-4.9003,-3.9654,5.1497,16.867,6.819,5.0029,-19.806,-2.5317,-21.559,-9.1662,7.8155,4.0809,1.1956,-4.1509,-31.319,-5.7718,10.793,24.158,-13.949,0.97125,2.0651,-1.7604,-18.084,-3.3999,2.9479,5.3944,-18.644,-6.4951,-4.0988,21.917,9.4319,-9.6593,11.017,-15.34,-4.0316,1.8432,1.8754,-19.976,0,13.059,-6.91,-14.21,-7.0499,4.5627,-5.2331,-10.146,2.1151,10.051,10.999,14.885,-5.0987,2.8412,-5.6055,-4.5869,5.5876,-3.4498,9.3134,4.0747,5.6813,12.826,17.063,-2.9124,-9.6547,-8.2787,-14.967,-7.0467,4.613,9.7908,-13.598,-12.042,0.3154,20.781,16.904,-11.482,-5.9218,-7.9066,-22.404,-1.7456,-14.202,17.831,-6.0936,-5.7066,-13.591,-18.717,9.7181,-2.4029,-12.035,11.46,-16.735,1.497,14.332,-6.003,-10.912,13.059,0,-13.744,-3.5184,4.5751,0.63806,1.0115,0.51333,12.291,27.849,9.3574,-12.378,13.642,6.6304,-3.0417,13.178,6.9447,13.539,-15.911,-1.3046,-9.2164,-11.716,-8.7319,8.3673,-3.9735,11.313,2.4012,5.6829,2.8556,-0.12879,19.93,7.8995,13.576,-7.4902,-2.7128,8.7232,-0.85356,-4.2575,11.391,6.1346,31.38,-10.346,5.7372,6.3684,10.397,24.864,-1.6629,1.2438,8.0876,-11.473,9.0053,9.4216,-2.7113,-8.1701,5.5781,-6.91,-13.744,0,5.8336,1.2585,-12.599,12.378,13.894,-7.7736,-8.8291,4.8527,-18.841,-6.6247,13.478,5.1075,10.938,-12.519,-4.4829,-0.22879,-2.2698,-36.306,1.9187,-9.3904,15.424,0.49372,7.7775,12.756,-7.444,-7.503,-6.2609,1.2393,20.015,4.2605,-6.2642,-11.408,3.3848,-16.133,-15.641,-1.7899,13.46,4.2845,-6.214,-5.2351,2.7786,13.351,-0.56712,-8.7407,-20.48,0.52815,-16.818,11.833,5.1027,2.5821,0.28544,3.6592,-14.21,-3.5184,5.8336,0,19.041,-3.5162,19.801,12.062,-6.7705,-8.102,-0.52822,-12.222,-1.9784,28.195,5.7592,15.076,-3.8304,-1.7585,-1.1617,10.661,-19.898,8.4398,-0.58891,18.771,1.5484,6.5426,3.283,-21.148,5.0936,-4.1839,3.0469,12.921,8.2512,-4.5033,-6.233,0.78967,-7.1773,-12.724,-5.8411,7.1871,0.011051,2.9287,-2.2471,5.3325,0.24515,-7.8993,-8.7155,-24.688,-10.822,-8.0206,-1.6968,15.025,15.69,-2.8464,6.0552,-7.0499,4.5751,1.2585,19.041,0,-2.4303,16.159,12.944,-3.9896,1.311,-1.3772,6.8569,-11.199,-9.3848,13.423,-9.4658,-7.2243,-18.562,0.90463,3.0664,3.0563,-1.6736,0.35191,-10.921,10.541,-17.044,8.4568,1.7291,-2.1196,-9.9442,-8.1428,-5.7215,-28.074,-5.7777,-2.7955,3.6883,5.4366,4.599,-0.38356,-16.587,-12.759,1.2905,-5.5212,-8.3853,2.1497,-11.348,-5.366,5.3358,-0.96307,10.461,1.2368,-14.71,0.82538,12.628,-0.96868,4.5627,0.63806,-12.599,-3.5162,-2.4303,0,-14.524,-14.811,1.51,-2.3251,-3.226,-11.847,3.4924,20.652,-1.5342,18.031,1.1047,3.7009,-5.1749,0.43026,-18.232,3.6744,-5.6122,14.263,-7.0759,8.6734,1.5339,-4.7315,-0.75411,0.28715,6.1103,10.069,15.265,0.58274,-0.24728,-1.828,-16.939,-19.417,-1.775,13.052,11.421,-4.4644,0.57996,1.8047,7.3296,4.3352,1.209,-14.681,-2.8296,-15.64,3.3875,13.741,5.2635,-7.6939,-1.2464,-5.2331,1.0115,12.378,19.801,16.159,-14.524,0,20.012,-6.0234,-1.3239,7.5898,-10.848,2.8877,14.774,-10.089,9.6647,4.0415,13.53,-1.3031,-0.025373,-15.925,-4.6105,3.7289,23.019,-13.076,16.216,-4.7967,-8.0384,5.9424,9.2847,5.8216,10.302,21.831,1.2529,-0.71512,8.1929,-6.8963,-17.075,-5.9653,17.482,7.4283,4.4136,-5.6731,13.487,1.4633,3.703,-5.2823,-7.4678,3.2751,-5.7171,3.6569,16.039,11.241,-21.739,7.5612,-10.146,0.51333,13.894,12.062,12.944,-14.811,20.012,0,3.478,3.8265,6.9461,12.322,-9.6843,-7.9349,-18.068,-18.296,2.906,3.9681,16.09,-6.2625,5.6221,-5.1223,29.277,-0.99343,-16.723,-1.5232,-15.33,-2.2118,2.8135,23.876,-15.627,-8.5944,-0.77362,16.132,9.4817,4.6123,0.21145,-5.1602,-22.098,3.2717,-15.259,25.103,-19.573,4.4845,-9.9499,-9.7737,0.42923,7.6641,6.1616,20.984,-2.925,-4.7219,9.0446,-14.03,-0.58956,2.1151,12.291,-7.7736,-6.7705,-3.9896,1.51,-6.0234,3.478,0,20.004,7.6689,14.926,-1.5793,0.98683,-13.221,-6.5778,10.789,4.6449,9.3206,3.5394,7.9781,5.3449,31.748,-0.69389,-14.442,-3.2047,-28.008,-6.7268,10.189,19.221,-9.6292,-12.347,4.504,21.363,17.982,-4.958,-0.2177,-5.4087,-21.55,-0.026472,-11.894,28.724,-6.929,1.0824,-19.988,-12.499,7.1176,2.4566,-6.4115,16.655,-16.838,3.7367,16.238,-13.834,-4.8553,10.051,27.849,-8.8291,-8.102,1.311,-2.3251,-1.3239,3.8265,20.004,0,9.3641,9.9383,0.39917,-0.45737,-8.6809,-1.5599,11.461,1.3162,-3.1762,-4.4039,0.45007,-3.8988,5.6128,-4.7235,-20.518,-7.6494,-8.3337,8.5103,0.51428,9.5179,-4.2305,-11.883,2.2419,13.352,20.838,-1.5712,-10.553,-16.084,-7.5904,-1.095,2.3032,3.3349,-6.1182,-8.5062,3.2576,1.029,13.072,6.8741,2.6452,5.8505,-0.67135,-1.228,5.7542,-12.108,-14.02,10.999,9.3574,4.8527,-0.52822,-1.3772,-3.226,7.5898,6.9461,7.6689,9.3641,0
