0,-0.22402,-6.0252,-6.071,6.226,2.5003,9.2873,-0.52623,3.143,-1.1783,-2.0012,0.19564,-2.3416,4.1639,0.74623,-4.6965,-2.5343,-3.9031,0.81734,2.5422,-3.3688,-0.22402,0,-6.5276,3.0002,-4.6642,4.4266,0.16626,9.0487,-5.9726,-7.8697,-3.0196,-1.4241,5.9364,-1.5077,0.80666,0.94764,-3.7157,3.7902,3.8986,-1.137,1.205,-6.0252,-6.5276,0,0.91291,-0.71873,-5.5943,-3.7206,-6.2733,2.7699,6.6958,2.7042,-0.33631,-0.9181,-0.28293,-1.4859,2.792,3.3025,-1.4153,-4.8617,-0.54273,1.22,-6.071,3.0002,0.91291,0,-6.9602,-2.0832,-4.5634,3.0964,-3.6104,-0.46064,3.1968,1.0538,3.7657,-1.2137,-1.1559,4.6229,1.3397,3.0323,-2.9635,-2.2811,3.9566,6.226,-4.6642,-0.71873,-6.9602,0,0.38994,6.6069,-2.1032,5.1901,2.3839,-2.0025,-0.1688,-5.4889,2.3208,-0.62307,-5.8904,-0.46942,-5.5079,1.7551,5.3884,-3.2146,2.5003,4.4266,-5.5943,-2.0832,0.38994,0,6.4727,3.7254,-1.8005,-11.307,-9.3059,-6.1529,2.346,1.7232,5.1283,0.69782,-7.7431,5.4873,3.0484,6.4601,-4.1816,9.2873,0.16626,-3.7206,-4.5634,6.6069,6.4727,0,1.7986,0.55038,-2.7568,-5.9751,-2.1751,-3.3461,3.3405,3.8165,-4.4209,-4.16,0.60862,1.7615,9.6775,-7.9496,-0.52623,9.0487,-6.2733,3.0964,-2.1032,3.7254,1.7986,0,-6.582,-3.936,-0.93849,2.0717,0.65573,-2.7329,1.4545,-1.5368,-0.76435,2.7296,7.6327,0.94724,-2.2875,3.143,-5.9726,2.7699,-3.6104,5.1901,-1.8005,0.55038,-6.582,0,2.6724,0.33108,-0.78763,1.298,6.4911,-2.8453,0.71571,1.385,-5.372,-1.9552,0.15496,3.7156,-1.1783,-7.8697,6.6958,-0.46064,2.3839,-11.307,-2.7568,-3.936,2.6724,0,10.882,9.4988,-6.1914,-3.3811,-5.2383,-3.3937,10.646,-6.9733,-1.9975,-3.4356,0.56756,-2.0012,-3.0196,2.7042,3.1968,-2.0025,-9.3059,-5.9751,-0.93849,0.33108,10.882,0,12.053,-2.6298,-4.1225,-6.4587,-0.82567,12.226,-5.7259,-1.5856,-6.7897,3.0144,0.19564,-1.4241,-0.33631,1.0538,-0.1688,-6.1529,-2.1751,2.0717,-0.78763,9.4988,12.053,0,-4.9421,-6.6036,-4.691,-4.9515,9.6531,-5.3995,1.6522,-5.5643,0.14653,-2.3416,5.9364,-0.9181,3.7657,-5.4889,2.346,-3.3461,0.65573,1.298,-6.1914,-2.6298,-4.9421,0,4.2465,-0.93191,8.3962,-2.4651,3.9884,-1.3898,-2.3118,9.5577,4.1639,-1.5077,-0.28293,-1.2137,2.3208,1.7232,3.3405,-2.7329,6.4911,-3.3811,-4.1225,-6.6036,4.2465,0,0.437,3.8989,-3.4713,0.20479,-1.7856,3.9778,2.2992,0.74623,0.80666,-1.4859,-1.1559,-0.62307,5.1283,3.8165,1.4545,-2.8453,-5.2383,-6.4587,-4.691,-0.93191,0.437,0,-0.21517,-6.9355,6.7956,1.5697,2.7687,-5.3787,-4.6965,0.94764,2.792,4.6229,-5.8904,0.69782,-4.4209,-1.5368,0.71571,-3.3937,-0.82567,-4.9515,8.3962,3.8989,-0.21517,0,-0.32636,3.2536,-6.3868,0.092958,6.4959,-2.5343,-3.7157,3.3025,1.3397,-0.46942,-7.7431,-4.16,-0.76435,1.385,10.646,12.226,9.6531,-2.4651,-3.4713,-6.9355,-0.32636,0,-4.7439,-1.8151,-3.8059,3.305,-3.9031,3.7902,-1.4153,3.0323,-5.5079,5.4873,0.60862,2.7296,-5.372,-6.9733,-5.7259,-5.3995,3.9884,0.20479,6.7956,3.2536,-4.7439,0,0.91219,2.0151,-0.89717,0.81734,3.8986,-4.8617,-2.9635,1.7551,3.0484,1.7615,7.6327,-1.9552,-1.9975,-1.5856,1.6522,-1.3898,-1.7856,1.5697,-6.3868,-1.8151,0.91219,0,0.02332,-3.6602,2.5422,-1.137,-0.54273,-2.2811,5.3884,6.4601,9.6775,0.94724,0.15496,-3.4356,-6.7897,-5.5643,-2.3118,3.9778,2.7687,0.092958,-3.8059,2.0151,0.02332,0,-6.1988,-3.3688,1.205,1.22,3.9566,-3.2146,-4.1816,-7.9496,-2.2875,3.7156,0.56756,3.0144,0.14653,9.5577,2.2992,-5.3787,6.4959,3.305,-0.89717,-3.6602,-6.1988,0
