0,-2.6163,-11.053,-5.5586,1.3888,1.8709,4.4027,-3.6923,6.5065,7.7469,2.9886,3.8107,5.4683,1.8762,-0.55,-7.9804,-4.3046,-4.6033,-2.1132,-0.97192,-3.3052,-2.6163,0,5.5257,0.70211,2.664,1.3089,-4.9272,5.3193,-1.7779,-3.5023,-1.4681,-1.7827,2.6277,-3.1779,-2.5272,2.2016,1.6268,-1.6037,0.59583,-2.6805,2.5421,-11.053,5.5257,0,2.4373,-0.98294,-3.6904,-5.717,1.7975,-4.4379,-6.4363,-0.81734,-0.89594,-0.54128,-0.29112,-1.8475,5.6482,7.0354,4.386,0.35577,-1.8903,4.0929,-5.5586,0.70211,2.4373,0,-5.7096,-0.22425,0.95435,4.9492,-4.7347,-1.5581,2.0633,0.58924,-2.4945,-0.99433,3.8809,3.258,0.30461,3.8619,-2.586,3.7019,-2.3645,1.3888,2.664,-0.98294,-5.7096,0,2.8556,-1.9525,-1.5392,2.4673,-0.98798,-6.4364,-5.5412,-2.481,-6.0549,-6.6488,-2.5893,0.59377,-6.6045,3.4396,-5.1971,7.3057,1.8709,1.3089,-3.6904,-0.22425,2.8556,0,-0.16488,-0.26771,2.9744,3.3672,0.76666,-0.21664,0.2362,-2.6874,0.8914,-2.0251,0.24679,-0.752,-3.0869,-1.1798,0.3245,4.4027,-4.9272,-5.717,0.95435,-1.9525,-0.16488,0,-1.2548,-1.5534,4.3344,2.2004,0.32436,0.41711,-0.69752,3.3815,-2.0609,-3.3751,-1.8302,-0.62905,7.4973,-5.1769,-3.6923,5.3193,1.7975,4.9492,-1.5392,-0.26771,-1.2548,0,-4.2269,-6.9035,-3.6075,-3.3218,-1.4739,-1.6335,0.85107,6.4157,-2.7862,-1.2197,4.1341,3.5315,0.65768,6.5065,-1.7779,-4.4379,-4.7347,2.4673,2.9744,-1.5534,-4.2269,0,3.492,2.5648,3.9144,3.849,2.9996,-1.2261,-3.6478,1.0608,-0.63533,-5.326,-5.0568,2.2968,7.7469,-3.5023,-6.4363,-1.5581,-0.98798,3.3672,4.3344,-6.9035,3.492,0,7.4267,7.342,4.2741,1.8463,0.62844,-8.8787,-0.035029,0.3277,-4.9153,-0.99659,-4.8598,2.9886,-1.4681,-0.81734,2.0633,-6.4364,0.76666,2.2004,-3.6075,2.5648,7.4267,0,10.722,7.9784,3.1544,2.7724,-3.0036,1.5012,5.0116,-10.701,0.65499,-5.1162,3.8107,-1.7827,-0.89594,0.58924,-5.5412,-0.21664,0.32436,-3.3218,3.9144,7.342,10.722,0,8.0119,6.4972,0.59703,-3.1099,2.9,6.0379,-7.0089,-1.7232,-2.0734,5.4683,2.6277,-0.54128,-2.4945,-2.481,0.2362,0.41711,-1.4739,3.849,4.2741,7.9784,8.0119,0,4.3019,0.11071,-3.2016,0.24157,1.7442,-5.3968,-1.882,-2.7578,1.8762,-3.1779,-0.29112,-0.99433,-6.0549,-2.6874,-0.69752,-1.6335,2.9996,1.8463,3.1544,6.4972,4.3019,0,0.054746,-0.35353,2.6094,5.7115,-0.7881,-0.18404,-1.734,-0.55,-2.5272,-1.8475,3.8809,-6.6488,0.8914,3.3815,0.85107,-1.2261,0.62844,2.7724,0.59703,0.11071,0.054746,0,2.9447,-4.4405,1.2226,-4.071,6.1986,-7.7645,-7.9804,2.2016,5.6482,3.258,-2.5893,-2.0251,-2.0609,6.4157,-3.6478,-8.8787,-3.0036,-3.1099,-3.2016,-0.35353,2.9447,0,0.21716,2.1041,2.5775,4.5709,1.2063,-4.3046,1.6268,7.0354,0.30461,0.59377,0.24679,-3.3751,-2.7862,1.0608,-0.035029,1.5012,2.9,0.24157,2.6094,-4.4405,0.21716,0,6.3191,-2.3508,-5.1464,6.4036,-4.6033,-1.6037,4.386,3.8619,-6.6045,-0.752,-1.8302,-1.2197,-0.63533,0.3277,5.0116,6.0379,1.7442,5.7115,1.2226,2.1041,6.3191,0,-3.7181,-0.38038,0.57794,-2.1132,0.59583,0.35577,-2.586,3.4396,-3.0869,-0.62905,4.1341,-5.326,-4.9153,-10.701,-7.0089,-5.3968,-0.7881,-4.071,2.5775,-2.3508,-3.7181,0,2.1199,2.3933,-0.97192,-2.6805,-1.8903,3.7019,-5.1971,-1.1798,7.4973,3.5315,-5.0568,-0.99659,0.65499,-1.7232,-1.882,-0.18404,6.1986,4.5709,-5.1464,-0.38038,2.1199,0,-6.4054,-3.3052,2.5421,4.0929,-2.3645,7.3057,0.3245,-5.1769,0.65768,2.2968,-4.8598,-5.1162,-2.0734,-2.7578,-1.734,-7.7645,1.2063,6.4036,0.57794,2.3933,-6.4054,0
