0,-4.6376,23.248,21.486,-8.846,2.1691,-23.785,4.573,-4.074,9.9139,5.0162,10.23,-4.9818,22.617,-12.106,-3.8272,-23.203,-0.8643,2.3055,-3.4482,-0.074098,2.3416,-5.679,19.977,12.2,6.1526,4.6741,-13.34,4.4259,-11.551,3.0458,10.535,10.433,-1.2152,-5.4052,-6.932,2.8529,3.6432,6.2779,9.3417,3.4832,1.9713,-13.395,6.2513,5.5081,12.2,-4.0043,23.157,1.3593,1.629,5.7429,17.639,5.7596,-0.69383,-3.2433,-4.6376,0,-9.2669,5.13,-10.433,23.176,-1.6796,-12.663,20.456,-4.3903,0.40329,-0.55295,7.7657,-11.854,15.657,-17.339,-4.1781,28.104,-16.136,4.1982,11.255,31.755,-7.721,-4.9412,5.9141,7.2674,22.554,6.6184,3.5028,4.0113,7.7072,4.6437,5.1407,8.782,16.497,-13.078,-7.3604,13.252,-10.97,-0.30268,5.7175,3.5164,12.636,10.045,-17.366,-3.2926,-12.488,-6.3981,1.7801,4.4141,-22.415,-19.486,-9.1671,-14.068,6.9916,23.248,-9.2669,0,15.739,-7.8424,-4.9822,-13.997,9.9437,-10.052,24.156,3.4936,8.0266,-4.5411,15.063,-10.357,2.3013,-14.289,-2.7207,10.621,-6.683,-0.89233,-2.7581,-1.0366,13.14,5.691,3.6373,-0.12863,-23.134,11.158,-12.085,0.50995,2.5301,8.6496,0.21377,-10.349,2.7402,9.2403,-3.6959,17.513,9.5891,7.0882,8.1363,-16.032,2.4707,8.7875,16.636,2.7333,15.004,7.3164,-5.0905,14.573,23.782,2.4506,-3.4839,-6.7639,21.486,5.13,15.739,0,-23.003,7.7125,-14.974,-0.44602,-0.023509,9.7423,1.1164,5.3997,-1.2538,11.053,0.7213,-9.3788,-25.6,11.669,-1.7371,-4.7908,5.0934,11.299,-3.3696,18.158,11.299,9.0374,14.019,-10.636,11.399,-9.3643,3.547,6.6533,10.75,0.42078,-0.49034,-9.487,2.677,6.5525,5.4311,7.6976,9.6808,10.948,-2.16,10.804,-3.5446,9.9615,-4.0439,10.356,4.4097,5.0912,1.5784,8.4454,-4.4894,-10.468,3.6924,-8.846,-10.433,-7.8424,-23.003,0,-10.811,7.4395,-1.1992,-0.86291,-7.5555,1.6407,1.0451,-6.7824,-4.7565,-7.5001,16.407,14.621,-21.267,-1.2887,11.483,-10.024,-14.326,0.87522,-8.969,-1.9954,-14.667,-22.61,6.4713,-20.22,-0.25257,-0.73759,-0.057846,-13.322,1.7535,-6.6486,5.0972,-7.7185,-0.66686,-7.659,-12.807,-22.236,-21.85,-4.8906,-15.464,2.9307,-1.268,-0.30066,-0.45323,-13.255,-2.392,1.2602,-3.4545,5.9438,9.9762,-8.6168,2.1691,23.176,-4.9822,7.7125,-10.811,0,-9.6296,-4.1448,13.114,-4.7242,-1.3917,-1.3828,3.2653,-2.1071,7.1175,-31.207,-6.4726,16.37,-11.746,-0.44059,4.9799,23.154,-8.704,-2.7959,5.9993,7.0818,27.925,8.0471,3.7105,0.78042,3.1678,6.2226,7.4871,3.3511,24.793,-13.246,-2.8615,11.315,-9.0895,5.3027,5.2504,0.52289,7.2278,8.5402,-7.957,-0.71674,-12.498,-2.291,2.4399,6.7208,-17.419,-10.569,1.3758,-5.9383,8.3916,-23.785,-1.6796,-13.997,-14.974,7.4395,-9.6296,0,-2.9616,-3.7716,-9.0053,-9.18,-13.341,0.82136,-10.851,11.947,9.8869,21.234,-1.7163,1.3663,0.14272,-3.329,-8.4069,15.59,-7.2154,-15.099,-9.1311,-9.9727,9.3444,-4.0858,7.5286,-7.9356,-15.704,-16.512,-5.7783,-1.9283,9.8868,-0.063649,-6.9376,-1.34,-12.252,-4.6911,1.3246,14.432,-8.8524,-4.7644,-10.867,12.148,-18.716,-3.7458,2.6248,2.5351,-7.0131,-9.3369,2.5454,6.6605,4.573,-12.663,9.9437,-0.44602,-1.1992,-4.1448,-2.9616,0,-21.137,8.3137,-8.0501,-8.2332,-4.2328,10.846,-6.3352,-0.069952,3.9175,-8.6824,25.726,-21.51,-10.292,-12.316,8.5819,-1.4503,-13.326,-2.3084,-3.281,-2.6823,10.889,-2.3669,-16.659,-12.288,1.2702,-11.512,1.4779,18.758,29.874,-21.133,19.813,12.363,6.6079,6.0451,-5.7986,-6.2884,20.951,3.9663,15.628,-1.9191,12.375,-4.6311,16.552,14.437,13.74,9.433,1.2427,-4.074,20.456,-10.052,-0.023509,-0.86291,13.114,-3.7716,-21.137,0,-5.4521,12.039,10.08,9.7399,-13.294,3.7188,-8.4132,-5.439,11.34,-21.299,16.121,14.829,21.19,-20.028,-5.3104,13.045,8.0473,10.611,3.0824,-6.0071,5.8621,21.239,15.71,6.6731,18.048,7.2632,-19.266,-19.657,18.75,-19.033,-2.6916,-0.78662,-6.1913,2.6114,11.006,-12.464,-4.1925,-26.652,1.4944,-3.7152,-1.4653,-35.716,-19.64,-4.8655,-9.0468,-4.1407,9.9139,-4.3903,24.156,9.7423,-7.5555,-4.7242,-9.0053,8.3137,-5.4521,0,5.0454,7.6913,0.71991,3.1153,-5.0639,2.5491,-9.1884,0.90721,11.141,-5.1218,3.4451,-0.24617,-2.6789,3.1773,3.1439,4.6919,0.93713,-24.279,16.897,-7.1771,3.2418,-0.37586,10.059,7.0636,-7.4407,6.3273,9.455,-5.3437,18.8,9.3241,11.663,12.132,-13.011,3.0687,6.526,14.796,2.2221,7.1901,13.915,-13.23,10.236,11.39,-1.6544,-9.5714,-10.312,5.0162,0.40329,3.4936,1.1164,1.6407,-1.3917,-9.18,-8.0501,12.039,5.0454,0,32.651,11.991,-1.7108,-13.052,0.83313,-11.948,-0.91834,-2.9971,10.885,16.813,5.5303,-25.191,2.4405,13.052,13.783,0.72055,-13.215,-4.8037,5.7213,28.929,21.185,15.291,15.193,-6.6534,-9.7575,-10.102,5.5373,-3.1565,4.9916,1.904,-5.1089,-14.933,14.014,3.4555,-1.4225,-13.984,15.988,0.86587,-14.714,-7.8137,0.34459,2.1763,-1.6414,-22.54,10.23,-0.55295,8.0266,5.3997,1.0451,-1.3828,-13.341,-8.2332,10.08,7.6913,32.651,0,4.8914,1.1345,-14.04,2.314,-16.308,-1.3848,-4.7917,12.983,11.371,5.5949,-23.201,6.0875,21.356,9.3201,0.2548,-15.848,-4.5929,-1.6716,27.736,26.097,12.519,16.652,-9.7496,-11.65,-11.321,9.4391,-3.0009,2.4845,-0.6573,-5.6919,-18.544,10.402,1.1956,5.2695,-16.368,24.087,-2.0743,-10.038,-4.9616,2.7704,0.83471,-4.6461,-22.444,-4.9818,7.7657,-4.5411,-1.2538,-6.7824,3.2653,0.82136,-4.2328,9.7399,0.71991,11.991,4.8914,0,-6.9929,1.1946,-7.9142,-4.0126,9.039,1.7002,-1.8369,28.125,8.762,-9.3385,-3.1702,-2.408,23.977,8.5475,-4.6162,4.3025,26.044,10.238,3.4112,16.153,4.8216,4.852,-3.2384,-0.11534,-3.4302,0.92338,11.298,15.114,6.5843,1.4775,21.425,2.7388,-15.839,-2.6462,-1.8908,12.341,-12.579,-10.373,-4.8987,-1.3784,-0.87209,-3.7823,22.617,-11.854,15.063,11.053,-4.7565,-2.1071,-10.851,10.846,-13.294,3.1153,-1.7108,1.1345,-6.9929,0,-12.152,-1.4072,-9.5593,-6.8146,8.0708,-10.073,-6.3925,-6.0774,2.9939,19.356,1.4541,2.0194,-0.66202,-6.2659,1.9343,-7.1299,-6.4579,2.3105,3.757,-13.616,-4.9301,-0.51625,8.2934,-3.9649,8.6319,8.7852,1.1695,1.0715,-8.3621,1.0481,11.307,4.7617,5.0316,12.865,0.24412,5.1169,11.605,25.228,10.741,9.7032,2.3958,-12.106,15.657,-10.357,0.7213,-7.5001,7.1175,11.947,-6.3352,3.7188,-5.0639,-13.052,-14.04,1.1946,-12.152,0,-5.3339,6.2664,17.385,-6.7089,-1.9203,1.4536,8.3214,8.8031,-5.2835,-5.3621,-2.9032,7.9903,10.277,6.0106,1.8203,-4.8057,-10.369,-6.9104,-0.8686,9.6333,0.18064,0.02048,2.8058,-3.4337,-6.9305,3.4808,9.5437,30.493,-1.0223,-18.079,-3.6258,2.9112,-20.459,0.99648,9.2443,-5.0806,-13.502,-17.728,-11.401,17.061,-3.8272,-17.339,2.3013,-9.3788,16.407,-31.207,9.8869,-0.069952,-8.4132,2.5491,0.83313,2.314,-7.9142,-1.4072,-5.3339,0,8.2207,-16.608,4.6677,6.8182,-7.8238,-19.217,7.1273,0.35107,-1.8699,-13.345,-34.415,-4.4776,-8.0576,-4.9784,-1.3598,-3.9609,-12.768,0.71064,-24.183,9.6842,-2.6417,-4.4831,2.9116,-12.901,-12.22,-5.3458,-6.3458,-13.598,2.2487,4.1236,6.8608,2.0969,-8.4882,-3.7196,12.716,5.2252,-3.4756,2.7171,-9.1745,-23.203,-4.1781,-14.289,-25.6,14.621,-6.4726,21.234,3.9175,-5.439,-9.1884,-11.948,-16.308,-4.0126,-9.5593,6.2664,8.2207,0,-8.0263,3.2923,-0.77321,-11.519,-12.543,13.199,-16.917,-18.176,-15.887,-11.961,15.386,-5.2782,4.3464,-12.908,-17.247,-18.958,-5.6939,2.8598,15.108,2.615,-8.7949,-2.0337,-9.7719,-8.2109,-4.6395,8.748,-18.229,0.53732,-6.4957,10.65,-20.003,-3.332,1.0743,2.8995,-7.4718,0.88553,7.4405,4.4447,-0.8643,28.104,-2.7207,11.669,-21.267,16.37,-1.7163,-8.6824,11.34,0.90721,-0.91834,-1.3848,9.039,-6.8146,17.385,-16.608,-8.0263,0,-8.598,-1.6373,13.632,27.005,-3.6818,0.8532,4.0168,10.841,25.931,0.67772,10.744,3.1899,5.4496,1.5822,7.8242,5.0722,11.313,-9.663,-1.5381,7.8813,-2.6044,3.3352,12.872,12.835,12.497,13.71,-14.151,-2.0551,-5.9844,-5.3521,6.6855,3.8763,-11.556,-9.4263,-13.251,-17.224,9.0729,2.3055,-16.136,10.621,-1.7371,-1.2887,-11.746,1.3663,25.726,-21.299,11.141,-2.9971,-4.7917,1.7002,8.0708,-6.7089,4.6677,3.2923,-8.598,0,-19.292,-3.6262,-14.802,8.7458,0.50852,-15.331,1.4012,-6.5652,-8.6625,11.181,2.6265,-10.904,-12.656,3.0428,-9.6917,-4.6843,22.33,26.493,-35.075,30.15,12.354,9.677,9.8966,-6.7542,-2.4573,23.582,0.0056704,20.903,-1.2302,15.286,-10.508,19.67,17.078,7.6964,8.4719,-2.4671,-3.4482,4.1982,-6.683,-4.7908,11.483,-0.44059,0.14272,-21.51,16.121,-5.1218,10.885,12.983,-1.8369,-10.073,-1.9203,6.8182,-0.77321,-1.6373,-19.292,0,2.9988,4.396,-11.291,-2.6566,15.965,-4.0982,-4.5193,1.4715,-17.748,-2.7847,16.787,14.577,-4.0277,17.08,-5.699,-11.85,-35.784,19.062,-19.637,-15.75,-15.471,-16.42,-3.1178,-1.2684,-11.598,2.3107,-18.386,5.9889,-17.234,0.097458,-10.988,-11.146,-5.5104,-5.7375,-10.221,-0.074098,11.255,-0.89233,5.0934,-10.024,4.9799,-3.329,-10.292,14.829,3.4451,16.813,11.371,28.125,-6.3925,1.4536,-7.8238,-11.519,13.632,-3.6262,2.9988,0,15.485,-14.349,1.6832,5.9998,26.812,11.53,-8.8123,4.0508,13.321,19.173,9.7929,19.014,10.492,1.65,-10.02,-5.1286,3.7953,-1.2898,8.1059,13.254,6.6006,-0.27715,30.272,-2.6837,-8.0677,-8.6973,3.4451,8.2409,-9.6742,-12.385,-4.7906,-6.2783,-7.7576,-5.5693,2.3416,31.755,-2.7581,11.299,-14.326,23.154,-8.4069,-12.316,21.19,-0.24617,5.5303,5.5949,8.762,-6.0774,8.3214,-19.217,-12.543,27.005,-14.802,4.396,15.485,0,-13.43,0.50322,11.947,12.808,28.277,0.28748,4.5859,2.1068,12.824,10.839,11.647,10.849,11.623,-18.983,-7.6799,15.667,-8.4536,3.6071,7.9867,4.0107,5.5866,16.636,-13.081,-0.43692,-17.073,1.005,2.9241,2.3327,-20.204,-11.226,-7.0913,-15.019,2.9738,-5.679,-7.721,-1.0366,-3.3696,0.87522,-8.704,15.59,8.5819,-20.028,-2.6789,-25.191,-23.201,-9.3385,2.9939,8.8031,7.1273,13.199,-3.6818,8.7458,-11.291,-14.349,-13.43,0,0.92578,-17.423,-13.117,-8.0951,6.2323,3.6074,-3.1237,-26.785,-26.896,-16.824,-18.482,-2.2049,15.637,11.506,-11.789,8.1631,-5.8007,-1.9362,6.8585,10.596,-14.097,0.31607,-0.83401,26.604,-12.815,-0.6959,8.9898,15.76,4.856,-4.1141,4.3016,14.245,19.977,-4.9412,13.14,18.158,-8.969,-2.7959,-7.2154,-1.4503,-5.3104,3.1773,2.4405,6.0875,-3.1702,19.356,-5.2835,0.35107,-16.917,0.8532,0.50852,-2.6566,1.6832,0.50322,0.92578,0,8.2613,5.2989,1.5087,-10.489,0.85083,-6.5814,1.6843,6.8103,4.2174,-6.4369,-10.37,-7.8208,0.030321,3.202,4.4865,2.7353,1.4861,4.1359,-4.2236,6.8327,0.44368,3.8787,0.69795,15.243,-3.2475,7.0782,6.669,15.81,-2.2801,0.13217,2.1867,12.2,5.9141,5.691,11.299,-1.9954,5.9993,-15.099,-13.326,13.045,3.1439,13.052,21.356,-2.408,1.4541,-5.3621,-1.8699,-18.176,4.0168,-15.331,15.965,5.9998,11.947,-17.423,8.2613,0,3.9278,5.2274,-6.9963,-5.2644,-9.4726,19.663,27.83,6.3829,14.878,-4.5377,-21.844,-16.507,25.038,-9.3601,-3.0859,-4.5717,-6.6537,-8.376,6.9346,-8.5319,10.278,-24.921,18.721,-8.3372,1.7433,-8.0884,-1.3001,-3.2654,-10.248,-8.3486,6.1526,7.2674,3.6373,9.0374,-14.667,7.0818,-9.1311,-2.3084,8.0473,4.6919,13.783,9.3201,23.977,2.0194,-2.9032,-13.345,-15.887,10.841,1.4012,-4.0982,26.812,12.808,-13.117,5.2989,3.9278,0,14.889,-9.9989,7.4009,12.273,11.651,9.1844,32.218,3.6457,4.0056,-8.6099,1.227,-0.063019,3.1423,19.098,19.171,8.2282,-2.9985,43.191,3.994,-7.4896,-5.6255,6.2613,12.964,-8.6029,-8.1296,1.6773,1.1361,-2.1163,-3.2904,4.6741,22.554,-0.12863,14.019,-22.61,27.925,-9.9727,-3.281,10.611,0.93713,0.72055,0.2548,8.5475,-0.66202,7.9903,-34.415,-11.961,25.931,-6.5652,-4.5193,11.53,28.277,-8.0951,1.5087,5.2274,14.889,0,0.79856,10.732,2.8606,4.7552,5.1779,14.129,3.1193,17.347,-11.756,0.86759,7.2567,-2.2328,10.636,14.434,8.8213,6.5031,16.629,-6.3003,-1.2874,-8.5882,-1.0022,8.8435,3.1073,-12.74,-5.7226,-2.3304,-9.3753,7.7354,-13.34,6.6184,-23.134,-10.636,6.4713,8.0471,9.3444,-2.6823,3.0824,-24.279,-13.215,-15.848,-4.6162,-6.2659,10.277,-4.4776,15.386,0.67772,-8.6625,1.4715,-8.8123,0.28748,6.2323,-10.489,-6.9963,-9.9989,0.79856,0,-8.4191,3.0581,-9.1938,-6.0549,-13.553,-6.41,14.426,-0.59721,-3.6696,3.1303,-13.925,-9.0815,-9.4263,-8.3565,16.991,-8.9348,-7.3454,-8.0973,0.14043,-15.523,-8.6488,13.428,-7.9902,-14.763,1.7536,5.6382,14.269,4.4259,3.5028,11.158,11.399,-20.22,3.7105,-4.0858,10.889,-6.0071,16.897,-4.8037,-4.5929,4.3025,1.9343,6.0106,-8.0576,-5.2782,10.744,11.181,-17.748,4.0508,4.5859,3.6074,0.85083,-5.2644,7.4009,10.732,-8.4191,0,-1.1588,-4.6959,-8.6503,9.457,-1.2162,4.8026,7.2297,19.16,-8.6602,19.172,14.216,25.986,30.136,1.3325,5.5854,3.297,5.2264,7.4896,-4.0504,25.877,-4.9216,6.2699,5.8424,-3.3013,-8.8925,4.1145,-11.551,4.0113,-12.085,-9.3643,-0.25257,0.78042,7.5286,-2.3669,5.8621,-7.1771,5.7213,-1.6716,26.044,-7.1299,1.8203,-4.9784,4.3464,3.1899,2.6265,-2.7847,13.321,2.1068,-3.1237,-6.5814,-9.4726,12.273,2.8606,3.0581,-1.1588,0,3.1068,-1.4096,6.4421,-1.6066,6.3586,0.50516,0.38976,-7.0286,-1.5979,6.7182,7.6398,1.8065,5.4442,10.527,4.3569,-32.112,1.8887,-7.2467,7.1654,-7.9842,-8.9441,-6.5719,1.9121,6.9731,0.10451,3.0458,7.7072,0.50995,3.547,-0.73759,3.1678,-7.9356,-16.659,21.239,3.2418,28.929,27.736,10.238,-6.4579,-4.8057,-1.3598,-12.908,5.4496,-10.904,16.787,19.173,12.824,-26.785,1.6843,19.663,11.651,4.7552,-9.1938,-4.6959,3.1068,0,24.014,11.987,23.05,-3.8735,-16.165,-16.892,13.687,-8.312,0.18261,0.7489,-4.3564,-7.7205,14.299,-5.3225,0.32041,-22.164,11.98,-1.9642,-8.4229,-13.605,-5.6871,-4.4199,-9.0506,-15.031,10.535,4.6437,2.5301,6.6533,-0.057846,6.2226,-15.704,-12.288,15.71,-0.37586,21.185,26.097,3.4112,2.3105,-10.369,-3.9609,-17.247,1.5822,-12.656,14.577,9.7929,10.839,-26.896,6.8103,27.83,9.1844,5.1779,-6.0549,-8.6503,-1.4096,24.014,0,10.833,12.323,-2.6071,-24.446,-16.848,17.878,-10.936,1.1923,-3.4124,-10.052,-10.393,11.646,-2.8718,2.4263,-27.083,20.841,-6.6567,-1.68,-12.03,-1.4201,2.5288,-2.8195,-10.838,10.433,5.1407,8.6496,10.75,-13.322,7.4871,-16.512,1.2702,6.6731,10.059,15.291,12.519,16.153,3.757,-6.9104,-12.768,-18.958,7.8242,3.0428,-4.0277,19.014,11.647,-16.824,4.2174,6.3829,32.218,14.129,-13.553,9.457,6.4421,11.987,10.833,0,6.4366,3.4518,-7.0168,2.8451,0.074508,5.2676,23.872,18.612,6.9306,-8.7934,26.422,6.8139,-1.0805,-7.3737,9.8867,15.058,-11.757,-5.7943,4.0951,4.5574,-3.1194,-7.2665,-1.2152,8.782,0.21377,0.42078,1.7535,3.3511,-5.7783,-11.512,18.048,7.0636,15.193,16.652,4.8216,-13.616,-0.8686,0.71064,-5.6939,5.0722,-9.6917,17.08,10.492,10.849,-18.482,-6.4369,14.878,3.6457,3.1193,-6.41,-1.2162,-1.6066,23.05,12.323,6.4366,0,-1.6172,-7.5479,-12.674,11.987,-6.7041,-2.9692,-0.35974,-3.5342,-6.633,5.0019,-7.3319,6.5343,-18.645,5.2038,-0.3287,-10.234,-10.71,-9.6518,-6.0246,-15.528,-15.683,-5.4052,16.497,-10.349,-0.49034,-6.6486,24.793,-1.9283,1.4779,7.2632,-7.4407,-6.6534,-9.7496,4.852,-4.9301,9.6333,-24.183,2.8598,11.313,-4.6843,-5.699,1.65,11.623,-2.2049,-10.37,-4.5377,4.0056,17.347,14.426,4.8026,6.3586,-3.8735,-2.6071,3.4518,-1.6172,0,-3.1056,2.8979,1.8324,-5.7358,6.1152,6.2698,1.6565,11.669,3.6684,-3.2432,-6.2864,-3.5882,-11.619,6.0398,4.3529,-13,-12.251,4.1468,-0.32213,11.629,-6.932,-13.078,2.7402,-9.487,5.0972,-13.246,9.8868,18.758,-19.266,6.3273,-9.7575,-11.65,-3.2384,-0.51625,0.18064,9.6842,15.108,-9.663,22.33,-11.85,-10.02,-18.983,15.637,-7.8208,-21.844,-8.6099,-11.756,-0.59721,7.2297,0.50516,-16.165,-24.446,-7.0168,-7.5479,-3.1056,0,18.269,-26.375,16.347,1.5645,2.5186,6.1941,-0.68972,-12.886,11.397,0.93728,23.988,-10.115,8.4823,-6.925,17.861,6.469,3.0201,5.6815,-0.073035,2.8529,-7.3604,9.2403,2.677,-7.7185,-2.8615,-0.063649,29.874,-19.657,9.455,-10.102,-11.321,-0.11534,8.2934,0.02048,-2.6417,2.615,-1.5381,26.493,-35.784,-5.1286,-7.6799,11.506,0.030321,-16.507,1.227,0.86759,-3.6696,19.16,0.38976,-16.892,-16.848,2.8451,-12.674,2.8979,18.269,0,-23.732,26.479,14.143,13.702,15.363,-0.3627,-2.127,14.266,1.3551,20.338,-5.6158,18.811,-3.7626,15.362,12.563,6.0132,4.6989,5.4853,3.6432,13.252,-3.6959,6.5525,-0.66686,11.315,-6.9376,-21.133,18.75,-5.3437,5.5373,9.4391,-3.4302,-3.9649,2.8058,-4.4831,-8.7949,7.8813,-35.075,19.062,3.7953,15.667,-11.789,3.202,25.038,-0.063019,7.2567,3.1303,-8.6602,-7.0286,13.687,17.878,0.074508,11.987,1.8324,-26.375,-23.732,0,-20.549,-9.3065,-8.3062,-8.8727,1.5389,3.7695,-19.156,5.1581,-26.063,6.8656,-13.699,8.8517,-15.108,-10.376,-6.5509,-10.698,-0.53974,6.2779,-10.97,17.513,5.4311,-7.659,-9.0895,-1.34,19.813,-19.033,18.8,-3.1565,-3.0009,0.92338,8.6319,-3.4337,2.9116,-2.0337,-2.6044,30.15,-19.637,-1.2898,-8.4536,8.1631,4.4865,-9.3601,3.1423,-2.2328,-13.925,19.172,-1.5979,-8.312,-10.936,5.2676,-6.7041,-5.7358,16.347,26.479,-20.549,0,12.672,14.143,17.693,-6.09,0.18253,14.267,4.8329,17.307,0.55551,17.965,-8.5772,20.913,19.109,1.9039,0.88245,-1.3336,9.3417,-0.30268,9.5891,7.6976,-12.807,5.3027,-12.252,12.363,-2.6916,9.3241,4.9916,2.4845,11.298,8.7852,-6.9305,-12.901,-9.7719,3.3352,12.354,-15.75,8.1059,3.6071,-5.8007,2.7353,-3.0859,19.098,10.636,-9.0815,14.216,6.7182,0.18261,1.1923,23.872,-2.9692,6.1152,1.5645,14.143,-9.3065,12.672,0,22.355,9.9447,-6.7355,13.866,15.526,-2.2972,2.1182,4.3349,23.112,-9.7772,1.1071,9.2007,10.815,3.6432,-1.8082,3.4832,5.7175,7.0882,9.6808,-22.236,5.2504,-4.6911,6.6079,-0.78662,11.663,1.904,-0.6573,15.114,1.1695,3.4808,-12.22,-8.2109,12.872,9.677,-15.471,13.254,7.9867,-1.9362,1.4861,-4.5717,19.171,14.434,-9.4263,25.986,7.6398,0.7489,-3.4124,18.612,-0.35974,6.2698,2.5186,13.702,-8.3062,14.143,22.355,0,24.514,0.90648,15.724,5.2593,-2.7365,4.1427,-2.1144,32.997,-8.6082,0.31911,4.0081,-1.3959,-5.3348,1.9493,1.9713,3.5164,8.1363,10.948,-21.85,0.52289,1.3246,6.0451,-6.1913,12.132,-5.1089,-5.6919,6.5843,1.0715,9.5437,-5.3458,-4.6395,12.835,9.8966,-16.42,6.6006,4.0107,6.8585,4.1359,-6.6537,8.2282,8.8213,-8.3565,30.136,1.8065,-4.3564,-10.052,6.9306,-3.5342,1.6565,6.1941,15.363,-8.8727,17.693,9.9447,24.514,0,5.4026,7.259,0.43922,0.70902,10.384,-5.5308,19.388,-2.6471,6.5298,5.4629,-8.9589,-8.8955,6.7319,-13.395,12.636,-16.032,-2.16,-4.8906,7.2278,14.432,-5.7986,2.6114,-13.011,-14.933,-18.544,1.4775,-8.3621,30.493,-6.3458,8.748,12.497,-6.7542,-3.1178,-0.27715,5.5866,10.596,-4.2236,-8.376,-2.9985,6.5031,16.991,1.3325,5.4442,-7.7205,-10.393,-8.7934,-6.633,11.669,-0.68972,-0.3627,1.5389,-6.09,-6.7355,0.90648,5.4026,0,-1.3012,-13.973,-9.8476,4.363,-21.817,-1.7678,13.426,-6.092,-12.967,-10.909,-3.2538,24.411,6.2513,10.045,2.4707,10.804,-15.464,8.5402,-8.8524,-6.2884,11.006,3.0687,14.014,10.402,21.425,1.0481,-1.0223,-13.598,-18.229,13.71,-2.4573,-1.2684,30.272,16.636,-14.097,6.8327,6.9346,43.191,16.629,-8.9348,5.5854,10.527,14.299,11.646,26.422,5.0019,3.6684,-12.886,-2.127,3.7695,0.18253,13.866,15.724,7.259,-1.3012,0,-0.021681,-6.9534,-8.3008,6.8442,9.0525,-5.5535,-10.579,-0.23431,-1.7563,-4.4899,-2.228,5.5081,-17.366,8.7875,-3.5446,2.9307,-7.957,-4.7644,20.951,-12.464,6.526,3.4555,1.1956,2.7388,11.307,-18.079,2.2487,0.53732,-14.151,23.582,-11.598,-2.6837,-13.081,0.31607,0.44368,-8.5319,3.994,-6.3003,-7.3454,3.297,4.3569,-5.3225,-2.8718,6.8139,-7.3319,-3.2432,11.397,14.266,-19.156,14.267,15.526,5.2593,0.43922,-13.973,-0.021681,0,-1.7096,9.0821,5.1091,10.071,-12.181,10.71,15.965,20.526,16.457,-7.4478,12.2,-3.2926,16.636,9.9615,-1.268,-0.71674,-10.867,3.9663,-4.1925,14.796,-1.4225,5.2695,-15.839,4.7617,-3.6258,4.1236,-6.4957,-2.0551,0.0056704,2.3107,-8.0677,-0.43692,-0.83401,3.8787,10.278,-7.4896,-1.2874,-8.0973,5.2264,-32.112,0.32041,2.4263,-1.0805,6.5343,-6.2864,0.93728,1.3551,5.1581,4.8329,-2.2972,-2.7365,0.70902,-9.8476,-6.9534,-1.7096,0,-3.2184,8.5614,-1.3828,0.78292,8.3802,6.8813,-1.3424,-10.19,-5.1549,-4.0043,-12.488,2.7333,-4.0439,-0.30066,-12.498,12.148,15.628,-26.652,2.2221,-13.984,-16.368,-2.6462,5.0316,2.9112,6.8608,10.65,-5.9844,20.903,-18.386,-8.6973,-17.073,26.604,0.69795,-24.921,-5.6255,-8.5882,0.14043,7.4896,1.8887,-22.164,-27.083,-7.3737,-18.645,-3.5882,23.988,20.338,-26.063,17.307,2.1182,4.1427,10.384,4.363,-8.3008,9.0821,-3.2184,0,-9.7279,6.7471,0.179,20.388,10.163,0.38435,7.8462,7.5306,23.157,-6.3981,15.004,10.356,-0.45323,-2.291,-18.716,-1.9191,1.4944,7.1901,15.988,24.087,-1.8908,12.865,-20.459,2.0969,-20.003,-5.3521,-1.2302,5.9889,3.4451,1.005,-12.815,15.243,18.721,6.2613,-1.0022,-15.523,-4.0504,-7.2467,11.98,20.841,9.8867,5.2038,-11.619,-10.115,-5.6158,6.8656,0.55551,4.3349,-2.1144,-5.5308,-21.817,6.8442,5.1091,8.5614,-9.7279,0,-3.7697,-3.3225,1.6874,11.992,5.5317,0.60544,-13.232,1.3593,1.7801,7.3164,4.4097,-13.255,2.4399,-3.7458,12.375,-3.7152,13.915,0.86587,-2.0743,12.341,0.24412,0.99648,-8.4882,-3.332,6.6855,15.286,-17.234,8.2409,2.9241,-0.6959,-3.2475,-8.3372,12.964,8.8435,-8.6488,25.877,7.1654,-1.9642,-6.6567,15.058,-0.3287,6.0398,8.4823,18.811,-13.699,17.965,23.112,32.997,19.388,-1.7678,9.0525,10.071,-1.3828,6.7471,-3.7697,0,-13.256,3.1278,4.7411,2.4167,-2.5481,-0.77332,1.629,4.4141,-5.0905,5.0912,-2.392,6.7208,2.6248,-4.6311,-1.4653,-13.23,-14.714,-10.038,-12.579,5.1169,9.2443,-3.7196,1.0743,3.8763,-10.508,0.097458,-9.6742,2.3327,8.9898,7.0782,1.7433,-8.6029,3.1073,13.428,-4.9216,-7.9842,-8.4229,-1.68,-11.757,-10.234,4.3529,-6.925,-3.7626,8.8517,-8.5772,-9.7772,-8.6082,-2.6471,13.426,-5.5535,-12.181,0.78292,0.179,-3.3225,-13.256,0,-1.0782,-2.5265,-4.1353,0.25673,20.941,5.7429,-22.415,14.573,1.5784,1.2602,-17.419,2.5351,16.552,-35.716,10.236,-7.8137,-4.9616,-10.373,11.605,-5.0806,12.716,2.8995,-11.556,19.67,-10.988,-12.385,-20.204,15.76,6.669,-8.0884,-8.1296,-12.74,-7.9902,6.2699,-8.9441,-13.605,-12.03,-5.7943,-10.71,-13,17.861,15.362,-15.108,20.913,1.1071,0.31911,6.5298,-6.092,-10.579,10.71,8.3802,20.388,1.6874,3.1278,-1.0782,0,21.992,1.8474,4.6321,-0.27535,17.639,-19.486,23.782,8.4454,-3.4545,-10.569,-7.0131,14.437,-19.64,11.39,0.34459,2.7704,-4.8987,25.228,-13.502,5.2252,-7.4718,-9.4263,17.078,-11.146,-4.7906,-11.226,4.856,15.81,-1.3001,1.6773,-5.7226,-14.763,5.8424,-6.5719,-5.6871,-1.4201,4.0951,-9.6518,-12.251,6.469,12.563,-10.376,19.109,9.2007,4.0081,5.4629,-12.967,-0.23431,15.965,6.8813,10.163,11.992,4.7411,-2.5265,21.992,0,7.0282,6.8014,-3.1926,5.7596,-9.1671,2.4506,-4.4894,5.9438,1.3758,-9.3369,13.74,-4.8655,-1.6544,2.1763,0.83471,-1.3784,10.741,-17.728,-3.4756,0.88553,-13.251,7.6964,-5.5104,-6.2783,-7.0913,-4.1141,-2.2801,-3.2654,1.1361,-2.3304,1.7536,-3.3013,1.9121,-4.4199,2.5288,4.5574,-6.0246,4.1468,3.0201,6.0132,-6.5509,1.9039,10.815,-1.3959,-8.9589,-10.909,-1.7563,20.526,-1.3424,0.38435,5.5317,2.4167,-4.1353,1.8474,7.0282,0,19.683,-4.2483,-0.69383,-14.068,-3.4839,-10.468,9.9762,-5.9383,2.5454,9.433,-9.0468,-9.5714,-1.6414,-4.6461,-0.87209,9.7032,-11.401,2.7171,7.4405,-17.224,8.4719,-5.7375,-7.7576,-15.019,4.3016,0.13217,-10.248,-2.1163,-9.3753,5.6382,-8.8925,6.9731,-9.0506,-2.8195,-3.1194,-15.528,-0.32213,5.6815,4.6989,-10.698,0.88245,3.6432,-5.3348,-8.8955,-3.2538,-4.4899,16.457,-10.19,7.8462,0.60544,-2.5481,0.25673,4.6321,6.8014,19.683,0,0.72064,-3.2433,6.9916,-6.7639,3.6924,-8.6168,8.3916,6.6605,1.2427,-4.1407,-10.312,-22.54,-22.444,-3.7823,2.3958,17.061,-9.1745,4.4447,9.0729,-2.4671,-10.221,-5.5693,2.9738,14.245,2.1867,-8.3486,-3.2904,7.7354,14.269,4.1145,0.10451,-15.031,-10.838,-7.2665,-15.683,11.629,-0.073035,5.4853,-0.53974,-1.3336,-1.8082,1.9493,6.7319,24.411,-2.228,-7.4478,-5.1549,7.5306,-13.232,-0.77332,20.941,-0.27535,-3.1926,-4.2483,0.72064,0
