0,-5.732,14.976,10.901,13.564,-2.9477,5.427,0.9569,5.1611,-2.6796,-10.602,-5.013,16.856,3.6514,-12.679,-26.493,1.7004,15.036,-3.8756,20.858,-12.631,-0.49139,-8.1047,-4.2442,-2.8199,1.0248,1.1598,-0.036482,-5.9481,-3.6041,0.54689,6.6672,4.857,11.342,1.0112,-17.637,-3.8063,-6.8879,-2.6521,3.8105,10.16,-7.8077,-1.4298,-2.9407,6.9003,-15.44,2.6777,-2.8218,-0.33586,14.335,-3.0809,-8.2653,22.831,-2.7701,10.024,-5.732,0,-2.6697,4.2942,3.7776,11.542,6.3771,-1.0885,-7.9986,17.364,2.8052,-12.216,-10.754,-2.9208,1.7399,4.8346,-6.8129,-15.179,7.9198,2.373,-11.926,9.4391,-1.6805,-9.6638,-12.903,-26.492,14.13,-1.8585,-16.147,-9.0778,-15.894,15.336,-31.042,12.58,26.663,9.2645,-15.609,7.4171,10.051,-2.5599,-4.6034,1.3052,-7.9034,-16.737,-3.3924,12.463,-18.034,-11.022,-21.136,-0.50732,6.46,-5.0752,-3.3776,6.1136,0.80798,14.976,-2.6697,0,8.7872,-1.9546,-3.4317,8.7588,16.286,23.038,-9.8404,-9.6692,-10.697,19.978,3.5303,-7.8399,-7.3349,2.5465,9.7166,-2.5865,10.329,-11.356,9.8233,-5.4638,-10.344,4.0427,-1.7634,1.509,4.4262,-13.127,-2.9981,-2.4558,12.89,6.8587,5.1133,2.0945,-26.475,-7.37,-9.5199,-9.8263,-5.2838,-2.2291,-10.616,6.8717,5.1387,3.6798,-14.409,-3.0263,-9.1583,-3.6921,16.352,-0.19585,-19.863,8.2178,-11.097,16.99,10.901,4.2942,8.7872,0,5.4598,-1.4876,22.915,0.22531,0.29035,1.5012,-13.601,-18.238,7.8888,5.2364,-6.3475,-11.442,1.1579,6.8904,-8.1012,18.942,-21.943,-3.0916,1.3565,-14.577,-11.522,-9.2498,12.017,1.4312,-12.216,-0.92714,-12.921,11.273,-1.6973,22.658,6.2768,-10.983,-13.006,3.9567,1.8406,0.68633,6.1232,-0.77836,8.5241,-7.6693,-3.2678,-7.7718,-13.782,-24.708,-16.291,16.547,3.127,-6.6184,3.8818,4.8326,3.2626,13.564,3.7776,-1.9546,5.4598,0,1.7735,-1.773,-13.957,-11.579,12.482,-4.4551,-3.2696,1.5753,3.9223,-3.9321,-18.167,1.1922,3.5777,-0.51122,11.453,-9.7645,-4.3644,-3.3287,-2.6835,-14.451,-2.3018,4.3117,-2.7585,-2.3867,-7.123,-4.7767,4.1346,-6.7985,15.606,6.0747,0.78457,-1.5368,3.5577,4.8753,13.981,18.408,2.8511,-13.045,-17.513,9.7624,-0.65482,2.9694,1.9765,-2.3924,2.1248,2.7647,2.9212,15.481,7.5696,-1.7525,-2.9477,11.542,-3.4317,-1.4876,1.7735,0,3.3949,6.0934,-3.4498,16.913,21.063,3.9048,-7.0753,-23.513,-13.658,0.23953,-12.425,-23.689,32.464,-0.58978,-6.5629,14.406,-15.174,7.3643,-8.9697,-15.694,-2.8924,-25.383,-4.1619,-19.052,0.11626,10.252,-15.179,4.1247,9.5777,12.205,-16.071,5.6277,13.205,-12.087,-10.789,-7.254,-11.742,-13.636,-10.408,18.38,-10.658,-3.2087,-3.4739,5.8593,-1.152,-3.6499,6.2799,-6.5455,11.181,5.427,6.3771,8.7588,22.915,-1.773,3.3949,0,6.2029,2.0923,-0.90873,-6.3642,-12.741,1.5306,-3.628,-9.6735,-2.4884,-9.0479,1.359,-1.4381,17.049,-16.781,1.9852,-5.2168,-8.5986,-4.3425,-15.894,13.618,-0.34545,-16.241,0.99512,-5.9578,10.974,-5.062,13.403,10.684,-8.1259,-20.509,-2.0432,8.0815,-10.729,-5.0259,-9.7414,6.5076,-3.6939,-14.137,-5.5954,-23.696,-30.098,-19.554,13.722,-4.9202,-14.766,-0.27154,2.8647,8.9954,0.9569,-1.0885,16.286,0.22531,-13.957,6.0934,6.2029,0,25.582,-6.9118,4.9293,-1.1354,8.416,-8.0361,-9.6066,2.6605,-2.4999,-3.3747,8.2006,-1.3343,-3.5238,19.675,-8.3222,-0.10522,6.8289,-3.8714,-6.0221,-4.5836,-6.6838,-6.3487,2.3871,9.903,4.3593,-3.8458,-0.13621,-7.6769,-9.2551,-5.4614,-5.7003,-19.77,-17.664,-12.695,6.3998,7.1682,-5.8656,-1.073,-6.2,-6.6336,0.11409,12.451,-1.5966,-14.898,2.2064,-23.612,21.375,5.1611,-7.9986,23.038,0.29035,-11.579,-3.4498,2.0923,25.582,0,-14.781,-2.4687,-2.1583,17.66,1.0057,-4.6389,-0.76206,5.169,5.7697,-0.4628,-1.0089,-0.97227,10.806,-2.504,-2.9479,10.596,4.3372,-7.4472,2.3002,-3.4764,-1.6537,2.6352,5.4751,13.746,-5.5096,-6.0652,-16.424,-1.2925,-7.9321,-16.037,-8.3558,-7.4562,-7.8175,11.039,13.467,2.154,-8.8817,1.3344,-2.8943,4.2765,10.678,0.42061,-11.136,3.075,-21.352,13.699,-2.6796,17.364,-9.8404,1.5012,12.482,16.913,-0.90873,-6.9118,-14.781,0,9.0193,-1.7985,-8.2837,-5.2951,-2.7177,-3.6374,-2.8005,-16.121,11.322,-0.17314,-8.3097,4.111,-2.6178,0.0080857,-24.841,-12.582,2.3697,-12.82,-2.8994,-17.031,-9.7918,8.6916,-20.433,11.499,10.641,16.453,-8.8975,16.384,10.531,3.3693,2.8508,5.6923,-13.445,-34.356,-0.28037,20.09,-7.069,-2.0851,-6.4806,0.7168,8.4712,5.2415,5.0074,3.8348,-1.594,-10.602,2.8052,-9.6692,-13.601,-4.4551,21.063,-6.3642,4.9293,-2.4687,9.0193,0,16.144,-9.6246,-22.643,-6.0769,6.6218,-8.2382,-23.285,26.812,-12.202,6.4762,9.3756,-9.1041,18.825,-0.34145,-3.1334,-12.283,-20.809,6.8536,-10.232,8.0634,-1.1567,-6.1981,-8.5359,-0.6212,18.44,-2.506,4.2757,7.4926,-10.268,-12.688,-3.4163,-9.5859,-3.353,-8.4671,21.608,-0.62762,7.1524,7.1704,-2.4625,-2.499,3.7458,0.89106,-8.9118,4.6207,-5.013,-12.216,-10.697,-18.238,-3.2696,3.9048,-12.741,-1.1354,-2.1583,-1.7985,16.144,0,-4.9878,-11.39,-3.2163,3.1317,-3.7893,-3.8471,7.9123,-10.769,19.029,-2.9627,-5.3179,43.681,8.4338,11.179,-18.728,-9.816,22.194,1.5336,24.662,-16.598,5.5491,-18.455,-12.608,9.0029,10.715,-2.7733,2.7412,-2.918,-3.6181,-2.5139,-5.8063,6.1053,-3.5303,5.2222,12.982,20.862,23.324,-7.1789,-9.3437,9.3288,1.4963,-5.4209,-0.95034,16.856,-10.754,19.978,7.8888,1.5753,-7.0753,1.5306,8.416,17.66,-8.2837,-9.6246,-4.9878,0,8.5704,-6.0615,-15.979,13.876,14.501,-7.0924,5.2459,-6.3833,1.6659,1.139,-6.0658,0.3331,7.5536,-6.7253,1.4891,-1.1359,-3.8368,-2.0888,5.6414,16.504,3.2149,-8.6955,-22.132,0.61375,-1.4991,-18.548,3.4257,7.0609,-0.90713,10.458,4.3621,9.865,-13.169,4.8938,-2.8391,4.573,16.778,5.6182,-3.8995,12.182,-12.16,7.6135,3.6514,-2.9208,3.5303,5.2364,3.9223,-23.513,-3.628,-8.0361,1.0057,-5.2951,-22.643,-11.39,8.5704,0,15.488,-4.0666,20.755,15.215,-25.581,0.89796,-0.46459,-9.764,20.652,-16.19,-1.2723,8.7911,5.1496,19.679,-0.085721,6.992,-10.883,-1.7832,7.78,3.4919,-4.4566,-9.0394,9.833,2.779,-15.192,20.746,17.188,15.076,9.1228,2.9947,18.126,-10.155,6.523,-0.49242,-1.364,-2.8342,12.042,5.2732,-3.2874,7.0643,-12.604,-12.679,1.7399,-7.8399,-6.3475,-3.9321,-13.658,-9.6735,-9.6066,-4.6389,-2.7177,-6.0769,-3.2163,-6.0615,15.488,0,11.762,9.6309,1.5797,-11.443,-11.1,10.447,-7.6082,22.961,-6.6609,3.4297,6.8482,4.4181,17.337,4.2109,10.562,-6.0216,-8.4399,1.2109,-6.1648,-2.8013,4.3649,13.848,3.5345,-7.0363,11.684,4.5274,17.71,4.064,5.3978,8.4859,1.0972,5.6483,4.9663,0.035687,-19.356,8.4687,9.9373,-18.222,10.19,-22.995,-26.493,4.8346,-7.3349,-11.442,-18.167,0.23953,-2.4884,2.6605,-0.76206,-3.6374,6.6218,3.1317,-15.979,-4.0666,11.762,0,-6.2242,-9.9207,3.0277,-13.282,12.183,2.9569,3.7927,2.4436,10.586,-1.8764,2.5512,5.3503,0.94818,8.1695,2.7224,-5.953,-4.0633,-13.258,2.0591,9.3709,2.8201,-2.6518,2.8464,-8.261,-16.033,0.42495,1.1883,8.6716,-7.9632,7.1167,-3.148,1.8296,-1.4618,-15.291,-3.118,-0.013871,-25.833,2.502,-5.0486,1.7004,-6.8129,2.5465,1.1579,1.1922,-12.425,-9.0479,-2.4999,5.169,-2.8005,-8.2382,-3.7893,13.876,20.755,9.6309,-6.2242,0,8.5095,-12.616,-6.748,2.2507,-5.2152,19.046,-7.2207,-2.94,13.506,-6.7853,5.9899,6.8049,-0.73952,-8.153,-1.6392,13.088,-0.95235,-13.262,-5.4496,11.037,9.3591,-25.73,16.632,13.812,18.814,10.821,2.7575,18.537,-3.2413,9.8935,3.0966,6.5775,1.2696,19.943,10.949,0.66637,-3.1013,-8.9726,15.036,-15.179,9.7166,6.8904,3.5777,-23.689,1.359,-3.3747,5.7697,-16.121,-23.285,-3.8471,14.501,15.215,1.5797,-9.9207,8.5095,0,-22.212,9.6385,-0.11629,-11.981,4.8684,-5.7409,6.3823,12.579,1.8953,13.761,1.3624,11.961,2.4106,-5.4587,16.544,1.1654,-8.0591,-22.634,8.7035,-9.199,-10.02,9.1008,13.075,-0.080575,8.9238,9.4738,8.9756,-34.692,9.355,0.89549,3.4074,2.7851,-3.025,-1.4285,3.755,2.9956,-2.2102,-3.8756,7.9198,-2.5865,-8.1012,-0.51122,32.464,-1.4381,8.2006,-0.4628,11.322,26.812,7.9123,-7.0924,-25.581,-11.443,3.0277,-12.616,-22.212,0,-3.8804,-1.6472,18.178,-17.877,10.807,-2.5385,-10.133,-6.2822,-20.306,-2.0977,-16.522,4.798,7.0524,-11.43,-1.5403,7.1426,11.855,-10.129,0.8986,9.7048,-13.243,-14.057,-9.5293,-14.54,-7.4009,-7.5095,16.603,-5.0357,2.1603,1.1861,2.259,-3.3941,-4.4132,5.9725,-10.011,12.544,20.858,2.373,10.329,18.942,11.453,-0.58978,17.049,-1.3343,-1.0089,-0.17314,-12.202,-10.769,5.2459,0.89796,-11.1,-13.282,-6.748,9.6385,-3.8804,0,-18.786,-1.6932,-8.7804,-7.9408,-4.9564,-8.5841,13.36,1.9939,-14.17,0.39259,-2.8674,8.7132,-3.7461,19.019,10.648,-12.388,-11.29,-7.113,6.9795,-0.57575,5.3595,-10.399,-1.9148,-6.3508,-1.9218,-12.771,-7.4687,-11.559,-11.846,11.232,-7.049,-13.202,10.131,5.7736,8.2198,-12.631,-11.926,-11.356,-21.943,-9.7645,-6.5629,-16.781,-3.5238,-0.97227,-8.3097,6.4762,19.029,-6.3833,-0.46459,10.447,12.183,2.2507,-0.11629,-1.6472,-18.786,0,-7.1018,5.9872,14.158,15.322,17.637,-11.005,3.0766,22.033,11.216,14.545,-27.397,9.0437,-32.742,-15.32,6.9568,23.196,-3.2399,-3.8006,1.6001,-2.5578,4.6438,1.0924,15.124,0.63778,1.977,15.791,20.462,18.431,-18.392,-4.4938,12.197,-10.21,-0.26148,-10.37,-0.49139,9.4391,9.8233,-3.0916,-4.3644,14.406,1.9852,19.675,10.806,4.111,9.3756,-2.9627,1.6659,-9.764,-7.6082,2.9569,-5.2152,-11.981,18.178,-1.6932,-7.1018,0,-11.77,-1.5753,-0.056213,-11.059,-2.4037,-7.1605,-11.608,-16.378,-2.2379,17.751,-6.7379,0.95975,9.2327,0.53628,-13.248,-1.9438,-0.64051,-13.421,-15.343,-9.8834,-5.2128,-2.693,-1.7029,7.1213,-7.6536,-4.4076,-3.5519,7.258,2.1417,-13.911,4.7872,-15.957,18.99,-8.1047,-1.6805,-5.4638,1.3565,-3.3287,-15.174,-5.2168,-8.3222,-2.504,-2.6178,-9.1041,-5.3179,1.139,20.652,22.961,3.7927,19.046,4.8684,-17.877,-8.7804,5.9872,-11.77,0,-8.6139,-1.8415,8.578,1.5723,11.964,6.3379,8.1559,-10.155,-6.6511,6.3078,-2.2143,-8.301,0.47162,11.537,10.619,-11.291,14.253,9.4945,27.597,13.085,3.5757,7.787,-0.63042,3.8795,0.14975,0.19059,-7.1652,14.702,14.063,-12.97,7.4594,-22.901,-4.2442,-9.6638,-10.344,-14.577,-2.6835,7.3643,-8.5986,-0.10522,-2.9479,0.0080857,18.825,43.681,-6.0658,-16.19,-6.6609,2.4436,-7.2207,-5.7409,10.807,-7.9408,14.158,-1.5753,-8.6139,0,6.4962,6.9823,-16.222,-13.397,17.337,-0.052671,24.251,-13.033,2.9457,-14.361,-9.242,9.678,6.2612,-2.6727,6.1908,-5.7196,-5.3788,-5.1327,-7.0504,3.7053,-6.9122,6.2994,8.6523,15.624,17.666,-4.7557,-11.411,6.9153,2.6905,-5.45,1.5187,-2.8199,-12.903,4.0427,-11.522,-14.451,-8.9697,-4.3425,6.8289,10.596,-24.841,-0.34145,8.4338,0.3331,-1.2723,3.4297,10.586,-2.94,6.3823,-2.5385,-4.9564,15.322,-0.056213,-1.8415,6.4962,0,10.876,-4.6233,8.7511,4.8336,14.181,17.37,-11.496,11.739,-21.06,-7.75,-6.0692,10.189,-20.886,-5.2936,-6.8415,-8.9374,-8.4327,3.9812,33.144,-1.5123,-9.4569,8.9788,8.5394,9.756,-7.4345,-13.038,-4.7195,-6.694,-4.6959,2.1461,1.0248,-26.492,-1.7634,-9.2498,-2.3018,-15.694,-15.894,-3.8714,4.3372,-12.582,-3.1334,11.179,7.5536,8.7911,6.8482,-1.8764,13.506,12.579,-10.133,-8.5841,17.637,-11.059,8.578,6.9823,10.876,0,-13.941,5.595,21.087,8.9658,10.159,-18.881,24.594,-15.036,-28.992,-4.3134,31.439,-3.0611,-14.731,9.9824,8.452,6.7888,5.9227,14.78,10.683,-7.7364,30.256,17.792,24.556,-6.3156,0.066782,11.948,-0.12295,-3.0339,-8.3107,1.1598,14.13,1.509,12.017,4.3117,-2.8924,13.618,-6.0221,-7.4472,2.3697,-12.283,-18.728,-6.7253,5.1496,4.4181,2.5512,-6.7853,1.8953,-6.2822,13.36,-11.005,-2.4037,1.5723,-16.222,-4.6233,-13.941,0,11.109,-18.015,5.8611,-11.234,6.6012,-12.552,14.126,19.778,-2.3883,-8.7667,-2.4124,8.8571,0.95021,1.3711,-1.138,-0.96612,-5.9806,-3.0693,-4.2541,-13.406,-14.009,-27.869,-1.7751,-1.4962,-8.5249,-6.3135,18.255,-2.7458,-0.036482,-1.8585,4.4262,1.4312,-2.7585,-25.383,-0.34545,-4.5836,2.3002,-12.82,-20.809,-9.816,1.4891,19.679,17.337,5.3503,5.9899,13.761,-20.306,1.9939,3.0766,-7.1605,11.964,-13.397,8.7511,5.595,11.109,0,-3.8796,17.372,-3.9429,-4.3597,5.1382,-1.4398,0.20559,-9.5458,8.5422,-7.903,-8.0801,7.752,4.9238,4.4351,7.2674,10.479,8.125,-13.986,3.7352,-0.79767,-4.023,-8.5688,0.74795,-2.289,-10.618,9.6593,-8.9747,-5.9481,-16.147,-13.127,-12.216,-2.3867,-4.1619,-16.241,-6.6838,-3.4764,-2.8994,6.8536,22.194,-1.1359,-0.085721,4.2109,0.94818,6.8049,1.3624,-2.0977,-14.17,22.033,-11.608,6.3379,17.337,4.8336,21.087,-18.015,-3.8796,0,4.9686,11.822,-23.613,11.513,-16.121,-24.641,6.8418,20.763,3.8701,-4.103,6.2572,4.7996,8.4879,1.6488,6.732,2.2041,3.0025,17.949,19.372,24.847,-8.4094,-0.63207,22.778,-1.8308,-1.458,-10.713,-3.6041,-9.0778,-2.9981,-0.92714,-7.123,-19.052,0.99512,-6.3487,-1.6537,-17.031,-10.232,1.5336,-3.8368,6.992,10.562,8.1695,-0.73952,11.961,-16.522,0.39259,11.216,-16.378,8.1559,-0.052671,14.181,8.9658,5.8611,17.372,4.9686,0,6.6069,-17.373,7.9805,-8.1655,-5.7608,-4.8076,11.677,-9.7241,-0.53786,2.0971,1.4073,0.90258,8.3834,15.829,-2.6991,-12.423,4.7444,2.5023,1.3095,-11.072,-9.5283,1.9545,-14.257,11.465,-10.554,0.54689,-15.894,-2.4558,-12.921,-4.7767,0.11626,-5.9578,2.3871,2.6352,-9.7918,8.0634,24.662,-2.0888,-10.883,-6.0216,2.7224,-8.153,2.4106,4.798,-2.8674,14.545,-2.2379,-10.155,24.251,17.37,10.159,-11.234,-3.9429,11.822,6.6069,0,-14.678,8.0029,-16.877,-9.2561,0.32445,8.3062,-14.383,2.9434,-6.9368,-5.8985,-11.399,-4.1132,12.287,-5.1061,-3.7,11.306,14.772,17.004,-4.7397,-21.101,0.10014,2.2629,-5.2493,4.2174,6.6672,15.336,12.89,11.273,4.1346,10.252,10.974,9.903,5.4751,8.6916,-1.1567,-16.598,5.6414,-1.7832,-8.4399,-5.953,-1.6392,-5.4587,7.0524,8.7132,-27.397,17.751,-6.6511,-13.033,-11.496,-18.881,6.6012,-4.3597,-23.613,-17.373,-14.678,0,-9.8814,17.344,15.674,-4.1823,-24.181,3.5855,0.63353,-5.1973,-3.4311,-4.9464,-1.9067,-12.075,0.21859,2.7064,-15.669,-16.711,-15.056,15.822,7.5197,-14.169,7.9674,-5.8507,13.914,4.857,-31.042,6.8587,-1.6973,-6.7985,-15.179,-5.062,4.3593,13.746,-20.433,-6.1981,5.5491,16.504,7.78,1.2109,-4.0633,13.088,16.544,-11.43,-3.7461,9.0437,-6.7379,6.3078,2.9457,11.739,24.594,-12.552,5.1382,11.513,7.9805,8.0029,-9.8814,0,-10.889,-27.096,-13.407,13.898,-4.8227,-19.061,3.2436,4.4386,1.6361,15.018,19.005,5.9724,-13.634,14.259,6.2887,15.672,2.7785,-0.51774,3.7702,1.2085,-8.3482,-0.95411,11.342,12.58,5.1133,22.658,15.606,4.1247,13.403,-3.8458,-5.5096,11.499,-8.5359,-18.455,3.2149,3.4919,-6.1648,-13.258,-0.95235,1.1654,-1.5403,19.019,-32.742,0.95975,-2.2143,-14.361,-21.06,-15.036,14.126,-1.4398,-16.121,-8.1655,-16.877,17.344,-10.889,0,14.852,-3.8389,-15.827,6.0866,5.8241,4.0084,8.1517,0.16699,-2.6371,-20.28,1.1138,-1.2914,-12.793,-16.303,-18.916,11.64,5.6358,-5.9042,8.4718,6.6816,3.2978,1.0112,26.663,2.0945,6.2768,6.0747,9.5777,10.684,-0.13621,-6.0652,10.641,-0.6212,-12.608,-8.6955,-4.4566,-2.8013,2.0591,-13.262,-8.0591,7.1426,10.648,-15.32,9.2327,-8.301,-9.242,-7.75,-28.992,19.778,0.20559,-24.641,-5.7608,-9.2561,15.674,-27.096,14.852,0,3.0521,-18.553,-1.4434,13.636,-4.9974,-4.924,-6.6542,-10.617,-13.102,-4.4673,4.1567,-17.116,-11.585,-23.569,1.2737,-1.4067,-13.115,0.38048,6.9226,5.8326,-17.637,9.2645,-26.475,-10.983,0.78457,12.205,-8.1259,-7.6769,-16.424,16.453,18.44,9.0029,-22.132,-9.0394,4.3649,9.3709,-5.4496,-22.634,11.855,-12.388,6.9568,0.53628,0.47162,9.678,-6.0692,-4.3134,-2.3883,-9.5458,6.8418,-4.8076,0.32445,-4.1823,-13.407,-3.8389,3.0521,0,0.89667,10.794,11.127,0.015668,-3.84,6.7189,-11.497,-8.9206,-4.8251,29.624,-1.2701,6.7171,1.3076,-11.998,2.2685,11.718,-5.9078,4.6392,-7.9774,-3.8063,-15.609,-7.37,-13.006,-1.5368,-16.071,-20.509,-9.2551,-1.2925,-8.8975,-2.506,10.715,0.61375,9.833,13.848,2.8201,11.037,8.7035,-10.129,-11.29,23.196,-13.248,11.537,6.2612,10.189,31.439,-8.7667,8.5422,20.763,11.677,8.3062,-24.181,13.898,-15.827,-18.553,0.89667,0,-2.0446,-10.156,12.889,8.5034,10.351,2.4064,12.262,10.965,-4.1497,28.321,21.534,18.621,-15.101,0.48981,15.561,-4.8809,2.5901,-15.335,-6.8879,7.4171,-9.5199,3.9567,3.5577,5.6277,-2.0432,-5.4614,-7.9321,16.384,4.2757,-2.7733,-1.4991,2.779,3.5345,-2.6518,9.3591,-9.199,0.8986,-7.113,-3.2399,-1.9438,10.619,-2.6727,-20.886,-3.0611,-2.4124,-7.903,3.8701,-9.7241,-14.383,3.5855,-4.8227,6.0866,-1.4434,10.794,-2.0446,0,-0.74081,7.2245,6.038,18.959,2.3491,-13.655,1.3994,15.144,-4.4157,-3.582,-2.5679,2.0741,20.644,14.386,-1.3183,1.7085,-8.7231,-2.6521,10.051,-9.8263,1.8406,4.8753,13.205,8.0815,-5.7003,-16.037,10.531,7.4926,2.7412,-18.548,-15.192,-7.0363,2.8464,-25.73,-10.02,9.7048,6.9795,-3.8006,-0.64051,-11.291,6.1908,-5.2936,-14.731,8.8571,-8.0801,-4.103,-0.53786,2.9434,0.63353,-19.061,5.8241,13.636,11.127,-10.156,-0.74081,0,-7.3215,-5.2696,-7.7348,-12.571,-10.708,-16.009,7.3166,-10.635,-3.4922,-8.6375,-2.5224,-11.632,-2.7957,-0.57472,9.9508,1.7504,3.8105,-2.5599,-5.2838,0.68633,13.981,-12.087,-10.729,-19.77,-8.3558,3.3693,-10.268,-2.918,3.4257,20.746,11.684,-8.261,16.632,9.1008,-13.243,-0.57575,1.6001,-13.421,14.253,-5.7196,-6.8415,9.9824,0.95021,7.752,6.2572,2.0971,-6.9368,-5.1973,3.2436,4.0084,-4.9974,0.015668,12.889,7.2245,-7.3215,0,32.146,19.661,-0.93562,-4.2706,21.242,-2.7898,11.918,7.0775,3.3907,-6.2058,11.214,14.572,2.1204,9.6539,-17.27,10.16,-4.6034,-2.2291,6.1232,18.408,-10.789,-5.0259,-17.664,-7.4562,2.8508,-12.688,-3.6181,7.0609,17.188,4.5274,-16.033,13.812,13.075,-14.057,5.3595,-2.5578,-15.343,9.4945,-5.3788,-8.9374,8.452,1.3711,4.9238,4.7996,1.4073,-5.8985,-3.4311,4.4386,8.1517,-4.924,-3.84,8.5034,6.038,-5.2696,32.146,0,13.03,0.13799,-5.8677,16.046,-6.3862,9.4315,3.6737,2.2848,-0.25777,7.7958,10.938,6.915,8.9068,-11.316,-7.8077,1.3052,-10.616,-0.77836,2.8511,-7.254,-9.7414,-12.695,-7.8175,5.6923,-3.4163,-2.5139,-0.90713,15.076,17.71,0.42495,18.814,-0.080575,-9.5293,-10.399,4.6438,-9.8834,27.597,-5.1327,-8.4327,6.7888,-1.138,4.4351,8.4879,0.90258,-11.399,-4.9464,1.6361,0.16699,-6.6542,6.7189,10.351,18.959,-7.7348,19.661,13.03,0,4.7515,-3.7045,10.366,5.9119,5.1145,3.3578,1.7796,-7.3972,20.399,22.364,-6.798,7.0819,-24.174,-1.4298,-7.9034,6.8717,8.5241,-13.045,-11.742,6.5076,6.3998,11.039,-13.445,-9.5859,-5.8063,10.458,9.1228,4.064,1.1883,10.821,8.9238,-14.54,-1.9148,1.0924,-5.2128,13.085,-7.0504,3.9812,5.9227,-0.96612,7.2674,1.6488,8.3834,-4.1132,-1.9067,15.018,-2.6371,-10.617,-11.497,2.4064,2.3491,-12.571,-0.93562,0.13799,4.7515,0,11.27,-1.9703,-8.714,-2.2177,-8.5564,-0.62381,6.129,4.8337,0.63603,-8.0722,-2.8351,-2.6713,-2.9407,-16.737,5.1387,-7.6693,-17.513,-13.636,-3.6939,7.1682,13.467,-34.356,-3.353,6.1053,4.3621,2.9947,5.3978,8.6716,2.7575,9.4738,-7.4009,-6.3508,15.124,-2.693,3.5757,3.7053,33.144,14.78,-5.9806,10.479,6.732,15.829,12.287,-12.075,19.005,-20.28,-13.102,-8.9206,12.262,-13.655,-10.708,-4.2706,-5.8677,-3.7045,11.27,0,-0.16096,-11.414,9.2278,6.1847,10.28,-4.9346,-7.4704,-1.9029,-8.2324,-5.4007,-0.31484,6.9003,-3.3924,3.6798,-3.2678,9.7624,-10.408,-14.137,-5.8656,2.154,-0.28037,-8.4671,-3.5303,9.865,18.126,8.4859,-7.9632,18.537,8.9756,-7.5095,-1.9218,0.63778,-1.7029,7.787,-6.9122,-1.5123,10.683,-3.0693,8.125,2.2041,-2.6991,-5.1061,0.21859,5.9724,1.1138,-4.4673,-4.8251,10.965,1.3994,-16.009,21.242,16.046,10.366,-1.9703,-0.16096,0,-4.5658,14.951,8.7025,6.158,-2.8572,11.908,5.4019,6.3605,-0.76045,-5.6693,-15.44,12.463,-14.409,-7.7718,-0.65482,18.38,-5.5954,-1.073,-8.8817,20.09,21.608,5.2222,-13.169,-10.155,1.0972,7.1167,-3.2413,-34.692,16.603,-12.771,1.977,7.1213,-0.63042,6.2994,-9.4569,-7.7364,-4.2541,-13.986,3.0025,-12.423,-3.7,2.7064,-13.634,-1.2914,4.1567,29.624,-4.1497,15.144,7.3166,-2.7898,-6.3862,5.9119,-8.714,-11.414,-4.5658,0,-5.017,2.1898,-0.49158,-4.48,7.086,7.8415,-3.0663,-1.5044,-2.5542,2.6777,-18.034,-3.0263,-13.782,2.9694,-10.658,-23.696,-6.2,1.3344,-7.069,-0.62762,12.982,4.8938,6.523,5.6483,-3.148,9.8935,9.355,-5.0357,-7.4687,15.791,-7.6536,3.8795,8.6523,8.9788,30.256,-13.406,3.7352,17.949,4.7444,11.306,-15.669,14.259,-12.793,-17.116,-1.2701,28.321,-4.4157,-10.635,11.918,9.4315,5.1145,-2.2177,9.2278,14.951,-5.017,0,28.559,26.136,-8.7503,-0.73839,10.917,3.8284,-2.5267,-6.7547,-2.8218,-11.022,-9.1583,-24.708,1.9765,-3.2087,-30.098,-6.6336,-2.8943,-2.0851,7.1524,20.862,-2.8391,-0.49242,4.9663,1.8296,3.0966,0.89549,2.1603,-11.559,20.462,-4.4076,0.14975,15.624,8.5394,17.792,-14.009,-0.79767,19.372,2.5023,14.772,-16.711,6.2887,-16.303,-11.585,6.7171,21.534,-3.582,-3.4922,7.0775,3.6737,3.3578,-8.5564,6.1847,8.7025,2.1898,28.559,0,25.247,-14.036,-3.2063,11.817,1.8485,-1.9682,-6.3629,-0.33586,-21.136,-3.6921,-16.291,-2.3924,-3.4739,-19.554,0.11409,4.2765,-6.4806,7.1704,23.324,4.573,-1.364,0.035687,-1.4618,6.5775,3.4074,1.1861,-11.846,18.431,-3.5519,0.19059,17.666,9.756,24.556,-27.869,-4.023,24.847,1.3095,17.004,-15.056,15.672,-18.916,-23.569,1.3076,18.621,-2.5679,-8.6375,3.3907,2.2848,1.7796,-0.62381,10.28,6.158,-0.49158,26.136,25.247,0,-4.6134,-2.4523,10.659,4.2102,-9.5809,-1.9531,14.335,-0.50732,16.352,16.547,2.1248,5.8593,13.722,12.451,10.678,0.7168,-2.4625,-7.1789,16.778,-2.8342,-19.356,-15.291,1.2696,2.7851,2.259,11.232,-18.392,7.258,-7.1652,-4.7557,-7.4345,-6.3156,-1.7751,-8.5688,-8.4094,-11.072,-4.7397,15.822,2.7785,11.64,1.2737,-11.998,-15.101,2.0741,-2.5224,-6.2058,-0.25777,-7.3972,6.129,-4.9346,-2.8572,-4.48,-8.7503,-14.036,-4.6134,0,2.3786,-9.8083,13.992,-11.156,17.016,-3.0809,6.46,-0.19585,3.127,2.7647,-1.152,-4.9202,-1.5966,0.42061,8.4712,-2.499,-9.3437,5.6182,12.042,8.4687,-3.118,19.943,-3.025,-3.3941,-7.049,-4.4938,2.1417,14.702,-11.411,-13.038,0.066782,-1.4962,0.74795,-0.63207,-9.5283,-21.101,7.5197,-0.51774,5.6358,-1.4067,2.2685,0.48981,20.644,-11.632,11.214,7.7958,20.399,4.8337,-7.4704,11.908,7.086,-0.73839,-3.2063,-2.4523,2.3786,0,8.1921,-0.556,-1.7475,-6.8487,-8.2653,-5.0752,-19.863,-6.6184,2.9212,-3.6499,-14.766,-14.898,-11.136,5.2415,3.7458,9.3288,-3.8995,5.2732,9.9373,-0.013871,10.949,-1.4285,-4.4132,-13.202,12.197,-13.911,14.063,6.9153,-4.7195,11.948,-8.5249,-2.289,22.778,1.9545,0.10014,-14.169,3.7702,-5.9042,-13.115,11.718,15.561,14.386,-2.7957,14.572,10.938,22.364,0.63603,-1.9029,5.4019,7.8415,10.917,11.817,10.659,-9.8083,8.1921,0,-3.8623,5.2026,-21.521,22.831,-3.3776,8.2178,3.8818,15.481,6.2799,-0.27154,2.2064,3.075,5.0074,0.89106,1.4963,12.182,-3.2874,-18.222,-25.833,0.66637,3.755,5.9725,10.131,-10.21,4.7872,-12.97,2.6905,-6.694,-0.12295,-6.3135,-10.618,-1.8308,-14.257,2.2629,7.9674,1.2085,8.4718,0.38048,-5.9078,-4.8809,-1.3183,-0.57472,2.1204,6.915,-6.798,-8.0722,-8.2324,6.3605,-3.0663,3.8284,1.8485,4.2102,13.992,-0.556,-3.8623,0,-8.5533,12.571,-2.7701,6.1136,-11.097,4.8326,7.5696,-6.5455,2.8647,-23.612,-21.352,3.8348,-8.9118,-5.4209,-12.16,7.0643,10.19,2.502,-3.1013,2.9956,-10.011,5.7736,-0.26148,-15.957,7.4594,-5.45,-4.6959,-3.0339,18.255,9.6593,-1.458,11.465,-5.2493,-5.8507,-8.3482,6.6816,6.9226,4.6392,2.5901,1.7085,9.9508,9.6539,8.9068,7.0819,-2.8351,-5.4007,-0.76045,-1.5044,-2.5267,-1.9682,-9.5809,-11.156,-1.7475,5.2026,-8.5533,0,-16.388,10.024,0.80798,16.99,3.2626,-1.7525,11.181,8.9954,21.375,13.699,-1.594,4.6207,-0.95034,7.6135,-12.604,-22.995,-5.0486,-8.9726,-2.2102,12.544,8.2198,-10.37,18.99,-22.901,1.5187,2.1461,-8.3107,-2.7458,-8.9747,-10.713,-10.554,4.2174,13.914,-0.95411,3.2978,5.8326,-7.9774,-15.335,-8.7231,1.7504,-17.27,-11.316,-24.174,-2.6713,-0.31484,-5.6693,-2.5542,-6.7547,-6.3629,-1.9531,17.016,-6.8487,-21.521,12.571,-16.388,0
