0,3.1435,-5.8178,-1.4384,-1.901,-0.72447,3.9289,2.0809,-1.3015,-2.33,0.88748,-2.8838,2.4025,-1.2169,0.80356,-4.2309,-0.30796,3.9781,4.0585,-1.6043,5.2999,3.1435,0,2.9105,-0.14206,-3.9882,-4.6282,3.2807,7.0624,-4.8115,2.387,-0.59843,-1.8135,-1.9613,-3.0708,2.9948,-4.4652,2.8232,0.95472,8.3343,-2.0237,1.0526,-5.8178,2.9105,0,-0.68961,0.2352,-0.64705,2.476,0.13916,-1.3011,3.253,-1.4732,1.1397,-0.69513,-2.7097,3.5335,-0.18559,3.007,-0.41187,0.80165,1.9414,-0.33476,-1.4384,-0.14206,-0.68961,0,-6.8051,-4.2148,0.11165,6.5654,0.15931,5.4758,1.5506,5.8116,-4.94,-2.7124,0.76643,-3.8884,0.03456,-1.4717,-0.092236,1.7698,-2.588,-1.901,-3.9882,0.2352,-6.8051,0,3.6556,-0.5248,-9.2218,2.2848,-4.0904,-2.6022,-4.5872,2.554,3.7845,-3.7511,8.3495,-4.5535,-3.317,-5.3338,1.232,-0.74159,-0.72447,-4.6282,-0.64705,-4.2148,3.6556,0,-0.23842,-4.9846,0.35011,-7.8883,-1.8844,-2.6051,7.1849,-0.55167,-0.51083,2.8247,-2.0647,3.145,-2.6701,1.3223,1.3251,3.9289,3.2807,2.476,0.11165,-0.5248,-0.23842,0,2.8008,-3.8295,-2.6008,-1.3615,-0.085625,0.64165,-7.736,5.4219,-4.8596,1.1664,5.6651,2.8487,2.0871,4.6873,2.0809,7.0624,0.13916,6.5654,-9.2218,-4.9846,2.8008,0,-1.9842,3.7286,1.3576,1.2934,-4.4512,-6.2157,4.2167,-7.9958,5.3532,2.0724,9.9082,-2.4518,1.3202,-1.3015,-4.8115,-1.3011,0.15931,2.2848,0.35011,-3.8295,-1.9842,0,1.0675,4.2169,0.79575,-0.46312,-0.24399,2.22,1.3071,1.346,-1.6254,-3.1086,1.0493,-1.4093,-2.33,2.387,3.253,5.4758,-4.0904,-7.8883,-2.6008,3.7286,1.0675,0,2.4144,4.607,-3.939,0.33989,-0.54928,-2.7346,2.9946,-4.4042,0.78686,1.689,-3.4143,0.88748,-0.59843,-1.4732,1.5506,-2.6022,-1.8844,-1.3615,1.3576,4.2169,2.4144,0,2.6353,-0.6334,-1.4741,2.4363,-3.8741,2.2513,0.11322,1.2278,0.29965,0.52924,-2.8838,-1.8135,1.1397,5.8116,-4.5872,-2.6051,-0.085625,1.2934,0.79575,4.607,2.6353,0,-4.729,-3.5821,1.9341,-4.3975,0.069909,2.0256,-2.5449,6.0872,-3.0061,2.4025,-1.9613,-0.69513,-4.94,2.554,7.1849,0.64165,-4.4512,-0.46312,-3.939,-0.6334,-4.729,0,1.3913,-1.2301,2.5794,-1.6357,0.612,-0.9358,0.098254,2.5766,-1.2169,-3.0708,-2.7097,-2.7124,3.7845,-0.55167,-7.736,-6.2157,-0.24399,0.33989,-1.4741,-3.5821,1.3913,0,-9.9972,8.5988,-3.6055,-6.4912,-3.3208,-1.7484,-1.9089,0.80356,2.9948,3.5335,0.76643,-3.7511,-0.51083,5.4219,4.2167,2.22,-0.54928,2.4363,1.9341,-1.2301,-9.9972,0,-6.724,5.4599,6.8396,3.5643,1.333,3.2364,-4.2309,-4.4652,-0.18559,-3.8884,8.3495,2.8247,-4.8596,-7.9958,1.3071,-2.7346,-3.8741,-4.3975,2.5794,8.5988,-6.724,0,-5.3672,-6.2129,-5.5449,-0.66281,-3.2081,-0.30796,2.8232,3.007,0.03456,-4.5535,-2.0647,1.1664,5.3532,1.346,2.9946,2.2513,0.069909,-1.6357,-3.6055,5.4599,-5.3672,0,3.0269,5.4756,-1.8305,4.394,3.9781,0.95472,-0.41187,-1.4717,-3.317,3.145,5.6651,2.0724,-1.6254,-4.4042,0.11322,2.0256,0.612,-6.4912,6.8396,-6.2129,3.0269,0,2.2836,1.803,4.8405,4.0585,8.3343,0.80165,-0.092236,-5.3338,-2.6701,2.8487,9.9082,-3.1086,0.78686,1.2278,-2.5449,-0.9358,-3.3208,3.5643,-5.5449,5.4756,2.2836,0,-4.2876,5.4551,-1.6043,-2.0237,1.9414,1.7698,1.232,1.3223,2.0871,-2.4518,1.0493,1.689,0.29965,6.0872,0.098254,-1.7484,1.333,-0.66281,-1.8305,1.803,-4.2876,0,-2.0305,5.2999,1.0526,-0.33476,-2.588,-0.74159,1.3251,4.6873,1.3202,-1.4093,-3.4143,0.52924,-3.0061,2.5766,-1.9089,3.2364,-3.2081,4.394,4.8405,5.4551,-2.0305,0
