0,-4.5634,-8.3023,2.2405,-3.3971,2.8816,-0.11995,1.451,2.9424,3.1596,6.1226,1.5242,-2.6134,3.2811,-3.4487,-4.4131,0.71302,-0.43567,-4.3244,2.5485,-1.2412,-4.5634,0,6.0272,-2.7964,2.5155,5.4546,3.2663,2.2226,-3.1467,0.25232,0.36706,-0.30968,9.4614,-3.3809,4.5262,-4.0835,-1.4767,3.7373,9.8076,-10.379,0.92045,-8.3023,6.0272,0,-2.3128,1.9511,1.8138,2.7293,-1.4087,-1.1748,-1.7897,-4.3646,-3.9798,2.9902,-0.99875,3.8979,0.046219,2.6741,3.1712,3.9362,-4.4394,3.6759,2.2405,-2.7964,-2.3128,0,-12.257,-5.7006,-3.8392,10.666,-4.5093,-4.1418,-1.8208,-0.71942,-1.0801,7.7432,-0.043494,3.1782,0.99166,2.4809,-1.0707,5.7768,-3.8083,-3.3971,2.5155,1.9511,-12.257,0,4.161,4.855,-9.3661,4.7855,4.5383,1.6168,1.2832,1.0536,-10.493,-0.38493,-1.8697,-0.38162,-3.2694,0.6079,-3.3403,3.7317,2.8816,5.4546,1.8138,-5.7006,4.161,0,4.8006,-2.5079,3.3301,2.8093,2.6161,-0.78569,3.355,-2.1174,1.6136,-8.8038,-0.080646,2.9372,2.5263,-6.5309,2.8977,-0.11995,3.2663,2.7293,-3.8392,4.855,4.8006,0,-3.0638,2.6538,2.1413,2.5427,-0.83204,-0.66361,-2.033,-0.04483,-7.0593,2.0746,1.135,1.9177,-5.6478,7.8076,1.451,2.2226,-1.4087,10.666,-9.3661,-2.5079,-3.0638,0,-6.3429,-4.8204,-2.0053,-1.9631,2.9778,6.4211,3.6346,0.21197,-0.68486,5.979,4.6841,1.1034,-2.5236,2.9424,-3.1467,-1.1748,-4.5093,4.7855,3.3301,2.6538,-6.3429,0,6.0113,4.4341,-1.1008,-0.53891,-0.054685,-5.1048,-1.975,5.0646,-3.6292,-2.8926,0.47147,3.7927,3.1596,0.25232,-1.7897,-4.1418,4.5383,2.8093,2.1413,-4.8204,6.0113,0,11.98,6.1144,0.60185,-4.4277,-4.7924,-4.0583,1.1559,-5.4432,-2.8732,-2.668,0.83992,6.1226,0.36706,-4.3646,-1.8208,1.6168,2.6161,2.5427,-2.0053,4.4341,11.98,0,6.5632,1.222,-2.3074,-6.2087,-5.0314,1.1224,-5.3491,-1.8317,-2.3733,-0.61701,1.5242,-0.30968,-3.9798,-0.71942,1.2832,-0.78569,-0.83204,-1.9631,-1.1008,6.1144,6.5632,0,0.15816,-5.2812,-2.4161,-0.34196,-3.0677,-4.9206,-2.2261,-0.38038,-3.2213,-2.6134,9.4614,2.9902,-1.0801,1.0536,3.355,-0.66361,2.9778,-0.53891,0.60185,1.222,0.15816,0,-1.5499,2.6602,-1.5209,-0.69948,1.8181,8.6307,-4.4029,-1.0775,3.2811,-3.3809,-0.99875,7.7432,-10.493,-2.1174,-2.033,6.4211,-0.054685,-4.4277,-2.3074,-5.2812,-1.5499,0,-0.51924,-0.18212,4.8311,3.6939,0.064943,3.0604,0.91165,-3.4487,4.5262,3.8979,-0.043494,-0.38493,1.6136,-0.04483,3.6346,-5.1048,-4.7924,-6.2087,-2.4161,2.6602,-0.51924,0,0.035574,-1.6353,11.339,7.3324,-3.4951,1.7999,-4.4131,-4.0835,0.046219,3.1782,-1.8697,-8.8038,-7.0593,0.21197,-1.975,-4.0583,-5.0314,-0.34196,-1.5209,-0.18212,0.035574,0,-0.97694,-1.7576,-2.7871,7.184,-4.8414,0.71302,-1.4767,2.6741,0.99166,-0.38162,-0.080646,2.0746,-0.68486,5.0646,1.1559,1.1224,-3.0677,-0.69948,4.8311,-1.6353,-0.97694,0,0.25774,-0.50081,0.5465,4.9831,-0.43567,3.7373,3.1712,2.4809,-3.2694,2.9372,1.135,5.979,-3.6292,-5.4432,-5.3491,-4.9206,1.8181,3.6939,11.339,-1.7576,0.25774,0,5.9937,-2.8775,2.8502,-4.3244,9.8076,3.9362,-1.0707,0.6079,2.5263,1.9177,4.6841,-2.8926,-2.8732,-1.8317,-2.2261,8.6307,0.064943,7.3324,-2.7871,-0.50081,5.9937,0,-6.1579,3.0063,2.5485,-10.379,-4.4394,5.7768,-3.3403,-6.5309,-5.6478,1.1034,0.47147,-2.668,-2.3733,-0.38038,-4.4029,3.0604,-3.4951,7.184,0.5465,-2.8775,-6.1579,0,-4.7541,-1.2412,0.92045,3.6759,-3.8083,3.7317,2.8977,7.8076,-2.5236,3.7927,0.83992,-0.61701,-3.2213,-1.0775,0.91165,1.7999,-4.8414,4.9831,2.8502,3.0063,-4.7541,0
