0,-3.1445,-6.5358,2.0017,8.6193,-9.6052,-21.709,-4.7499,-16.499,-9.127,-4.1751,-0.48877,-20.58,17.891,-6.9724,-9.6903,4.0875,-7.2987,8.7418,4.7952,-27.244,-24.552,4.6929,9.818,-1.2344,2.7494,-2.0557,-5.0869,-4.2063,0.13117,-1.9396,17.475,-18.383,0.35838,2.5587,-0.59681,-5.7986,5.0528,3.2087,-9.0376,-10.9,1.1248,11.286,-10.96,-13.274,-6.4942,-2.8501,2.532,-6.1292,0.79527,-1.1736,0.62866,2.6483,-16.641,-11.642,-3.1445,0,4.4758,-15.472,-5.8688,10.76,1.5588,1.6806,7.4241,5.2933,3.4457,-2.8045,0.17878,1.8196,8.7914,-6.7429,-12.128,10.71,-8.4869,10.078,1.0447,2.4002,-7.7944,-9.1371,1.2163,0.87648,7.4603,8.0028,12.148,4.1912,-13.989,9.7981,6.2082,-6.6731,8.5195,-8.0578,3.7465,-10.971,-16.478,-0.76022,-15.52,-11.818,-4.4729,6.2385,1.2409,-10.337,4.1568,-10.452,-3.778,0.08045,4.082,2.3478,-4.7019,-2.1625,8.3059,-6.5358,4.4758,0,3.9323,-30.034,13.086,3.924,17.335,-3.4884,5.5939,-11.224,-19.991,-2.9598,3.9223,7.9426,6.5075,2.1633,13.923,1.6434,11.023,-2.0462,-4.1719,0.43805,-24.974,2.2556,-11.584,21.943,17.519,10.539,20.03,-15.049,-3.1899,3.549,5.1383,21.172,-14.843,23.611,-20.067,-10.944,-1.8914,4.1332,-7.0723,7.7636,13.951,1.4601,-11.064,21.926,-22.595,2.9495,-7.4606,0.28683,6.0723,-2.713,1.1045,15.514,2.0017,-15.472,3.9323,0,-5.4794,-2.9151,-4.5911,5.5548,-2.7787,-15.143,-21.74,-12.276,-4.6097,-4.5507,-9.5333,1.289,29.149,1.764,1.8569,-3.2131,-1.1909,-6.2371,9.8678,2.0252,2.9869,5.0138,7.0107,3.9395,-13.397,7.5232,0.30412,-7.2717,-6.6865,30.539,-1.1561,-0.38966,1.9117,8.9985,13.415,-2.5676,10.158,19.44,9.131,2.9753,-13.984,-4.6139,-1.7042,5.3341,9.7122,2.2729,6.1134,-10.981,8.2882,6.0914,1.3517,8.6193,-5.8688,-30.034,-5.4794,0,-8.4998,-7.4641,-25.914,-2.9709,-1.0141,13.162,21.597,-1.1746,1.6829,-11.323,-0.36229,-2.5491,-24.649,1.0108,-6.2457,-1.8883,0.78073,-0.97252,28.996,-6.9211,3.1199,-29.898,-29.593,-10.688,-13.996,18.469,6.2622,-8.7033,-7.7619,-12.37,16.15,-28.219,14.995,10.969,-3.0852,-2.3603,2.2852,-1.8881,-26.104,1.3491,12.381,-18.939,19.167,-10.6,9.7951,-0.11097,-2.3896,6.235,-1.8999,-27.778,-9.6052,10.76,13.086,-2.9151,-8.4998,0,-0.68769,-1.0897,1.4484,8.8412,-2.1301,-8.0723,-2.5836,0.10938,-2.3711,12.073,-0.42431,3.9586,-8.614,12.945,3.2779,1.7911,-4.8381,-7.781,-5.6984,-10.438,7.5712,3.4415,1.6999,18.536,-5.5935,2.9629,-1.0098,2.2457,15.695,-4.0387,2.4451,-9.2783,-4.609,-9.1995,2.1959,-8.1917,6.6665,1.5616,3.5736,-7.14,3.1676,-6.8736,-9.0152,9.0101,13.722,-0.96318,9.2273,10.864,3.591,-21.709,1.5588,3.924,-4.5911,-7.4641,-0.68769,0,8.7238,14.244,7.1782,7.978,4.8116,31.639,-13.26,17.19,2.4102,-10.658,9.7917,0.32456,-6.628,19.433,21.124,-7.403,-10.657,2.2465,-0.96814,-0.11923,5.6697,11.07,-7.6565,2.0971,-17.989,29.767,-6.1128,-6.5426,1.2992,10.676,-6.6046,-6.1858,15.588,5.4657,-3.5737,-20.362,13.847,15.398,10.407,8.2302,-5.8344,10.591,-11.224,-9.683,7.21,-14.353,3.6034,14.986,-4.7499,1.6806,17.335,5.5548,-25.914,-1.0897,8.7238,0,1.5267,0.27614,-11.75,-15.451,2.3041,-0.59251,16.869,-3.9413,2.418,18.839,1.4103,-0.77909,-0.30687,-1.421,6.1768,-25.001,14.818,-0.21452,21.252,31.041,13.055,5.0097,-16.852,-9.3296,11.768,4.9923,6.2846,-19.18,30.053,-12.809,-12.488,10.839,2.7514,0.42305,-1.1789,29.332,-1.0288,-8.5262,18.694,-16.296,18.687,-20.642,-8.2968,3.6308,-14.381,-2.8405,24.03,-16.499,7.4241,-3.4884,-2.7787,-2.9709,1.4484,14.244,1.5267,0,-2.1013,4.3366,3.1705,20.287,-27.181,5.2843,-5.0205,-4.5398,9.7862,-12.702,-7.8079,26.48,23.341,-5.539,-2.5099,4.028,12.99,0.60256,4.6759,0.48652,-6.5084,0.61266,-8.9266,17.031,1.1415,-11.184,2.9882,-0.27711,3.7255,-0.33449,10.587,-0.66031,5.2128,-21.714,10.352,2.3034,3.0256,-4.8261,3.7844,10.159,1.6871,4.0823,-7.6445,-3.7868,10.79,10.565,-9.127,5.2933,5.5939,-15.143,-1.0141,8.8412,7.1782,0.27614,-2.1013,0,11.206,4.7326,4.1946,4.2109,8.5446,13.556,-11.366,-3.9334,-2.6911,0.59279,2.3288,6.561,-1.4005,-8.6788,0.040138,-19.125,-2.8225,-0.88419,12.528,-0.78522,0.30458,-2.8192,7.5085,-16.019,6.5378,-4.3478,3.3389,-16.008,-13.39,4.5731,5.6074,-16.433,-2.0061,-0.25655,26.636,6.3563,6.3603,-8.2279,-7.1404,-4.2099,-7.4668,10.994,-5.2362,1.8684,-0.037624,-4.1751,3.4457,-11.224,-21.74,13.162,-2.1301,7.978,-11.75,4.3366,11.206,0,31.041,11.335,-1.479,4.1587,2.6215,-22.784,-7.7431,1.6766,-2.9961,6.8908,12.209,-12.4,5.6184,-8.194,-3.6336,-20.6,-13.698,4.7999,-16.146,12.565,0.96342,5.877,-26.478,-8.4716,12.029,-7.258,-0.30533,-1.9632,3.3338,-3.2155,-10.803,-13.559,-8.0407,18.446,18.851,-3.4654,3.0117,-8.7114,0.42735,-7.1643,9.457,-4.9954,-2.4414,-6.2096,-0.48877,-2.8045,-19.991,-12.276,21.597,-8.0723,4.8116,-15.451,3.1705,4.7326,31.041,0,9.9856,-2.8804,-0.62535,0.95648,-13.157,-12.551,3.1953,-7.4001,5.8891,10.112,-8.4778,13.032,-7.9466,0.53506,-34.741,-20.395,-1.4244,-22.955,20.387,-0.020002,2.2241,-17.096,-15.723,18.339,-12.546,6.9634,4.6378,3.1847,-1.607,-3.5793,-12.385,-12.195,11.653,24.619,-8.7178,9.9666,-6.667,2.3015,-6.7259,5.1081,-2.3465,-2.3302,-11.124,-20.58,0.17878,-2.9598,-4.6097,-1.1746,-2.5836,31.639,2.3041,20.287,4.1946,11.335,9.9856,0,-20.429,9.8839,1.358,-9.5511,5.2085,-2.5997,-10.933,28.715,32.912,-7.8064,-3.227,0.80622,3.6012,-5.4293,0.43959,4.4502,-12.723,7.4701,-17.131,23.232,-5.5924,-14.079,6.8987,2.7718,0.45579,-0.69302,15.06,5.1871,0.48723,-28.552,8.1705,13.241,15.002,0.37975,1.5837,9.2177,-4.9076,-5.9884,2.1491,-9.2743,6.729,8.6978,17.891,1.8196,3.9223,-4.5507,1.6829,0.10938,-13.26,-0.59251,-27.181,4.2109,-1.479,-2.8804,-20.429,0,0.070892,-0.32207,-2.0343,-5.1557,10.149,12.436,-32.409,-22.723,2.0354,-0.82806,-2.7801,-11.364,1.5519,-1.5487,5.9729,5.9934,-6.3511,16.465,-12.091,-6.3048,15.176,-6.7529,2.0274,-8.8196,-7.0244,-9.6121,-7.4746,-11.819,15.164,-7.4908,-1.6979,-6.9803,7.3816,-8.9667,-12.047,-3.7717,-4.9921,11.025,-0.74025,-17.406,-6.8686,-6.9724,8.7914,7.9426,-9.5333,-11.323,-2.3711,17.19,16.869,5.2843,8.5446,4.1587,-0.62535,9.8839,0.070892,0,-5.267,-13.971,13.955,2.5096,-0.85431,3.1708,5.7462,-3.2245,-20.054,8.5278,-2.225,6.7707,13.84,32.991,-4.5588,-10.002,-5.6477,22.48,-10.314,2.131,-10.443,19.248,-17.888,-23.176,15.07,-3.6248,-10.058,-11.964,17.828,9.773,-0.020305,17.912,-18.127,9.309,-25.947,-17.02,13.398,-34.903,-7.8272,18.27,-9.6903,-6.7429,6.5075,1.289,-0.36229,12.073,2.4102,-3.9413,-5.0205,13.556,2.6215,0.95648,1.358,-0.32207,-5.267,0,2.1882,-8.1902,-0.27879,1.1856,4.1304,3.9489,-0.23187,-1.1305,-7.5315,-20.047,-3.9083,-6.2601,-2.7925,6.1136,8.5353,-6.8706,-2.122,-0.5917,5.025,3.706,-0.81328,-3.8617,3.1724,-4.223,19.127,-4.3018,6.4488,-5.2673,12.669,8.0134,1.1283,0.14587,-8.1145,5.3732,2.3523,2.7876,8.7661,11.597,-4.7155,4.0875,-12.128,2.1633,29.149,-2.5491,-0.42431,-10.658,2.418,-4.5398,-11.366,-22.784,-13.157,-9.5511,-2.0343,-13.971,2.1882,0,-2.5805,-3.9147,-3.9715,-3.8693,-8.0985,17.13,3.6852,5.7885,4.6408,6.6217,2.7143,-16.576,8.8065,-1.0283,-3.7609,-10.028,28.566,0.81443,-3.2304,-2.6287,9.5801,11.784,-3.369,10.1,20.67,13.282,-0.36524,-15.39,-7.2679,-6.2283,7.9401,5.8135,6.404,9.4385,-17.219,12.627,8.4684,-3.0096,-7.2987,10.71,13.923,1.764,-24.649,3.9586,9.7917,18.839,9.7862,-3.9334,-7.7431,-12.551,5.2085,-5.1557,13.955,-8.1902,-2.5805,0,-0.76808,5.8195,4.8032,2.2221,-4.9872,-18.675,5.2445,4.5043,20.26,24.475,11.251,6.7793,-16.821,-3.256,11.839,5.048,5.4113,-9.8795,20.441,-9.6191,-10.002,4.1785,-5.5855,-1.8772,-5.297,28.02,-3.5533,-11.13,14.016,-15,12.425,-9.4276,0.29511,2.0209,-9.6674,-1.3069,37.119,8.7418,-8.4869,1.6434,1.8569,1.0108,-8.614,0.32456,1.4103,-12.702,-2.6911,1.6766,3.1953,-2.5997,10.149,2.5096,-0.27879,-3.9147,-0.76808,0,6.51,-8.961,-9.0397,-6.9394,1.5768,-9.8311,-6.8987,-3.6223,-4.2975,3.7738,-1.2774,3.9189,2.6577,-5.1815,-4.2606,1.491,5.4373,6.0563,-2.4354,2.0696,-5.5414,-2.6957,-6.5239,3.6721,-3.5869,0.94588,4.511,10.665,-5.8202,-2.7265,-8.9848,-10.977,17.64,-4.8604,-17.224,-1.5595,4.7952,10.078,11.023,-3.2131,-6.2457,12.945,-6.628,-0.77909,-7.8079,0.59279,-2.9961,-7.4001,-10.933,12.436,-0.85431,1.1856,-3.9715,5.8195,6.51,0,-9.2763,-11.161,-11.06,-4.476,-12.461,-9.2217,7.2945,1.9595,4.9375,17.559,-8.4652,16.239,-8.6501,-0.49899,20.911,-2.4412,5.4085,-9.8009,-4.7704,-20.648,-10.598,-14.435,11.28,-1.6504,-3.2958,-11.637,9.721,-12.865,-12.862,2.8824,6.8065,8.2688,4.4923,-6.7145,2.0389,-27.244,1.0447,-2.0462,-1.1909,-1.8883,3.2779,19.433,-0.30687,26.48,2.3288,6.8908,5.8891,28.715,-32.409,3.1708,4.1304,-3.8693,4.8032,-8.961,-9.2763,0,36.745,-6.4101,-1.6676,-0.19901,4.8621,-3.3704,0.28394,-1.243,-6.3242,7.2895,-16.063,16.06,0.31079,-11.77,7.3788,-0.5488,3.418,2.9554,9.5182,7.4964,4.0422,-18.231,6.9367,8.7638,10.359,-4.0524,4.9607,7.353,2.5461,2.6701,-4.7057,-1.2142,16.414,7.4081,-24.552,2.4002,-4.1719,-6.2371,0.78073,1.7911,21.124,-1.421,23.341,6.561,12.209,10.112,32.912,-22.723,5.7462,3.9489,-8.0985,2.2221,-9.0397,-11.161,36.745,0,-6.1537,-1.6098,0.8499,3.2334,-6.35,-1.3049,1.7059,-10.583,8.0188,-14.481,19.193,-5.1685,-12.663,6.756,-1.5489,1.564,-0.15186,12.718,6.2793,0.96988,-23.218,5.2684,13.757,13.649,-4.0623,4.407,5.4884,0.61666,-1.1323,-1.9071,-4.2549,12.6,5.4148,4.6929,-7.7944,0.43805,9.8678,-0.97252,-4.8381,-7.403,6.1768,-5.539,-1.4005,-12.4,-8.4778,-7.8064,2.0354,-3.2245,-0.23187,17.13,-4.9872,-6.9394,-11.06,-6.4101,-6.1537,0,-0.80054,19.793,2.8568,5.3115,5.3679,-4.7961,1.0468,-4.5383,-4.8749,-2.5313,8.6816,0.36341,-11.859,-0.97506,2.6879,0.24936,7.0551,9.1046,12.752,7.2657,1.6892,-6.3555,-5.1745,-4.0257,4.229,7.9721,-2.1224,-1.5663,-10.633,1.1574,3.3596,-2.8997,9.818,-9.1371,-24.974,2.0252,28.996,-7.781,-10.657,-25.001,-2.5099,-8.6788,5.6184,13.032,-3.227,-0.82806,-20.054,-1.1305,3.6852,-18.675,1.5768,-4.476,-1.6676,-1.6098,-0.80054,0,-9.0148,6.6805,-19.884,-25.542,-20.73,-8.2614,18.427,6.0407,-13.877,0.49569,-12.536,19.827,-29.586,25.897,21.673,-7.4429,-1.5598,8.033,1.3808,-24.1,-5.3286,8.2799,-22.917,26.241,-8.2291,14.955,5.6678,-7.3372,12.512,0.61946,-24.518,-1.2344,1.2163,2.2556,2.9869,-6.9211,-5.6984,2.2465,14.818,4.028,0.040138,-8.194,-7.9466,0.80622,-2.7801,8.5278,-7.5315,5.7885,5.2445,-9.8311,-12.461,-0.19901,0.8499,19.793,-9.0148,0,7.6158,9.9548,15.413,4.7331,-2.874,-11.365,-7.6769,9.624,3.8773,-1.4546,-18.345,5.8772,-2.7169,-8.7774,19.034,3.0284,8.3375,-3.5148,13.207,-3.1145,-6.3182,1.102,-1.9349,17.813,-10.053,-5.9812,-6.9107,-9.9118,1.1843,7.8773,2.7494,0.87648,-11.584,5.0138,3.1199,-10.438,-0.96814,-0.21452,12.99,-19.125,-3.6336,0.53506,3.6012,-11.364,-2.225,-20.047,4.6408,4.5043,-6.8987,-9.2217,4.8621,3.2334,2.8568,6.6805,7.6158,0,0.47606,2.5408,-7.5445,-7.7722,-0.80541,-0.65272,2.4561,7.7391,-14.374,2.2537,-5.8033,15.272,6.352,5.88,-6.7102,17.09,-8.9439,3.7656,-13.824,-3.0036,-11.283,10.87,11.861,2.6153,4.4801,-15.155,-0.8385,1.3925,2.238,-2.0557,7.4603,21.943,7.0107,-29.898,7.5712,-0.11923,21.252,0.60256,-2.8225,-20.6,-34.741,-5.4293,1.5519,6.7707,-3.9083,6.6217,20.26,-3.6223,7.2945,-3.3704,-6.35,5.3115,-19.884,9.9548,0.47606,0,32.248,7.0436,17.265,-28.89,-0.69983,3.2929,11.331,14.77,-22.395,18.088,-11.069,-10.086,0.54035,-1.3319,0.57511,6.1067,19.435,-8.3322,-23.976,12.595,-15,9.2039,-6.3881,3.5317,-2.175,-3.1711,0.41692,18.553,-5.0869,8.0028,17.519,3.9395,-29.593,3.4415,5.6697,31.041,4.6759,-0.88419,-13.698,-20.395,0.43959,-1.5487,13.84,-6.2601,2.7143,24.475,-4.2975,1.9595,0.28394,-1.3049,5.3679,-25.542,15.413,2.5408,32.248,0,11.577,8.4943,-26.282,-4.9045,10.63,6.8937,8.7158,-23.745,22.077,-12.306,-14.104,7.8954,-0.99637,0.57536,-0.66459,31.903,-4.211,-15.479,13.845,-15.632,15.441,-12.247,-1.7927,-0.57703,-10.104,-0.36859,26.74,-4.2063,12.148,10.539,-13.397,-10.688,1.6999,11.07,13.055,0.48652,12.528,4.7999,-1.4244,4.4502,5.9729,32.991,-2.7925,-16.576,11.251,3.7738,4.9375,-1.243,1.7059,-4.7961,-20.73,4.7331,-7.5445,7.0436,11.577,0,-0.59775,-11.986,-0.19673,14.062,-13.468,8.205,-11.877,18.319,-27.793,-32.565,7.9427,-5.8831,-18.248,-6.2164,12.173,10.681,-2.2984,21.706,-25.915,2.4426,-20.304,-14.491,18.577,-23.242,-10.332,13.673,0.13117,4.1912,20.03,7.5232,-13.996,18.536,-7.6565,5.0097,-6.5084,-0.78522,-16.146,-22.955,-12.723,5.9934,-4.5588,6.1136,8.8065,6.7793,-1.2774,17.559,-6.3242,-10.583,1.0468,-8.2614,-2.874,-7.7722,17.265,8.4943,-0.59775,0,-11.837,5.1976,-8.0656,11.787,24.477,-9.0039,7.2491,-7.6792,-2.0112,-13.908,1.0608,-2.7282,19.023,3.3965,-7.1901,-18.035,7.3422,-9.4139,-4.2181,4.7328,12.612,-1.8347,9.778,3.7667,4.7211,-1.9396,-13.989,-15.049,0.30412,18.469,-5.5935,2.0971,-16.852,0.61266,0.30458,12.565,20.387,7.4701,-6.3511,-10.002,8.5353,-1.0283,-16.821,3.9189,-8.4652,7.2895,8.0188,-4.5383,18.427,-11.365,-0.80541,-28.89,-26.282,-11.986,-11.837,0,-4.9712,-3.4293,-3.8717,-15.846,28.873,-14.773,14.084,17.557,-1.288,8.0013,3.8239,-4.3986,-15.169,7.0608,26.912,-12.092,17.519,-5.5661,8.0957,-0.5771,-0.61008,6.8778,5.1148,-14.535,17.475,9.7981,-3.1899,-7.2717,6.2622,2.9629,-17.989,-9.3296,-8.9266,-2.8192,0.96342,-0.020002,-17.131,16.465,-5.6477,-6.8706,-3.7609,-3.256,2.6577,16.239,-16.063,-14.481,-4.8749,6.0407,-7.6769,-0.65272,-0.69983,-4.9045,-0.19673,5.1976,-4.9712,0,-14.819,-4.0727,8.9076,-0.20874,-6.3381,-0.55674,-1.9299,-16.763,-20.876,-8.1456,9.0758,-10.818,-7.9646,-9.897,-2.0274,-1.7977,-16.737,6.8628,6.063,2.2924,5.4075,-11.294,-8.4191,-18.383,6.2082,3.549,-6.6865,-8.7033,-1.0098,29.767,11.768,17.031,7.5085,5.877,2.2241,23.232,-12.091,22.48,-2.122,-10.028,11.839,-5.1815,-8.6501,16.06,19.193,-2.5313,-13.877,9.624,2.4561,3.2929,10.63,14.062,-8.0656,-3.4293,-14.819,0,-6.1485,-5.4433,-4.7721,10.725,-8.0843,-11.703,23.587,2.5432,-2.408,-22.378,18.722,11.831,5.0351,6.9541,-6.6905,13.866,-12.893,-9.6408,3.824,-18.741,3.0872,17.668,0.35838,-6.6731,5.1383,30.539,-7.7619,2.2457,-6.1128,4.9923,1.1415,-16.019,-26.478,-17.096,-5.5924,-6.3048,-10.314,-0.5917,28.566,5.048,-4.2606,-0.49899,0.31079,-5.1685,8.6816,0.49569,3.8773,7.7391,11.331,6.8937,-13.468,11.787,-3.8717,-4.0727,-6.1485,0,1.2768,-2.7783,1.07,8.1951,10.609,-4.166,6.2428,18.944,8.9544,4.8232,-18.406,-10.396,-3.423,4.7087,8.6243,6.2299,13.467,-17.142,11.06,9.5431,3.4833,2.5587,8.5195,21.172,-1.1561,-12.37,15.695,-6.5426,6.2846,-11.184,6.5378,-8.4716,-15.723,-14.079,15.176,2.131,5.025,0.81443,5.4113,1.491,20.911,-11.77,-12.663,0.36341,-12.536,-1.4546,-14.374,14.77,8.7158,8.205,24.477,-15.846,8.9076,-5.4433,1.2768,0,-14.174,10.235,-18.152,-11.304,-10.319,-2.7097,-12.175,16.44,2.8463,-1.2787,-16.166,13.525,-18.408,-7.5528,-1.457,3.501,6.3192,2.144,-3.4936,4.2346,-0.59681,-8.0578,-14.843,-0.38966,16.15,-4.0387,1.2992,-19.18,2.9882,-4.3478,12.029,18.339,6.8987,-6.7529,-10.443,3.706,-3.2304,-9.8795,5.4373,-2.4412,7.3788,6.756,-11.859,19.827,-18.345,2.2537,-22.395,-23.745,-11.877,-9.0039,28.873,-0.20874,-4.7721,-2.7783,-14.174,0,-14.035,15.25,18.873,-5.8931,1.0108,2.3216,-5.1219,-14.055,2.9286,17.296,-11.164,14.953,-7.025,10.575,3.2991,-0.31844,7.9429,2.8416,-11.146,-5.7986,3.7465,23.611,1.9117,-28.219,2.4451,10.676,30.053,-0.27711,3.3389,-7.258,-12.546,2.7718,2.0274,19.248,-0.81328,-2.6287,20.441,6.0563,5.4085,-0.5488,-1.5489,-0.97506,-29.586,5.8772,-5.8033,18.088,22.077,18.319,7.2491,-14.773,-6.3381,10.725,1.07,10.235,-14.035,0,-19.69,-14.443,5.5966,0.85768,-6.5898,-0.51483,22.739,2.6935,-6.7954,34.05,-26.792,10.266,-20.441,-8.6582,10.739,-14.181,-5.1629,24.838,5.0528,-10.971,-20.067,8.9985,14.995,-9.2783,-6.6046,-12.809,3.7255,-16.008,-0.30533,6.9634,0.45579,-8.8196,-17.888,-3.8617,9.5801,-9.6191,-2.4354,-9.8009,3.418,1.564,2.6879,25.897,-2.7169,15.272,-11.069,-12.306,-27.793,-7.6792,14.084,-0.55674,-8.0843,8.1951,-18.152,15.25,-19.69,0,27.738,-2.2908,1.5776,20.03,-1.471,-10.327,-9.8843,5.7663,-25.124,34.662,1.2191,13.101,7.9067,-15.946,11.317,5.6429,-11.896,3.2087,-16.478,-10.944,13.415,10.969,-4.609,-6.1858,-12.488,-0.33449,-13.39,-1.9632,4.6378,-0.69302,-7.0244,-23.176,3.1724,11.784,-10.002,2.0696,-4.7704,2.9554,-0.15186,0.24936,21.673,-8.7774,6.352,-10.086,-14.104,-32.565,-2.0112,17.557,-1.9299,-11.703,10.609,-11.304,18.873,-14.443,27.738,0,-7.5301,6.1441,15.197,3.3554,-11.786,-7.6078,6.8749,-15.649,22.6,-1.6535,14.489,9.4001,-10.93,16.862,7.2805,-11.916,-9.0376,-0.76022,-1.8914,-2.5676,-3.0852,-9.1995,15.588,10.839,10.587,4.5731,3.3338,3.1847,15.06,-9.6121,15.07,-4.223,-3.369,4.1785,-5.5414,-20.648,9.5182,12.718,7.0551,-7.4429,19.034,5.88,0.54035,7.8954,7.9427,-13.908,-1.288,-16.763,23.587,-4.166,-10.319,-5.8931,5.5966,-2.2908,-7.5301,0,5.4951,4.4017,-17.181,12.668,7.5444,6.3294,1.6889,-0.52907,18.693,-14.021,-13.875,-0.39749,-17.947,1.7726,8.8422,-10.9,-15.52,4.1332,10.158,-2.3603,2.1959,5.4657,2.7514,-0.66031,5.6074,-3.2155,-1.607,5.1871,-7.4746,-3.6248,19.127,10.1,-5.5855,-2.6957,-10.598,7.4964,6.2793,9.1046,-1.5598,3.0284,-6.7102,-1.3319,-0.99637,-5.8831,1.0608,8.0013,-20.876,2.5432,6.2428,-2.7097,1.0108,0.85768,1.5776,6.1441,5.4951,0,7.3639,2.2463,1.1428,7.0545,8.6428,-1.1593,4.5665,4.9546,0.53645,-0.95882,-3.9736,4.4256,15.225,-0.94372,1.1248,-11.818,-7.0723,19.44,2.2852,-8.1917,-3.5737,0.42305,5.2128,-16.433,-10.803,-3.5793,0.48723,-11.819,-10.058,-4.3018,20.67,-1.8772,-6.5239,-14.435,4.0422,0.96988,12.752,8.033,8.3375,17.09,0.57511,0.57536,-18.248,-2.7282,3.8239,-8.1456,-2.408,18.944,-12.175,2.3216,-6.5898,20.03,15.197,4.4017,7.3639,0,-0.096248,1.0932,-13.185,-0.52697,-13.17,16.708,12.706,5.3116,6.2042,-23.705,6.5821,9.2988,-1.9568,11.286,-4.4729,7.7636,9.131,-1.8881,6.6665,-20.362,-1.1789,-21.714,-2.0061,-13.559,-12.385,-28.552,15.164,-11.964,6.4488,13.282,-5.297,3.6721,11.28,-18.231,-23.218,7.2657,1.3808,-3.5148,-8.9439,6.1067,-0.66459,-6.2164,19.023,-4.3986,9.0758,-22.378,8.9544,16.44,-5.1219,-0.51483,-1.471,3.3554,-17.181,2.2463,-0.096248,0,-7.1912,-9.1072,-11.13,1.6554,-2.1288,-8.983,5.9279,7.4509,-1.6332,13.324,-1.3487,-7.3237,-10.96,6.2385,13.951,2.9753,-26.104,1.5616,13.847,29.332,10.352,-0.25655,-8.0407,-12.195,8.1705,-7.4908,17.828,-5.2673,-0.36524,28.02,-3.5869,-1.6504,6.9367,5.2684,1.6892,-24.1,13.207,3.7656,19.435,31.903,12.173,3.3965,-15.169,-10.818,18.722,4.8232,2.8463,-14.055,22.739,-10.327,-11.786,12.668,1.1428,1.0932,-7.1912,0,-0.038909,-7.3288,13.327,-13.032,20.836,-14.14,-4.0496,0.61568,-13.486,1.6284,41.13,-13.274,1.2409,1.4601,-13.984,1.3491,3.5736,15.398,-1.0288,2.3034,26.636,18.446,11.653,13.241,-1.6979,9.773,12.669,-15.39,-3.5533,0.94588,-3.2958,8.7638,13.757,-6.3555,-5.3286,-3.1145,-13.824,-8.3322,-4.211,10.681,-7.1901,7.0608,-7.9646,11.831,-18.406,-1.2787,2.9286,2.6935,-9.8843,-7.6078,7.5444,7.0545,-13.185,-9.1072,-0.038909,0,16.228,5.2382,-4.6272,-3.9199,-5.5228,-10.777,13.084,-7.6369,2.1834,0.78496,-6.4942,-10.337,-11.064,-4.6139,12.381,-7.14,10.407,-8.5262,3.0256,6.3563,18.851,24.619,15.002,-6.9803,-0.020305,8.0134,-7.2679,-11.13,4.511,-11.637,10.359,13.649,-5.1745,8.2799,-6.3182,-3.0036,-23.976,-15.479,-2.2984,-18.035,26.912,-9.897,5.0351,-10.396,-16.166,17.296,-6.7954,5.7663,6.8749,6.3294,8.6428,-0.52697,-11.13,-7.3288,16.228,0,-5.0863,8.9792,-1.6048,-0.35373,-8.7321,5.1206,-2.2331,2.7357,-7.1744,-2.8501,4.1568,21.926,-1.7042,-18.939,3.1676,8.2302,18.694,-4.8261,6.3603,-3.4654,-8.7178,0.37975,7.3816,17.912,1.1283,-6.2283,14.016,10.665,9.721,-4.0524,-4.0623,-4.0257,-22.917,1.102,-11.283,12.595,13.845,21.706,7.3422,-12.092,-2.0274,6.9541,-3.423,13.525,-11.164,34.05,-25.124,-15.649,1.6889,-1.1593,-13.17,1.6554,13.327,5.2382,-5.0863,0,-35.491,3.5954,-19.39,-10.49,18.631,-13.31,-9.3342,15.869,2.532,-10.452,-22.595,5.3341,19.167,-6.8736,-5.8344,-16.296,3.7844,-8.2279,3.0117,9.9666,1.5837,-8.9667,-18.127,0.14587,7.9401,-15,-5.8202,-12.865,4.9607,4.407,4.229,26.241,-1.9349,10.87,-15,-15.632,-25.915,-9.4139,17.519,-1.7977,-6.6905,4.7087,-18.408,14.953,-26.792,34.662,22.6,-0.52907,4.5665,16.708,-2.1288,-13.032,-4.6272,8.9792,-35.491,0,-1.0745,15.109,7.1695,-16.042,12.087,8.8253,-15.746,-6.1292,-3.778,2.9495,9.7122,-10.6,-9.0152,10.591,18.687,10.159,-7.1404,-8.7114,-6.667,9.2177,-12.047,9.309,-8.1145,5.8135,12.425,-2.7265,-12.862,7.353,5.4884,7.9721,-8.2291,17.813,11.861,9.2039,15.441,2.4426,-4.2181,-5.5661,-16.737,13.866,8.6243,-7.5528,-7.025,10.266,1.2191,-1.6535,18.693,4.9546,12.706,-8.983,20.836,-3.9199,-1.6048,3.5954,-1.0745,0,-12.004,-5.841,-5.4192,-10.94,2.4729,15.586,0.79527,0.08045,-7.4606,2.2729,9.7951,9.0101,-11.224,-20.642,1.6871,-4.2099,0.42735,2.3015,-4.9076,-3.7717,-25.947,5.3732,6.404,-9.4276,-8.9848,2.8824,2.5461,0.61666,-2.1224,14.955,-10.053,2.6153,-6.3881,-12.247,-20.304,4.7328,8.0957,6.8628,-12.893,6.2299,-1.457,10.575,-20.441,13.101,14.489,-14.021,0.53645,5.3116,5.9279,-14.14,-5.5228,-0.35373,-19.39,15.109,-12.004,0,26.122,-13.855,31.243,12.335,-12.87,-1.1736,4.082,0.28683,6.1134,-0.11097,13.722,-9.683,-8.2968,4.0823,-7.4668,-7.1643,-6.7259,-5.9884,-4.9921,-17.02,2.3523,9.4385,0.29511,-10.977,6.8065,2.6701,-1.1323,-1.5663,5.6678,-5.9812,4.4801,3.5317,-1.7927,-14.491,12.612,-0.5771,6.063,-9.6408,13.467,3.501,3.2991,-8.6582,7.9067,9.4001,-13.875,-0.95882,6.2042,7.4509,-4.0496,-10.777,-8.7321,-10.49,7.1695,-5.841,26.122,0,-16.283,24.088,13.243,-2.9872,0.62866,2.3478,6.0723,-10.981,-2.3896,-0.96318,7.21,3.6308,-7.6445,10.994,9.457,5.1081,2.1491,11.025,13.398,2.7876,-17.219,2.0209,17.64,8.2688,-4.7057,-1.9071,-10.633,-7.3372,-6.9107,-15.155,-2.175,-0.57703,18.577,-1.8347,-0.61008,2.2924,3.824,-17.142,6.3192,-0.31844,10.739,-15.946,-10.93,-0.39749,-3.9736,-23.705,-1.6332,0.61568,13.084,5.1206,18.631,-16.042,-5.4192,-13.855,-16.283,0,-12.547,-15.278,3.1019,2.6483,-4.7019,-2.713,8.2882,6.235,9.2273,-14.353,-14.381,-3.7868,-5.2362,-4.9954,-2.3465,-9.2743,-0.74025,-34.903,8.7661,12.627,-9.6674,-4.8604,4.4923,-1.2142,-4.2549,1.1574,12.512,-9.9118,-0.8385,-3.1711,-10.104,-23.242,9.778,6.8778,5.4075,-18.741,11.06,2.144,7.9429,-14.181,11.317,16.862,-17.947,4.4256,6.5821,13.324,-13.486,-7.6369,-2.2331,-13.31,12.087,-10.94,31.243,24.088,-12.547,0,11.541,-12.721,-16.641,-2.1625,1.1045,6.0914,-1.8999,10.864,3.6034,-2.8405,10.79,1.8684,-2.4414,-2.3302,6.729,-17.406,-7.8272,11.597,8.4684,-1.3069,-17.224,-6.7145,16.414,12.6,3.3596,0.61946,1.1843,1.3925,0.41692,-0.36859,-10.332,3.7667,5.1148,-11.294,3.0872,9.5431,-3.4936,2.8416,-5.1629,5.6429,7.2805,1.7726,15.225,9.2988,-1.3487,1.6284,2.1834,2.7357,-9.3342,8.8253,2.4729,12.335,13.243,-15.278,11.541,0,0.63751,-11.642,8.3059,15.514,1.3517,-27.778,3.591,14.986,24.03,10.565,-0.037624,-6.2096,-11.124,8.6978,-6.8686,18.27,-4.7155,-3.0096,37.119,-1.5595,2.0389,7.4081,5.4148,-2.8997,-24.518,7.8773,2.238,18.553,26.74,13.673,4.7211,-14.535,-8.4191,17.668,3.4833,4.2346,-11.146,24.838,-11.896,-11.916,8.8422,-0.94372,-1.9568,-7.3237,41.13,0.78496,-7.1744,15.869,-15.746,15.586,-12.87,-2.9872,3.1019,-12.721,0.63751,0
