0,-0.87372,-1.8263,-2.3283,-0.54928,-1.3561,-0.3291,-0.93198,2.4003,0.94096,-0.19549,-3.5915,2.0038,-1.3987,-1.8908,1.0434,2.3146,-2.7509,-0.29884,-0.56406,3.5964,-0.87372,0,3.3072,1.1405,-2.3409,-2.4693,0.052416,6.1797,-3.9041,2.9085,-0.21299,2.1835,-0.030693,-4.7248,0.17448,-6.0485,2.4544,-5.3533,4.3359,-0.18083,-3.2563,-1.8263,3.3072,0,-0.92535,-0.64622,1.0965,-0.46653,-3.4107,0.75933,7.7429,0.94312,4.1219,1.487,-3.7894,-1.2928,-0.54124,4.5051,-3.2491,-2.7134,1.6049,-2.7889,-2.3283,1.1405,-0.92535,0,-5.1447,0.63753,4.2103,5.0607,-1.5174,-2.3425,6.3334,1.9564,0.93023,0.069181,1.0217,-3.2893,2.5402,1.3447,1.6364,4.8231,1.2094,-0.54928,-2.3409,-0.64622,-5.1447,0,7.549,-3.6214,-4.3448,5.0076,0.32426,-0.52377,-4.4858,-2.095,-3.6804,-1.4236,3.8068,-4.8481,-1.9164,-1.7784,-1.3648,-2.9705,-1.3561,-2.4693,1.0965,0.63753,7.549,0,-0.91445,-3.2032,5.8134,-1.0728,3.9157,-4.6951,1.8474,-5.2851,-0.14102,3.2738,-4.2045,-0.082936,-1.0678,1.7919,-2.0126,-0.3291,0.052416,-0.46653,4.2103,-3.6214,-0.91445,0,2.3247,-2.5555,-2.5984,1.3814,1.3377,1.3572,-0.57543,4.6418,-4.3332,0.89367,0.99709,1.038,5.4245,4.4823,-0.93198,6.1797,-3.4107,5.0607,-4.3448,-3.2032,2.3247,0,-4.4401,-4.2382,-0.43078,-1.7861,0.70808,-0.38554,1.4968,-6.2848,0.98115,1.7217,11.622,-1.0705,1.5047,2.4003,-3.9041,0.75933,-1.5174,5.0076,5.8134,-2.5555,-4.4401,0,0.7935,3.7199,-5.0712,2.4733,-3.0917,0.4115,3.4115,1.6988,-0.75181,-2.0333,-2.1072,2.2851,0.94096,2.9085,7.7429,-2.3425,0.32426,-1.0728,-2.5984,-4.2382,0.7935,0,0.12477,3.9899,-2.6583,-0.77924,-1.1901,-1.5511,2.9486,-7.1066,-2.2367,-0.42247,-5.3914,-0.19549,-0.21299,0.94312,6.3334,-0.52377,3.9157,1.3814,-0.43078,3.7199,0.12477,0,-0.21793,0.12544,-1.0008,-2.7142,-0.59436,4.3332,-1.9212,-0.84409,5.5752,-1.0997,-3.5915,2.1835,4.1219,1.9564,-4.4858,-4.6951,1.3377,-1.7861,-5.0712,3.9899,-0.21793,0,-1.9992,0.56937,-0.59826,-0.19071,1.3259,-0.098736,-4.7426,3.4115,-2.7482,2.0038,-0.030693,1.487,0.93023,-2.095,1.8474,1.3572,0.70808,2.4733,-2.6583,0.12544,-1.9992,0,-4.0594,2.1455,0.97482,0.58892,0.48333,0.71818,-0.72494,4.5188,-1.3987,-4.7248,-3.7894,0.069181,-3.6804,-5.2851,-0.57543,-0.38554,-3.0917,-0.77924,-1.0008,0.56937,-4.0594,0,-1.4124,-0.12138,0.4791,3.6745,-0.24768,-0.83849,0.92347,-1.8908,0.17448,-1.2928,1.0217,-1.4236,-0.14102,4.6418,1.4968,0.4115,-1.1901,-2.7142,-0.59826,2.1455,-1.4124,0,-2.0909,-2.2222,1.7152,2.8885,-0.45549,2.4143,1.0434,-6.0485,-0.54124,-3.2893,3.8068,3.2738,-4.3332,-6.2848,3.4115,-1.5511,-0.59436,-0.19071,0.97482,-0.12138,-2.0909,0,-3.1378,3.956,-5.9943,0.88225,0.33728,2.3146,2.4544,4.5051,2.5402,-4.8481,-4.2045,0.89367,0.98115,1.6988,2.9486,4.3332,1.3259,0.58892,0.4791,-2.2222,-3.1378,0,-1.8049,-0.50754,1.2312,2.9246,-2.7509,-5.3533,-3.2491,1.3447,-1.9164,-0.082936,0.99709,1.7217,-0.75181,-7.1066,-1.9212,-0.098736,0.48333,3.6745,1.7152,3.956,-1.8049,0,0.73372,-0.25825,4.9565,-0.29884,4.3359,-2.7134,1.6364,-1.7784,-1.0678,1.038,11.622,-2.0333,-2.2367,-0.84409,-4.7426,0.71818,-0.24768,2.8885,-5.9943,-0.50754,0.73372,0,-3.7051,-0.0035336,-0.56406,-0.18083,1.6049,4.8231,-1.3648,1.7919,5.4245,-1.0705,-2.1072,-0.42247,5.5752,3.4115,-0.72494,-0.83849,-0.45549,0.88225,1.2312,-0.25825,-3.7051,0,-0.51524,3.5964,-3.2563,-2.7889,1.2094,-2.9705,-2.0126,4.4823,1.5047,2.2851,-5.3914,-1.0997,-2.7482,4.5188,0.92347,2.4143,0.33728,2.9246,4.9565,-0.0035336,-0.51524,0
