0,6.1991,-1.8984,-2.0172,10.547,-0.67213,8.1895,16.35,-3.4246,10.703,-11.813,-27.166,-7.9772,-0.42168,7.0054,-1.0122,-7.6585,8.3688,15.118,-11.29,-13.592,0.51465,-3.7983,0.83785,-0.88358,-6.2884,18.253,2.4782,9.7236,-8.425,-3.9117,-6.0023,4.3049,6.6504,-5.1918,20.08,9.2247,-0.21105,8.5101,9.5546,0.57703,-9.7123,-4.7149,4.4747,17.99,0.37565,16.624,-10.611,15.47,1.3504,7.5771,6.9087,7.818,-3.5802,10.198,6.1991,0,8.5102,1.3035,-7.2978,7.9382,-7.1862,13.447,2.2034,-4.6014,-5.9838,-6.3139,-22.343,27.224,22.97,-0.74832,-21.684,0.58651,18.997,-1.3298,-9.365,22.803,1.0227,4.8751,10.049,-14.854,8.3891,1.5203,3.0975,-12.438,-0.20437,7.772,2.4988,6.3113,2.8989,10.849,6.0003,-4.8895,-6.4447,19.879,5.6264,-12.113,-8.5222,11.001,7.7818,-6.7442,9.6931,-7.7377,-4.2451,-19.566,-6.2451,1.3554,-2.2521,3.8233,4.787,-1.8984,8.5102,0,7.6195,-14.708,-8.0093,4.9117,11.776,-11.812,-13.176,6.499,8.674,-6.8855,11.401,3.0391,25.765,-8.3264,-5.0071,-2.1573,-6.1268,-2.6667,3.3983,-0.68143,-6.071,1.7695,2.4173,-0.80777,-18.07,14.05,8.2687,-21.308,5.4438,13.384,8.3996,9.9383,-8.042,9.8604,-29.276,-11.677,4.8566,17.89,6.2846,-0.72525,0.26382,-8.6175,9.1429,-4.3711,-1.7681,0.32098,-3.529,9.0915,16.553,-3.237,22.063,12.637,-2.0172,1.3035,7.6195,0,2.1052,-16.604,-4.0983,-1.025,-16.54,0.77394,-10.264,4.0355,-10.117,5.4592,-5.7701,6.3473,-10.332,16.724,1.4771,3.9063,-13.905,-4.4734,-11.418,7.3224,3.7903,9.3618,11.535,-9.4371,-2.7558,13.237,-8.1379,11.054,-0.24499,20.663,3.2761,-1.1123,-0.6656,-4.7525,7.8944,-4.4643,7.7016,10.544,16.435,-17.208,0.17778,-7.4635,-4.9584,-3.2127,-7.8406,3.5049,3.4429,-0.11204,2.0219,-2.4662,-0.76771,10.547,-7.2978,-14.708,2.1052,0,-2.3416,0.36615,-5.14,-1.6226,34.493,-14.385,-16.364,3.4532,-12.489,-9.581,-6.9663,-0.26461,12.797,7.2076,4.909,-11.331,-12.552,-5.8952,11.347,3.3142,5.501,11.829,11.44,-2.4109,-0.44869,3.2646,-7.3429,-10.588,5.0103,-1.0065,8.8113,-0.39841,7.6403,33.832,-2.0448,-7.1616,2.4962,10.865,-2.692,9.888,-3.9103,3.2373,3.4467,8.4834,7.5907,4.827,-5.6709,2.2319,-15.122,-8.2149,-0.67213,7.9382,-8.0093,-16.604,-2.3416,0,-11.76,-3.0055,17.03,-1.7478,0.44511,-5.1658,-0.15414,2.6485,12.288,-13.992,-1.8109,-9.3892,7.1705,3.6466,5.5924,11.373,4.1994,5.95,9.0314,-10.897,-4.9149,19.346,-3.477,-25.825,18.694,1.8263,-4.3106,-14.901,1.4732,6.788,1.5479,8.4009,-4.8356,13.277,-3.7776,-12.942,-9.3874,21.074,1.5773,-4.4254,9.6191,4.2523,-1.7694,-19.492,-13.544,-6.7694,-2.3842,-0.45738,-7.5291,8.1895,-7.1862,4.9117,-4.0983,0.36615,-11.76,0,11.594,-4.9253,1.3526,8.4748,-1.18,6.8414,-6.8268,-4.3905,12.155,9.2503,-3.0862,-6.9536,-14.408,2.6928,-6.6033,5.1499,-20.445,-17.262,1.0903,-1.7082,-11.728,13.514,7.571,-15.905,-15.968,9.4453,1.8203,-4.8833,-4.054,2.942,-8.5488,-2.5597,-5.812,-0.39103,1.8309,-5.7021,-2.3993,0.17025,18.402,-2.629,-4.7468,16.208,16.481,16.929,14.355,1.9683,5.5787,17.763,16.35,13.447,11.776,-1.025,-5.14,-3.0055,11.594,0,-3.9133,-2.8923,-0.75099,-7.6631,-11.704,10.324,13.332,8.0835,-8.1357,0.40569,8.4087,-16.421,-6.836,9.0213,2.4365,-8.7995,-4.2914,-10.859,8.1945,-8.7063,14.707,-4.2359,-12.279,-2.8971,12.602,7.6966,-3.3532,7.8629,8.9415,-10.483,-6.214,9.5459,5.7577,-9.5833,-12.942,5.2282,8.5507,5.06,8.6034,-15.222,8.0797,-1.4986,6.6263,14.12,3.053,7.0783,26.293,-3.4246,2.2034,-11.812,-16.54,-1.6226,17.03,-4.9253,-3.9133,0,2.2373,5.1793,-2.9703,5.3686,2.4507,5.5542,-15.734,7.5848,-7.8764,3.0752,8.1245,8.982,11.938,19.129,-1.0022,-0.89385,-16.545,-8.2267,13.818,-11.037,-12.748,16.116,-7.7767,-12.769,-10.291,-5.6792,2.3419,-12.688,10.455,-6.2823,-0.33225,-20.469,-12.883,-12.779,11.107,5.2953,-4.7374,-0.56239,2.1192,-5.4239,-4.7373,-18.051,-15.413,-9.444,-7.174,-7.7354,10.703,-4.6014,-13.176,0.77394,34.493,-1.7478,1.3526,-2.8923,2.2373,0,-11.468,-18.219,3.5861,-8.0468,-8.455,-6.7356,0.0011553,10.549,9.6194,7.4677,-11.913,-7.8308,0.18442,9.575,3.1114,1.2028,10.887,12.171,-3.0025,-0.95568,2.2976,-11.887,-15.05,7.1955,-0.88049,8.2534,-3.2188,5.5828,21.927,-2.2995,-11.576,0.75128,7.203,-0.15428,12.662,-3.6192,0.65871,3.3809,7.3998,7.4197,3.2021,-7.722,-3.1501,-15.624,-7.9846,-11.813,-5.9838,6.499,-10.264,-14.385,0.44511,8.4748,-0.75099,5.1793,-11.468,0,15.109,14.578,-2.1515,-3.3501,8.9376,15.08,-26.032,-17.652,-1.7186,22.056,0.42997,14.152,-17.832,-8.0128,0.47009,-30.329,-6.7703,4.4829,5.929,-4.7528,-7.3489,4.2542,-10.374,2.9867,-21.169,-2.288,-7.8966,-20.264,-5.8149,-0.94461,4.3395,-7.6944,3.9539,-15.85,17.26,-12.426,6.9074,1.1236,2.7161,2.1033,5.204,-8.7279,13.693,3.7847,-27.166,-6.3139,8.674,4.0355,-16.364,-5.1658,-1.18,-7.6631,-2.9703,-18.219,15.109,0,5.6972,0.8773,-5.7509,8.1745,7.4801,-8.3825,-22.189,2.0756,14.104,-1.7382,1.4789,-7.5926,-4.331,7.969,-16.903,-12.353,-2.8888,13.271,-3.2403,6.8714,4.4301,-4.7086,3.4687,-24.207,-4.6308,-4.8855,-12.156,-10.014,5.1576,10.988,2.8291,-7.9401,-22,4.4493,-14.943,4.8368,-10.647,1.7424,-1.4303,1.5105,-2.8422,9.3753,-0.63285,-7.9772,-22.343,-6.8855,-10.117,3.4532,-0.15414,6.8414,-11.704,5.3686,3.5861,14.578,5.6972,0,-19.412,-16.796,1.3123,24.782,-11.383,-15.801,4.4519,14.491,-12.661,7.8086,-6.0634,-5.6846,8.1977,-17.579,3.2194,-0.35042,6.9263,1.112,-14.365,-5.1847,-11.163,2.4398,-14.663,-4.8485,1.1356,-0.47289,-11.534,-8.2197,9.3065,2.4622,0.54246,-10.696,12.638,-12.18,15.82,6.193,10.189,4.4285,-1.6143,-6.7446,1.1322,-6.5426,-0.42168,27.224,11.401,5.4592,-12.489,2.6485,-6.8268,10.324,2.4507,-8.0468,-2.1515,0.8773,-19.412,0,15.75,1.1178,-14.466,0.97416,10.575,1.5275,-6.1038,24.82,4.399,1.3251,5.3315,-13.673,4.7166,-3.8841,-1.4694,-4.8934,-1.9482,8.5356,0.88303,8.7542,1.0506,4.1729,-0.96781,-5.8335,-10.234,8.2208,3.3682,-8.2046,-7.4492,4.0751,5.0735,-8.0036,1.6185,-8.7032,-11.844,-12.482,-8.9122,-1.3802,-5.2931,3.1239,4.4407,7.0054,22.97,3.0391,-5.7701,-9.581,12.288,-4.3905,13.332,5.5542,-8.455,-3.3501,-5.7509,-16.796,15.75,0,-5.5608,-10.309,-1.6261,11.683,-8.4679,-1.1064,24.864,1.0602,-1.119,1.8988,-20.665,4.2871,1.4952,1.8619,-20.625,4.9774,7.1003,7.2161,-2.7125,-5.4734,13.767,4.7475,1.9154,-9.1709,16.797,3.3743,-24.409,-18.189,10.672,8.4874,-6.1936,17.506,-13.56,-2.8864,-16.364,-9.3432,2.0328,5.2076,2.4895,8.4468,-1.0122,-0.74832,25.765,6.3473,-6.9663,-13.992,12.155,8.0835,-15.734,-6.7356,8.9376,8.1745,1.3123,1.1178,-5.5608,0,-1.7673,-5.4037,-7.3212,-6.5836,-1.3392,-5.9994,-1.0938,-8.2809,-1.4549,9.5587,-2.5865,-18.486,18.796,15.822,-34.508,-1.1478,12.238,7.4599,10.967,-12.93,10.33,-33.36,-6.1643,-0.3399,14.6,13.86,3.5057,-2.3664,-11.787,18.454,-8.299,2.6597,7.1424,4.3014,20.541,21.106,-3.2211,20.703,11.552,-7.6585,-21.684,-8.3264,-10.332,-0.26461,-1.8109,9.2503,-8.1357,7.5848,0.0011553,15.08,7.4801,24.782,-14.466,-10.309,-1.7673,0,-8.0439,-19.319,-0.104,20.707,-7.2028,9.9726,-13.637,-16.914,2.4403,-17.122,-1.218,-4.472,5.7646,2.8974,-12.839,-2.4978,-12.457,-7.6906,-11.2,-11.221,5.6871,-3.4566,-18.251,-12.152,2.7558,-3.3629,-4.0564,-5.8833,7.932,-9.8046,4.3139,1.8875,14.473,-0.12467,-3.0879,-1.7061,-2.3185,-1.4787,8.3688,0.58651,-5.0071,16.724,12.797,-9.3892,-3.0862,0.40569,-7.8764,10.549,-26.032,-8.3825,-11.383,0.97416,-1.6261,-5.4037,-8.0439,0,8.7546,0.95406,-17.841,-3.4091,-11.557,9.181,0.058758,1.7937,24.831,-0.60008,-6.9117,2.0213,0.54025,5.0889,-3.8208,14.994,-7.6276,12.441,-3.4174,6.9772,19.381,-3.3551,-1.301,-0.80157,9.3039,-14.227,14.571,-15.481,4.9515,-10.371,-3.4068,5.8672,-0.39395,-5.2998,9.0462,-16.533,-1.0833,15.118,18.997,-2.1573,1.4771,7.2076,7.1705,-6.9536,8.4087,3.0752,9.6194,-17.652,-22.189,-15.801,10.575,11.683,-7.3212,-19.319,8.7546,0,2.4731,-19.692,10.179,-1.4734,13.063,11.965,-11.498,19.211,10.573,0.10261,-14.503,3.4658,1.4714,-5.5138,9.3299,0.74581,22.819,4.0103,1.7177,6.5899,15.733,-1.3051,-11.681,-2.4416,9.1557,19.286,-10.848,12.821,-5.5598,0.89715,-10.58,-4.2697,-3.9875,-1.1019,-6.6244,-1.1555,-11.29,-1.3298,-6.1268,3.9063,4.909,3.6466,-14.408,-16.421,8.1245,7.4677,-1.7186,2.0756,4.4519,1.5275,-8.4679,-6.5836,-0.104,0.95406,2.4731,0,-2.0963,-0.052363,5.0025,13.828,11.446,2.1941,-2.4558,11.287,-14.521,2.2961,7.7765,-0.084351,-28.633,2.7268,7.8714,-4.6055,-11.304,3.6089,4.3728,-4.5214,-9.2636,6.2763,9.8628,0.42847,-1.5002,-8.3574,-11.848,14.028,-11.251,-2.7665,-9.2508,-20.464,-16.908,-7.9399,-28.325,-13.592,-9.365,-2.6667,-13.905,-11.331,5.5924,2.6928,-6.836,8.982,-11.913,22.056,14.104,14.491,-6.1038,-1.1064,-1.3392,20.707,-17.841,-19.692,-2.0963,0,0.4586,8.5578,-13.537,-10.118,-0.47234,-31.601,-1.7711,-2.8639,0.37816,5.6577,-2.8581,3.1033,-24.025,-3.9274,-12.402,-5.7555,3.8044,-14.014,-7.1957,-4.0222,-0.47433,-8.3045,1.6127,-12.369,7.3826,-5.5969,4.3211,-2.4779,1.6276,-4.9147,-0.53502,-0.77787,5.3009,-0.26681,0.51465,22.803,3.3983,-4.4734,-12.552,11.373,-6.6033,9.0213,11.938,-7.8308,0.42997,-1.7382,-12.661,24.82,24.864,-5.9994,-7.2028,-3.4091,10.179,-0.052363,0.4586,0,9.2859,-1.3618,2.1117,-27.661,0.4466,1.8081,-3.7894,-14.184,5.4851,4.3337,-0.26502,-0.4526,-4.1752,7.2304,-3.2859,0.96646,-13.413,9.2962,-2.4915,-19.265,-17.847,9.9067,7.4861,-8.1028,5.753,-9.336,-9.8955,-14.589,-15.952,-4.3839,-3.938,0.61589,3.5478,-3.7983,1.0227,-0.68143,-11.418,-5.8952,4.1994,5.1499,2.4365,19.129,0.18442,14.152,1.4789,7.8086,4.399,1.0602,-1.0938,9.9726,-11.557,-1.4734,5.0025,8.5578,9.2859,0,-10.011,-5.978,-12.823,-10.886,1.7395,-2.922,-1.6107,0.61745,-15.43,-7.6721,-2.9643,-2.5883,-5.6238,-11.53,-1.9019,-12.43,-4.6041,-15.361,-5.386,-13.417,7.9183,1.483,4.4727,-9.4343,1.8943,-1.9347,1.8674,-5.9485,-5.641,-17.651,0.19929,0.16806,0.83785,4.8751,-6.071,7.3224,11.347,5.95,-20.445,-8.7995,-1.0022,9.575,-17.832,-7.5926,-6.0634,1.3251,-1.119,-8.2809,-13.637,9.181,13.063,13.828,-13.537,-1.3618,-10.011,0,24.859,3.8901,10.411,15.048,-6.2872,-4.9624,8.3948,8.5419,-11.464,5.012,8.7946,7.9515,2.3684,5.1917,14.445,7.5277,1.3157,2.3101,13.685,2.0765,3.7416,-13.318,4.2099,7.0527,-4.2039,-9.7135,-4.6132,-9.6554,-1.5725,-7.8037,-17.519,-0.88358,10.049,1.7695,3.7903,3.3142,9.0314,-17.262,-4.2914,-0.89385,3.1114,-8.0128,-4.331,-5.6846,5.3315,1.8988,-1.4549,-16.914,0.058758,11.965,11.446,-10.118,2.1117,-5.978,24.859,0,2.7192,4.859,11.835,0.75202,-5.5148,3.5301,8.3718,-6.3365,3.3852,19.494,3.2615,8.2654,-3.051,4.4359,14.877,6.5926,3.2466,8.665,9.6643,-1.8715,-5.0764,2.8054,11.014,-2.045,-18.113,-2.0637,-3.1394,-6.524,2.2765,-12.052,-6.2884,-14.854,2.4173,9.3618,5.501,-10.897,1.0903,-10.859,-16.545,1.2028,0.47009,7.969,8.1977,-13.673,-20.665,9.5587,2.4403,1.7937,-11.498,2.1941,-0.47234,-27.661,-12.823,3.8901,2.7192,0,-2.011,-4.4534,3.6886,17.395,-6.6239,3.2251,2.1785,1.3905,10.22,-11.51,5.3809,-4.6384,8.5812,-6.5756,9.1291,30.281,24.63,-10.352,-14.718,6.6615,-7.8689,11.865,3.9012,7.3071,13.331,5.3474,2.5367,4.1967,-4.8987,18.253,8.3891,-0.80777,11.535,11.829,-4.9149,-1.7082,8.1945,-8.2267,10.887,-30.329,-16.903,-17.579,4.7166,4.2871,-2.5865,-17.122,24.831,19.211,-2.4558,-31.601,0.4466,-10.886,10.411,4.859,-2.011,0,1.316,1.069,-3.417,-2.4451,3.8708,-0.54402,17.407,-3.0095,20.009,4.5629,1.4377,15.44,6.3501,2.7075,-4.3836,4.8057,-3.7695,18.426,-10.521,11.333,-10.855,2.4186,-0.22376,2.7612,0.2464,7.5082,-8.9634,2.9515,2.4782,1.5203,-18.07,-9.4371,11.44,19.346,-11.728,-8.7063,13.818,12.171,-6.7703,-12.353,3.2194,-3.8841,1.4952,-18.486,-1.218,-0.60008,10.573,11.287,-1.7711,1.8081,1.7395,15.048,11.835,-4.4534,1.316,0,-7.1299,-15.397,19.042,-3.1202,-15.667,-6.7033,2.3328,8.9804,-1.6334,12.278,7.8141,6.8958,-9.8815,-6.2275,0.60918,12.276,6.1744,-7.3847,6.1127,8.6506,0.89176,-8.4494,-9.0154,-13.569,-4.3102,-9.9411,-17.484,9.7236,3.0975,14.05,-2.7558,-2.4109,-3.477,13.514,14.707,-11.037,-3.0025,4.4829,-2.8888,-0.35042,-1.4694,1.8619,18.796,-4.472,-6.9117,0.10261,-14.521,-2.8639,-3.7894,-2.922,-6.2872,0.75202,3.6886,1.069,-7.1299,0,1.7014,-17.825,-3.7281,16.653,1.9414,8.6583,-1.5698,24.859,-19.09,-3.7175,10.209,14.804,3.359,-2.5132,7.1966,-4.8094,20.503,4.169,0.60289,20.755,-0.8321,22.42,33.554,1.9463,19.588,15.238,-8.425,-12.438,8.2687,13.237,-0.44869,-25.825,7.571,-4.2359,-12.748,-0.95568,5.929,13.271,6.9263,-4.8934,-20.625,15.822,5.7646,2.0213,-14.503,2.2961,0.37816,-14.184,-1.6107,-4.9624,-5.5148,17.395,-3.417,-15.397,1.7014,0,-15.105,-1.5622,1.2272,8.3141,4.5945,-18.388,-3.0652,-9.888,1.4904,-16.637,3.5809,25.076,13.133,-16.929,-10.808,7.5156,-20.487,4.7261,-0.80618,15.698,11.479,4.3787,-3.4168,3.9204,1.0491,-3.9117,-0.20437,-21.308,-8.1379,3.2646,18.694,-15.905,-12.279,16.116,2.2976,-4.7528,-3.2403,1.112,-1.9482,4.9774,-34.508,2.8974,0.54025,3.4658,7.7765,5.6577,5.4851,0.61745,8.3948,3.5301,-6.6239,-2.4451,19.042,-17.825,-15.105,0,3.7103,-10.513,-12.957,-6.579,7.5969,-8.4427,27.552,2.8591,1.1823,-10.689,-10.37,-2.7468,4.0632,4.7003,-14.62,6.5281,1.5485,-8.5694,-7.5286,-22.253,-19.147,2.2222,-13.039,-14.597,-6.0023,7.772,5.4438,11.054,-7.3429,1.8263,-15.968,-2.8971,-7.7767,-11.887,-7.3489,6.8714,-14.365,8.5356,7.1003,-1.1478,-12.839,5.0889,1.4714,-0.084351,-2.8581,4.3337,-15.43,8.5419,8.3718,3.2251,3.8708,-3.1202,-3.7281,-1.5622,3.7103,0,5.9028,0.83668,2.8438,2.3141,4.4353,1.5791,-0.81016,6.1196,14.199,0.56058,5.3562,-4.6198,-4.0997,-10.882,5.6143,-3.4643,-12.605,-12.171,-6.2819,0.0052044,8.4849,2.5614,-1.8494,4.3049,2.4988,13.384,-0.24499,-10.588,-4.3106,9.4453,12.602,-12.769,-15.05,4.2542,4.4301,-5.1847,0.88303,7.2161,12.238,-2.4978,-3.8208,-5.5138,-28.633,3.1033,-0.26502,-7.6721,-11.464,-6.3365,2.1785,-0.54402,-15.667,16.653,1.2272,-10.513,5.9028,0,-2.4882,-1.1076,-0.86595,15.207,-8.6358,-7.8709,5.7529,19.005,-0.78379,-5.6558,-0.93426,-5.7481,9.9291,7.6,-8.6548,7.1603,-0.91782,10.052,27.071,13.573,16.061,22.737,6.6504,6.3113,8.3996,20.663,5.0103,-14.901,1.8203,7.6966,-10.291,7.1955,-10.374,-4.7086,-11.163,8.7542,-2.7125,7.4599,-12.457,14.994,9.3299,2.7268,-24.025,-0.4526,-2.9643,5.012,3.3852,1.3905,17.407,-6.7033,1.9414,8.3141,-12.957,0.83668,-2.4882,0,2.8646,3.3145,0.24333,-9.0349,7.2253,-0.73214,2.8164,4.6754,7.8256,-7.3816,7.8975,-4.1445,-3.4193,-5.3869,-1.2135,4.1808,6.1188,1.2893,-3.3605,-2.8885,3.329,-5.1918,2.8989,9.9383,3.2761,-1.0065,1.4732,-4.8833,-3.3532,-5.6792,-0.88049,2.9867,3.4687,2.4398,1.0506,-5.4734,10.967,-7.6906,-7.6276,0.74581,7.8714,-3.9274,-4.1752,-2.5883,8.7946,19.494,10.22,-3.0095,2.3328,8.6583,4.5945,-6.579,2.8438,-1.1076,2.8646,0,-8.8074,11.169,-14.831,-0.9167,7.9247,10.9,14.151,10.152,7.5518,-13.136,7.5414,-6.1429,19.482,2.9321,-8.4993,7.4633,5.0605,-11.151,13.111,-6.3204,20.08,10.849,-8.042,-1.1123,8.8113,6.788,-4.054,7.8629,2.3419,8.2534,-21.169,-24.207,-14.663,4.1729,13.767,-12.93,-11.2,12.441,22.819,-4.6055,-12.402,7.2304,-5.6238,7.9515,3.2615,-11.51,20.009,8.9804,-1.5698,-18.388,7.5969,2.3141,-0.86595,3.3145,-8.8074,0,3.1412,9.7969,9.0815,11.299,-2.3264,-18.422,-4.9886,4.2104,25.664,-12.745,25.152,-12.85,2.472,-5.7883,-5.0186,-3.1177,9.7337,-11.1,2.1236,9.2247,6.0003,9.8604,-0.6656,-0.39841,1.5479,2.942,8.9415,-12.688,-3.2188,-2.288,-4.6308,-4.8485,-0.96781,4.7475,10.33,-11.221,-3.4174,4.0103,-11.304,-5.7555,-3.2859,-11.53,2.3684,8.2654,5.3809,4.5629,-1.6334,24.859,-3.0652,-8.4427,4.4353,15.207,0.24333,11.169,3.1412,0,-11.072,0.43138,18.538,22.329,2.2582,1.3685,8.1063,-4.4631,9.5884,10.769,1.6618,14.633,-7.9314,14.225,21.355,6.3447,15.233,8.0553,-0.21105,-4.8895,-29.276,-4.7525,7.6403,8.4009,-8.5488,-10.483,10.455,5.5828,-7.8966,-4.8855,1.1356,-5.8335,1.9154,-33.36,5.6871,6.9772,1.7177,3.6089,3.8044,0.96646,-1.9019,5.1917,-3.051,-4.6384,1.4377,12.278,-19.09,-9.888,27.552,1.5791,-8.6358,-9.0349,-14.831,9.7969,-11.072,0,7.9099,-4.2689,-13.03,-9.8138,-1.2432,-3.0875,8.8135,-15.553,7.0817,-3.5791,-6.2417,0.66972,-15.313,-17.108,7.9073,-21.617,-9.6899,8.5101,-6.4447,-11.677,7.8944,33.832,-4.8356,-2.5597,-6.214,-6.2823,21.927,-20.264,-12.156,-0.47289,-10.234,-9.1709,-6.1643,-3.4566,19.381,6.5899,4.3728,-14.014,-13.413,-12.43,14.445,4.4359,8.5812,15.44,7.8141,-3.7175,1.4904,2.8591,-0.81016,-7.8709,7.2253,-0.9167,9.0815,0.43138,7.9099,0,-2.2422,-2.765,4.3131,16.031,-7.3358,8.4911,-7.3137,4.0161,1.473,4.6525,6.5789,4.3568,-5.1535,5.9751,-15.069,-8.0938,9.5546,19.879,4.8566,-4.4643,-2.0448,13.277,-5.812,9.5459,-0.33225,-2.2995,-5.8149,-10.014,-11.534,8.2208,16.797,-0.3399,-18.251,-3.3551,15.733,-4.5214,-7.1957,9.2962,-4.6041,7.5277,14.877,-6.5756,6.3501,6.8958,10.209,-16.637,1.1823,6.1196,5.7529,-0.73214,7.9247,11.299,18.538,-4.2689,-2.2422,0,10.327,-8.522,-5.3304,18.963,3.0823,-0.39651,16.934,-0.82516,5.3722,-23.191,0.085721,6.5895,1.7237,7.5997,3.0395,0.57703,5.6264,17.89,7.7016,-7.1616,-3.7776,-0.39103,5.7577,-20.469,-11.576,-0.94461,5.1576,-8.2197,3.3682,3.3743,14.6,-12.152,-1.301,-1.3051,-9.2636,-4.0222,-2.4915,-15.361,1.3157,6.5926,9.1291,2.7075,-9.8815,14.804,3.5809,-10.689,14.199,19.005,2.8164,10.9,-2.3264,22.329,-13.03,-2.765,10.327,0,6.8191,4.9278,-0.34584,-9.9402,5.7777,4.665,-0.23148,3.4175,-7.2217,10.429,19.048,7.2983,17.896,8.0652,-9.7123,-12.113,6.2846,10.544,2.4962,-12.942,1.8309,-9.5833,-12.883,0.75128,4.3395,10.988,9.3065,-8.2046,-24.409,13.86,2.7558,-0.80157,-11.681,6.2763,-0.47433,-19.265,-5.386,2.3101,3.2466,30.281,-4.3836,-6.2275,3.359,25.076,-10.37,0.56058,-0.78379,4.6754,14.151,-18.422,2.2582,-9.8138,4.3131,-8.522,6.8191,0,21.894,-8.9238,-16.74,8.3998,-16.518,14.826,1.4947,7.5721,12.521,4.0452,-4.9715,6.1319,-5.3263,-4.7149,-8.5222,-0.72525,16.435,10.865,-9.3874,-5.7021,-12.942,-12.779,7.203,-7.6944,2.8291,2.4622,-7.4492,-18.189,3.5057,-3.3629,9.3039,-2.4416,9.8628,-8.3045,-17.847,-13.417,13.685,8.665,24.63,4.8057,0.60918,-2.5132,13.133,-2.7468,5.3562,-5.6558,7.8256,10.152,-4.9886,1.3685,-1.2432,16.031,-5.3304,4.9278,21.894,0,-11.035,-5.9747,-2.4047,-7.0544,10.529,-1.2427,4.5223,6.6467,-2.3029,-0.25282,-3.1159,-11.48,4.4747,11.001,0.26382,-17.208,-2.692,21.074,-2.3993,5.2282,11.107,-0.15428,3.9539,-7.9401,0.54246,4.0751,10.672,-2.3664,-4.0564,-14.227,9.1557,0.42847,1.6127,9.9067,7.9183,2.0765,9.6643,-10.352,-3.7695,12.276,7.1966,-16.929,4.0632,-4.6198,-0.93426,-7.3816,7.5518,4.2104,8.1063,-3.0875,-7.3358,18.963,-0.34584,-8.9238,-11.035,0,0.75891,4.7989,6.9008,5.747,6.5566,-16.043,-2.4486,1.7672,-7.759,7.0207,-0.80084,17.99,7.7818,-8.6175,0.17778,9.888,1.5773,0.17025,8.5507,5.2953,12.662,-15.85,-22,-10.696,5.0735,8.4874,-11.787,-5.8833,14.571,19.286,-1.5002,-12.369,7.4861,1.483,3.7416,-1.8715,-14.718,18.426,6.1744,-4.8094,-10.808,4.7003,-4.0997,-5.7481,7.8975,-13.136,25.664,-4.4631,8.8135,8.4911,3.0823,-9.9402,-16.74,-5.9747,0.75891,0,-12.405,11.232,-14.729,0.72029,1.0657,-5.4383,-6.7646,3.771,-16.831,2.4567,0.37565,-6.7442,9.1429,-7.4635,-3.9103,-4.4254,18.402,5.06,-4.7374,-3.6192,17.26,4.4493,12.638,-8.0036,-6.1936,18.454,7.932,-15.481,-10.848,-8.3574,7.3826,-8.1028,4.4727,-13.318,-5.0764,6.6615,-10.521,-7.3847,20.503,7.5156,-14.62,-10.882,9.9291,-4.1445,7.5414,-12.745,9.5884,-15.553,-7.3137,-0.39651,5.7777,8.3998,-2.4047,4.7989,-12.405,0,-5.7419,7.2186,16.857,5.6352,18.952,18.419,-3.5583,18.449,9.1159,16.624,9.6931,-4.3711,-4.9584,3.2373,9.6191,-2.629,8.6034,-0.56239,0.65871,-12.426,-14.943,-12.18,1.6185,17.506,-8.299,-9.8046,4.9515,12.821,-11.848,-5.5969,5.753,-9.4343,4.2099,2.8054,-7.8689,11.333,6.1127,4.169,-20.487,6.5281,5.6143,7.6,-3.4193,-6.1429,25.152,10.769,7.0817,4.0161,16.934,4.665,-16.518,-7.0544,6.9008,11.232,-5.7419,0,-10.867,5.8705,-9.2864,-1.9626,3.8906,16.223,-2.3374,5.8152,-10.611,-7.7377,-1.7681,-3.2127,3.4467,4.2523,-4.7468,-15.222,2.1192,3.3809,6.9074,4.8368,15.82,-8.7032,-13.56,2.6597,4.3139,-10.371,-5.5598,14.028,4.3211,-9.336,1.8943,7.0527,11.014,11.865,-10.855,8.6506,0.60289,4.7261,1.5485,-3.4643,-8.6548,-5.3869,19.482,-12.85,1.6618,-3.5791,1.473,-0.82516,-0.23148,14.826,10.529,5.747,-14.729,7.2186,-10.867,0,2.2972,-2.2048,3.1014,-2.801,-12.919,4.7373,-16.087,15.47,-4.2451,0.32098,-7.8406,8.4834,-1.7694,16.208,8.0797,-5.4239,7.3998,1.1236,-10.647,6.193,-11.844,-2.8864,7.1424,1.8875,-3.4068,0.89715,-11.251,-2.4779,-9.8955,-1.9347,-4.2039,-2.045,3.9012,2.4186,0.89176,20.755,-0.80618,-8.5694,-12.605,7.1603,-1.2135,2.9321,2.472,14.633,-6.2417,4.6525,5.3722,3.4175,1.4947,-1.2427,6.5566,0.72029,16.857,5.8705,2.2972,0,5.207,20.707,14.999,3.4769,5.8041,8.2267,1.3504,-19.566,-3.529,3.5049,7.5907,-19.492,16.481,-1.4986,-4.7373,7.4197,2.7161,1.7424,10.189,-12.482,-16.364,4.3014,14.473,5.8672,-10.58,-2.7665,1.6276,-14.589,1.8674,-9.7135,-18.113,7.3071,-0.22376,-8.4494,-0.8321,15.698,-7.5286,-12.171,-0.91782,4.1808,-8.4993,-5.7883,-7.9314,0.66972,6.5789,-23.191,-7.2217,7.5721,4.5223,-16.043,1.0657,5.6352,-9.2864,-2.2048,5.207,0,9.3125,1.0957,2.1684,-6.0097,3.744,7.5771,-6.2451,9.0915,3.4429,4.827,-13.544,16.929,6.6263,-18.051,3.2021,2.1033,-1.4303,4.4285,-8.9122,-9.3432,20.541,-0.12467,-0.39395,-4.2697,-9.2508,-4.9147,-15.952,-5.9485,-4.6132,-2.0637,13.331,2.7612,-9.0154,22.42,11.479,-22.253,-6.2819,10.052,6.1188,7.4633,-5.0186,14.225,-15.313,4.3568,0.085721,10.429,12.521,6.6467,-2.4486,-5.4383,18.952,-1.9626,3.1014,20.707,9.3125,0,21.149,2.4181,10.168,9.5679,6.9087,1.3554,16.553,-0.11204,-5.6709,-6.7694,14.355,14.12,-15.413,-7.722,5.204,1.5105,-1.6143,-1.3802,2.0328,21.106,-3.0879,-5.2998,-3.9875,-20.464,-0.53502,-4.3839,-5.641,-9.6554,-3.1394,5.3474,0.2464,-13.569,33.554,4.3787,-19.147,0.0052044,27.071,1.2893,5.0605,-3.1177,21.355,-17.108,-5.1535,6.5895,19.048,4.0452,-2.3029,1.7672,-6.7646,18.419,3.8906,-2.801,14.999,1.0957,21.149,0,6.4759,20.719,20.366,7.818,-2.2521,-3.237,2.0219,2.2319,-2.3842,1.9683,3.053,-9.444,-3.1501,-8.7279,-2.8422,-6.7446,-5.2931,5.2076,-3.2211,-1.7061,9.0462,-1.1019,-16.908,-0.77787,-3.938,-17.651,-1.5725,-6.524,2.5367,7.5082,-4.3102,1.9463,-3.4168,2.2222,8.4849,13.573,-3.3605,-11.151,9.7337,6.3447,7.9073,5.9751,1.7237,7.2983,-4.9715,-0.25282,-7.759,3.771,-3.5583,16.223,-12.919,3.4769,2.1684,2.4181,6.4759,0,-2.6246,8.1874,-3.5802,3.8233,22.063,-2.4662,-15.122,-0.45738,5.5787,7.0783,-7.174,-15.624,13.693,9.3753,1.1322,3.1239,2.4895,20.703,-2.3185,-16.533,-6.6244,-7.9399,5.3009,0.61589,0.19929,-7.8037,2.2765,4.1967,-8.9634,-9.9411,19.588,3.9204,-13.039,2.5614,16.061,-2.8885,13.111,-11.1,15.233,-21.617,-15.069,7.5997,17.896,6.1319,-3.1159,7.0207,-16.831,18.449,-2.3374,4.7373,5.8041,-6.0097,10.168,20.719,-2.6246,0,9.698,10.198,4.787,12.637,-0.76771,-8.2149,-7.5291,17.763,26.293,-7.7354,-7.9846,3.7847,-0.63285,-6.5426,4.4407,8.4468,11.552,-1.4787,-1.0833,-1.1555,-28.325,-0.26681,3.5478,0.16806,-17.519,-12.052,-4.8987,2.9515,-17.484,15.238,1.0491,-14.597,-1.8494,22.737,3.329,-6.3204,2.1236,8.0553,-9.6899,-8.0938,3.0395,8.0652,-5.3263,-11.48,-0.80084,2.4567,9.1159,5.8152,-16.087,8.2267,3.744,9.5679,20.366,8.1874,9.698,0
