0,7.4591,-4.9649,-2.1031,-7.5251,2.3563,-11.875,-10.334,9.3773,7.6959,-2.9962,-5.7708,-10.179,4.3641,-11.211,-7.3175,5.185,-1.0545,2.177,12.231,-8.8168,0.83319,13.67,0.11333,0.21836,-12.919,11.079,1.9605,-5.8451,-1.0802,-8.0055,5.4433,7.6205,2.5945,1.802,1.8629,-1.4717,8.0263,-3.8906,-1.4486,-2.3537,-5.7123,24.366,4.5178,-7.2698,13.916,-3.5872,5.107,12.353,-1.9028,7.3185,-5.7132,-11.301,-3.8725,-7.0589,7.4591,0,-1.3643,10.912,-11.616,10.76,-9.3728,-11.324,13.285,-1.8206,1.2028,-10.619,1.9531,3.289,-0.98631,-20.338,-2.1318,7.2364,1.5054,14.308,-6.4708,8.1187,10.58,-10.992,-15.239,-11.869,14.366,0.23557,-2.4976,4.2593,-10.924,12.439,14.174,-3.3235,2.466,3.3995,5.2215,1.9246,-5.5043,-6.2406,-10.626,2.9648,8.0156,0.63659,6.327,-2.9493,7.5442,-5.2099,-1.0308,-9.4938,-1.2581,-2.5259,-6.1996,-10.858,0.32228,-4.9649,-1.3643,0,-6.9086,10.247,21.107,6.3852,-10.67,9.0798,-16.869,11.121,11.096,5.4693,16.02,-15.682,11.2,6.2027,-3.8303,-24.303,5.7517,-1.5155,4.5857,-12.289,-0.099904,13.215,2.5742,-0.10433,-9.8684,-8.9501,17.519,3.4779,10.833,1.0676,0.83185,18.746,-8.1456,-24.151,-25.623,-17.427,5.2081,0.447,-3.3411,1.385,-13.524,5.6361,5.7169,-16.931,4.2179,-3.8916,1.4902,-42.045,2.3633,4.471,-2.5644,0.54006,-2.1031,10.912,-6.9086,0,-13.442,-1.7754,-1.2875,3.0007,-6.1933,2.7883,0.73854,-11.151,-5.5907,-9.4408,12.847,-11.902,-13.251,11.664,16.809,-6.0879,1.9887,2.2342,9.9332,-5.514,-15.526,3.9238,1.4688,-1.9363,4.0743,-13.27,-8.319,-0.85506,-3.4493,-10.432,-13.721,6.1249,11.364,9.0496,13.366,-23.286,-23.531,27.447,-5.9142,-4.423,5.067,-9.6333,23.523,-7.7176,-13.173,-9.3505,2.8447,8.0877,2.5865,-7.0289,0.32549,-7.5251,-11.616,10.247,-13.442,0,0.18596,23.132,5.3939,4.0764,-2.5823,14.977,25.013,15.305,14.295,-3.4068,7.904,16.098,-19.819,-14.577,-3.6557,-0.16175,10.045,-16.575,14.677,18.634,-1.335,-18.564,-14.15,-2.9179,8.6505,28.983,-8.6327,-9.7832,-5.0809,6.9839,3.2917,-12.174,-5.8775,-6.4397,11.645,10.506,-12.184,-8.2465,-9.8035,10.768,8.9328,-11.149,14.837,5.4094,-2.5699,-7.788,-8.9295,4.5505,-4.8907,13.002,2.3563,10.76,21.107,-1.7754,0.18596,0,-2.6696,-19.674,18.057,-12.1,7.6057,3.2145,3.4856,15.321,-17.198,1.8505,5.0677,0.11173,-17.128,18.216,-2.5585,6.3551,-0.96446,-5.5489,3.3834,-5.3543,10.135,-4.2683,-13.338,18.684,-4.237,23.588,11.963,0.64211,22.199,-5.1927,-11.842,-16.602,-21.714,3.3516,-2.8621,-2.4311,8.7546,-8.2408,5.0189,2.992,-10.835,1.3125,-1.0671,-2.6556,-22.422,2.7671,-3.7582,-5.9226,-0.79796,-11.875,-9.3728,6.3852,-1.2875,23.132,-2.6696,0,12.312,-1.601,1.1244,21.161,20.173,11.476,8.0671,4.2334,4.5385,9.3928,-14.908,-5.0228,-11.185,4.4177,13.031,-10.048,17.396,11.851,2.1849,-32.659,-19.968,-2.1188,-0.048392,27.247,-14.548,-19.521,-15.812,-0.49931,9.6075,-5.6277,-0.24498,2.4176,2.5404,1.9649,-0.74151,-18.914,-18.164,17.23,3.728,-1.8009,13.442,-0.51174,-9.4477,-6.1556,-2.5589,6.1731,-9.8131,18.39,-10.334,-11.324,-10.67,3.0007,5.3939,-19.674,12.312,0,-14.723,13.687,2.1539,6.6667,3.4035,-8.1693,19.966,2.0263,0.7507,-7.3085,9.1938,-18.33,14.038,1.0468,0.62815,13.711,0.60819,3.8057,-20.925,-0.31419,3.2458,-13.391,13.641,-29.854,-14.833,-10.226,-11.802,13.136,11.654,11.346,18.738,1.3669,5.2468,3.5836,-22.716,-1.2984,3.956,-7.1102,8.3351,4.7174,1.4787,-5.261,10.261,2.7091,0.11958,0.1992,12.45,9.3773,13.285,9.0798,-6.1933,4.0764,18.057,-1.601,-14.723,0,-3.8526,9.1526,4.2187,9.4469,24.248,-14.877,-6.3923,14.577,-7.0093,-15.538,25.461,-8.4158,14.575,1.1321,-0.52116,2.6797,-21.301,7.0801,-5.9067,-11.131,19.802,1.2133,11.52,12.772,-1.521,18.375,2.3171,-8.0636,-5.5837,-24.267,7.637,2.033,-13.444,11.69,-3.5231,8.4011,9.47,-9.262,7.4842,10.087,-7.5335,-8.2051,-10.544,-8.5376,-12.238,4.815,7.6959,-1.8206,-16.869,2.7883,-2.5823,-12.1,1.1244,13.687,-3.8526,0,0.61712,2.3875,-4.261,-3.6393,6.8665,-4.2272,6.2062,-9.1356,11.155,-2.8753,9.1997,3.0943,17.486,14.54,-0.22129,-8.4024,-5.9176,2.6184,-5.4756,-14.213,5.0325,-13.734,-4.0523,-9.9735,-7.4698,20.387,12.837,24.675,12.408,1.2615,3.3575,-0.25167,-2.1936,1.5051,-0.88181,0.99476,5.2173,10.426,13.626,-10.284,19.142,0.90439,-14.713,-4.4906,7.5112,-2.9962,1.2028,11.121,0.73854,14.977,7.6057,21.161,2.1539,9.1526,0.61712,0,17.944,10.723,19.458,-3.2141,-0.32408,15.151,-15.542,-9.2916,0.24626,1.464,27.289,-3.0043,13.855,10.643,-6.1421,-12.537,-27.317,-11.199,5.005,15.706,-3.8841,-7.9904,-21.205,6.3659,12.151,-8.5198,-1.426,-4.6769,1.9352,-2.2235,-1.7861,-7.1053,-29.297,24.754,7.8375,-4.4302,18.203,2.5417,-18.976,-11.164,-2.7995,-0.68863,-23.344,18.468,-5.7708,-10.619,11.096,-11.151,25.013,3.2145,20.173,6.6667,4.2187,2.3875,17.944,0,10.724,15.031,-5.0758,11.909,21.539,-28.312,-14.749,-0.91752,8.5049,10.478,-6.9522,22.077,23.071,-3.3418,-16.327,-10.763,-13.187,6.8647,26.73,-6.7759,-7.2497,-8.8956,10.889,7.2228,-9.356,-5.1615,-5.505,14.908,11.675,-9.3137,-7.8414,-13.752,9.6633,6.5344,-13.973,22.369,8.639,-6.4368,-8.4533,-0.62054,-3.3752,-5.9177,15.97,-10.179,1.9531,5.4693,-5.5907,15.305,3.4856,11.476,3.4035,9.4469,-4.261,10.723,10.724,0,10.805,2.6779,-2.6997,10.234,-9.9623,-11.955,2.9809,0.086687,14.382,-9.8296,3.6567,1.1962,-7.8491,-7.7745,-6.5814,-0.87498,13.809,15.323,-2.8074,1.299,-5.5273,7.8762,5.8335,-0.98428,-5.5667,-8.6918,11.498,8.8243,-10.493,-8.663,-3.5198,18.832,-2.3673,-1.7111,4.6081,3.744,-6.8916,-6.2785,-10.51,0.49963,-7.5284,19.08,4.3641,3.289,16.02,-9.4408,14.295,15.321,8.0671,-8.1693,24.248,-3.6393,19.458,15.031,10.805,0,-16.203,0.8465,23.341,-15.552,-22.144,12.004,-4.9673,18.325,-4.3257,7.7383,13.399,-12.932,-2.2774,-14.747,-14.2,17.485,9.7703,4.7587,2.3642,-5.7764,19.021,3.7669,-16.19,-7.4381,-19.991,9.3966,3.6731,-13.414,4.7434,-12.367,11.997,15.044,-15.436,16.763,9.3938,-8.5837,-13.223,-8.6826,-4.4409,-14.096,9.0071,-11.211,-0.98631,-15.682,12.847,-3.4068,-17.198,4.2334,19.966,-14.877,6.8665,-3.2141,-5.0758,2.6779,-16.203,0,-7.0114,-9.8469,4.4759,17.358,-15.943,6.7241,-0.8814,2.0984,0.21268,-13.021,5.4426,-8.4808,2.8413,12.233,-14.496,2.5335,-14.771,-8.0923,-6.9782,-20.082,8.35,21.136,11.816,21.539,-7.0558,-2.9539,10.657,-18.619,3.3428,4.1676,-16.034,25.492,-6.7935,-6.7658,-4.0632,11.383,2.0729,4.3907,0.49478,6.577,-7.3175,-20.338,11.2,-11.902,7.904,1.8505,4.5385,2.0263,-6.3923,-4.2272,-0.32408,11.909,-2.6997,0.8465,-7.0114,0,2.5704,-4.9006,-9.3155,-3.9588,9.8467,-9.048,-9.188,5.5895,17.575,11.13,-4.9247,1.9527,-5.6422,3.2136,5.175,0.18914,-4.1689,6.1333,7.7511,-8.89,-10.196,-12.751,-2.582,9.5242,10.041,-2.3013,-2.872,-3.3727,-7.2927,0.8658,-16.201,3.5225,-0.65339,10.9,-8.3929,10.264,2.1516,12.08,-3.0641,5.185,-2.1318,6.2027,-13.251,16.098,5.0677,9.3928,0.7507,14.577,6.2062,15.151,21.539,10.234,23.341,-9.8469,2.5704,0,-34.321,-14.389,8.2923,1.6687,15.397,-0.2571,18.298,15.757,-16.769,-7.1041,-8.6659,-16.514,9.6,17.104,-3.1114,0.25557,-7.4432,13.763,10.456,-7.6028,-0.48234,-10.544,16.783,11.941,-18.694,1.8174,-7.5537,8.5385,13.041,-14.336,29.712,21.948,-9.7607,-3.2536,-8.2491,-11.261,-10.65,14.221,-1.0545,7.2364,-3.8303,11.664,-19.819,0.11173,-14.908,-7.3085,-7.0093,-9.1356,-15.542,-28.312,-9.9623,-15.552,4.4759,-4.9006,-34.321,0,10.118,-1.6163,-5.5547,-13.451,1.4164,-28.976,-17.616,10.864,14.226,9.1701,13.174,-4.5864,-26.104,9.4955,5.2805,10.111,-8.2689,-13.215,5.1945,-1.8285,4.3853,-15.569,-13.137,14.169,3.8872,8.6703,-8.8415,-10.132,11.063,-34.178,-18.458,9.8374,1.0804,5.9759,8.6332,8.9212,-17.959,2.177,1.5054,-24.303,16.809,-14.577,-17.128,-5.0228,9.1938,-15.538,11.155,-9.2916,-14.749,-11.955,-22.144,17.358,-9.3155,-14.389,10.118,0,-11.53,1.6779,-6.4033,11.479,-2.4377,-13.985,5.113,-0.099229,5.7015,10.663,-31.335,-7.671,-8.8672,-5.8712,-3.0041,-31.637,5.1394,18.273,21.076,28.54,-16.658,-10.089,15.165,-3.7226,6.2485,-5.3863,-7.0182,23.893,-7.6846,-5.3632,-1.4121,19.484,4.1317,1.458,1.9292,-4.2002,12.231,14.308,5.7517,-6.0879,-3.6557,18.216,-11.185,-18.33,25.461,-2.8753,0.24626,-0.91752,2.9809,12.004,-15.943,-3.9588,8.2923,-1.6163,-11.53,0,-4.4733,4.5073,6.0139,-5.4235,-0.90862,-17.732,17.104,3.9421,-12.056,16.644,-6.017,19.375,27.089,4.8046,19.437,-1.8579,-3.655,-6.3388,-21.324,8.6015,3.6406,-11.041,18.971,3.2029,-0.33008,4.0556,-9.2376,1.8211,10.141,-1.8804,-4.9835,-3.8354,-14.138,-3.623,-1.5164,-8.8168,-6.4708,-1.5155,1.9887,-0.16175,-2.5585,4.4177,14.038,-8.4158,9.1997,1.464,8.5049,0.086687,-4.9673,6.7241,9.8467,1.6687,-5.5547,1.6779,-4.4733,0,-1.8711,5.6454,8.8313,2.4016,2.7412,-6.5654,5.738,-9.3982,-5.3186,5.8465,-5.5739,-2.2659,-6.5431,0.98219,7.3884,8.5018,0.99733,7.5799,6.4556,6.8165,4.85,-11.487,-3.2248,0.24599,-12.091,0.2962,3.7133,1.7499,-3.9254,1.0384,17.911,-8.9155,3.077,8.1713,0.83319,8.1187,4.5857,2.2342,10.045,6.3551,13.031,1.0468,14.575,3.0943,27.289,10.478,14.382,18.325,-0.8814,-9.048,15.397,-13.451,-6.4033,4.5073,-1.8711,0,1.0657,9.7887,3.1628,-14.706,-7.698,-18.895,-8.6373,5.6804,12.273,-3.1781,-2.479,-20.757,5.0218,17.132,-2.6574,2.8981,-5.3668,1.9452,-2.1228,-4.37,-4.024,-14.899,30.105,6.359,-0.0048014,14.632,6.0676,-26.692,-5.2027,-8.618,-4.2721,-35.657,21.468,13.67,10.58,-12.289,9.9332,-16.575,-0.96446,-10.048,0.62815,1.1321,17.486,-3.0043,-6.9522,-9.8296,-4.3257,2.0984,-9.188,-0.2571,1.4164,11.479,6.0139,5.6454,1.0657,0,1.1011,-8.2269,-9.7192,7.6545,6.7849,-7.9546,-9.8252,-8.1493,1.2542,6.363,-5.8224,-3.7424,10.9,13.391,15.029,6.631,-4.396,-4.9111,5.2936,6.2995,2.8155,-3.3067,-2.3455,7.151,1.701,6.8586,-9.525,11.478,6.0231,-19.025,-4.8921,-0.19715,0.11333,-10.992,-0.099904,-5.514,14.677,-5.5489,17.396,13.711,-0.52116,14.54,13.855,22.077,3.6567,7.7383,0.21268,5.5895,18.298,-28.976,-2.4377,-5.4235,8.8313,9.7887,1.1011,0,16.279,-4.943,-20.526,-9.5883,-10.174,-3.8687,23.207,-16.644,-12.764,-14.092,0.8112,16.254,-2.1641,7.0206,3.7788,7.6625,7.7888,-5.6345,-7.8296,-10.552,6.6656,8.4393,-5.725,30.103,12.528,-10.526,2.4763,-1.3546,-6.2454,-7.9556,15.545,0.21836,-15.239,13.215,-15.526,18.634,3.3834,11.851,0.60819,2.6797,-0.22129,10.643,23.071,1.1962,13.399,-13.021,17.575,15.757,-17.616,-13.985,-0.90862,2.4016,3.1628,-8.2269,16.279,0,0.74858,-10.16,-9.6831,-10.658,5.4434,13.617,-3.3077,-7.9451,-1.6175,10.047,-0.51401,-19.189,-6.7315,-6.6093,10.252,8.6209,-9.2618,-0.17479,-10.925,0.6878,15.326,-23.174,18.808,7.2717,1.0029,-8.5123,-0.49637,-0.14126,-0.97255,3.4164,-12.919,-11.869,2.5742,3.9238,-1.335,-5.3543,2.1849,3.8057,-21.301,-8.4024,-6.1421,-3.3418,-7.8491,-12.932,5.4426,11.13,-16.769,10.864,5.113,-17.732,2.7412,-14.706,-9.7192,-4.943,0.74858,0,-3.7413,1.3796,10.831,-7.3994,-3.5805,-2.2314,-10.605,5.5318,-8.6001,-12.362,-2.3726,-5.5494,9.0976,-8.6426,-5.2226,13.533,-8.2937,-0.95742,-6.9331,-6.3814,2.8546,-10.687,-21.057,12.864,-3.5342,10.998,18.817,12.898,-9.5286,11.079,14.366,-0.10433,1.4688,-18.564,10.135,-32.659,-20.925,7.0801,-5.9176,-12.537,-16.327,-7.7745,-2.2774,-8.4808,-4.9247,-7.1041,14.226,-0.099229,17.104,-6.5654,-7.698,7.6545,-20.526,-10.16,-3.7413,0,12.549,-0.83894,5.4177,-26.964,25.305,25.043,13.417,5.4191,-10.84,1.1283,-4.4848,-8.1602,-2.3657,-4.1054,0.28492,21.68,10.881,-10.565,-2.226,-0.71715,-12.128,-1.007,6.8398,-0.53009,2.1132,-5.4308,5.3746,-15.891,1.9605,0.23557,-9.8684,-1.9363,-14.15,-4.2683,-19.968,-0.31419,-5.9067,2.6184,-27.317,-10.763,-6.5814,-14.747,2.8413,1.9527,-8.6659,9.1701,5.7015,3.9421,5.738,-18.895,6.7849,-9.5883,-9.6831,1.3796,12.549,0,3.0952,-2.2211,-11.535,4.9304,13.16,15.282,-0.95832,-6.8741,12.04,0.43217,2.566,4.2052,7.1938,-0.35623,5.7175,24.775,-18.454,-12.164,2.2721,-12.541,1.9589,12.112,9.809,6.2471,-7.0531,19.423,-9.9381,-5.8451,-2.4976,-8.9501,4.0743,-2.9179,-13.338,-2.1188,3.2458,-11.131,-5.4756,-11.199,-13.187,-0.87498,-14.2,12.233,-5.6422,-16.514,13.174,10.663,-12.056,-9.3982,-8.6373,-7.9546,-10.174,-10.658,10.831,-0.83894,3.0952,0,-6.4348,-4.4484,-5.3833,-5.1602,7.375,-16.798,-7.2405,5.0466,3.2444,8.5489,-9.7575,-4.4348,4.8369,-4.3357,10.295,-3.8825,-5.1376,12.699,-15.869,-11.349,9.8574,7.2954,-6.2519,18.418,7.9839,-7.116,-1.0802,4.2593,17.519,-13.27,8.6505,18.684,-0.048392,-13.391,19.802,-14.213,5.005,6.8647,13.809,17.485,-14.496,3.2136,9.6,-4.5864,-31.335,16.644,-5.3186,5.6804,-9.8252,-3.8687,5.4434,-7.3994,5.4177,-2.2211,-6.4348,0,2.7883,13.505,12.274,5.9243,27.507,-6.8555,-12.399,-20.409,-38.792,14.019,8.2083,-15.179,6.438,-1.229,5.0654,3.7049,-15.161,1.8935,4.0583,2.2725,-16.086,-6.8817,-1.4638,-1.428,2.2506,-8.0055,-10.924,3.4779,-8.319,28.983,-4.237,27.247,13.641,1.2133,5.0325,15.706,26.73,15.323,9.7703,2.5335,5.175,17.104,-26.104,-7.671,-6.017,5.8465,12.273,-8.1493,23.207,13.617,-3.5805,-26.964,-11.535,-4.4484,2.7883,0,-15.843,-11.683,-11.241,2.9949,11.533,-3.6049,0.76172,-0.35585,11.412,11.286,-9.0872,-13.598,-9.4975,12.995,4.6096,-5.3936,18.274,8.1346,-8.0109,-1.9599,-6.2288,-0.17831,-7.0827,22.5,5.4433,12.439,10.833,-0.85506,-8.6327,23.588,-14.548,-29.854,11.52,-13.734,-3.8841,-6.7759,-2.8074,4.7587,-14.771,0.18914,-3.1114,9.4955,-8.8672,19.375,-5.5739,-3.1781,1.2542,-16.644,-3.3077,-2.2314,25.305,4.9304,-5.3833,13.505,-15.843,0,20.656,10.215,13.851,-13.21,-6.6661,-14.514,-16.554,0.28839,-3.8342,-0.61328,16.246,2.0617,-4.3375,-0.45735,-6.7717,-7.9758,-3.4118,5.3488,-11.743,3.6097,-2.6928,2.3787,-10.996,7.6205,14.174,1.0676,-3.4493,-9.7832,11.963,-19.521,-14.833,12.772,-4.0523,-7.9904,-7.2497,1.299,2.3642,-8.0923,-4.1689,0.25557,5.2805,-5.8712,27.089,-2.2659,-2.479,6.363,-12.764,-7.9451,-10.605,25.043,13.16,-5.1602,12.274,-11.683,20.656,0,10.364,12.364,-5.6186,2.5483,-6.303,-13.563,6.8554,4.0001,-6.7384,15.647,10.956,-4.9504,-4.0623,-3.6653,-6.7163,5.2699,3.2453,-1.4165,-0.59849,-11.545,3.3165,-5.3534,2.5945,-3.3235,0.83185,-10.432,-5.0809,0.64211,-15.812,-10.226,-1.521,-9.9735,-21.205,-8.8956,-5.5273,-5.7764,-6.9782,6.1333,-7.4432,10.111,-3.0041,4.8046,-6.5431,-20.757,-5.8224,-14.092,-1.6175,5.5318,13.417,15.282,7.375,5.9243,-11.241,10.215,10.364,0,3.5594,-26.036,-3.5661,-9.4373,-6.5286,3.9572,6.1161,-5.7064,11.923,18.377,-20.636,-0.77058,-6.4282,-12.747,-1.3931,33.01,0.5298,-1.1461,3.5878,23.607,-20.68,1.802,2.466,18.746,-13.721,6.9839,22.199,-0.49931,-11.802,18.375,-7.4698,6.3659,10.889,7.8762,19.021,-20.082,7.7511,13.763,-8.2689,-31.637,19.437,0.98219,5.0218,-3.7424,0.8112,10.047,-8.6001,5.4191,-0.95832,-16.798,27.507,2.9949,13.851,12.364,3.5594,0,-4.054,-12.399,-17.71,-29.568,17.316,9.677,-13.572,7.8957,-3.9008,2.5734,4.7933,-22.52,6.7379,7.8917,0.2714,-15.716,-0.55899,-8.092,-1.5628,2.585,1.8629,3.3995,-8.1456,6.1249,3.2917,-5.1927,9.6075,13.136,2.3171,20.387,12.151,7.2228,5.8335,3.7669,8.35,-8.89,10.456,-13.215,5.1394,-1.8579,7.3884,17.132,10.9,16.254,-0.51401,-12.362,-10.84,-6.8741,-7.2405,-6.8555,11.533,-13.21,-5.6186,-26.036,-4.054,0,9.5254,16.692,7.2645,0.82097,0.17046,0.038403,-8.0886,-7.1779,13.472,0.46711,6.8722,14.079,9.6868,-28.365,7.6175,-2.4214,-10.705,-17.544,22.038,-1.4717,5.2215,-24.151,11.364,-12.174,-11.842,-5.6277,11.654,-8.0636,12.837,-8.5198,-9.356,-0.98428,-16.19,21.136,-10.196,-7.6028,5.1945,18.273,-3.655,8.5018,-2.6574,13.391,-2.1641,-19.189,-2.3726,1.1283,12.04,5.0466,-12.399,-3.6049,-6.6661,2.5483,-3.5661,-12.399,9.5254,0,15.066,15.045,-3.4292,-0.48583,6.914,-5.9121,10.07,-1.1043,-17.131,20.599,-7.0177,0.52037,-4.5783,18.117,3.6095,-6.7871,1.5781,3.5807,8.0263,1.9246,-25.623,9.0496,-5.8775,-16.602,-0.24498,11.346,-5.5837,24.675,-1.426,-5.1615,-5.5667,-7.4381,11.816,-12.751,-0.48234,-1.8285,21.076,-6.3388,0.99733,2.8981,15.029,7.0206,-6.7315,-5.5494,-4.4848,0.43217,3.2444,-20.409,0.76172,-14.514,-6.303,-9.4373,-17.71,16.692,15.066,0,17.582,-7.5575,-4.1903,4.1112,-2.1962,3.0972,0.11167,0.89883,14.296,3.8405,5.9447,-9.5881,25.128,-3.2056,-5.6608,-6.0418,3.9686,-3.8906,-5.5043,-17.427,13.366,-6.4397,-21.714,2.4176,18.738,-24.267,12.408,-4.6769,-5.505,-8.6918,-19.991,21.539,-2.582,-10.544,4.3853,28.54,-21.324,7.5799,-5.3668,6.631,3.7788,-6.6093,9.0976,-8.1602,2.566,8.5489,-38.792,-0.35585,-16.554,-13.563,-6.5286,-29.568,7.2645,15.045,17.582,0,-11.864,-6.1544,15.472,-11.715,1.4492,-2.7914,-7.7048,17.962,-3.2815,-5.7353,-2.166,14.989,6.9935,3.1847,2.2944,0.44196,-1.4486,-6.2406,5.2081,-23.286,11.645,3.3516,2.5404,1.3669,7.637,1.2615,1.9352,14.908,11.498,9.3966,-7.0558,9.5242,16.783,-15.569,-16.658,8.6015,6.4556,1.9452,-4.396,7.6625,10.252,-8.6426,-2.3657,4.2052,-9.7575,14.019,11.412,0.28839,6.8554,3.9572,17.316,0.82097,-3.4292,-7.5575,-11.864,0,34.944,-22.861,1.057,3.0947,0.15401,1.5662,-16.185,9.021,16.478,2.0932,-2.5758,-3.7575,-10.072,3.567,7.5642,-2.3537,-10.626,0.447,-23.531,10.506,-2.8621,1.9649,5.2468,2.033,3.3575,-2.2235,11.675,8.8243,3.6731,-2.9539,10.041,11.941,-13.137,-10.089,3.6406,6.8165,-2.1228,-4.9111,7.7888,8.6209,-5.2226,-4.1054,7.1938,-4.4348,8.2083,11.286,-3.8342,4.0001,6.1161,9.677,0.17046,-0.48583,-4.1903,-6.1544,34.944,0,-20.464,-0.6745,7.2056,-3.294,0.18854,-11.968,6.6005,15.44,5.3426,2.3014,-4.1321,-7.5718,7.8432,5.5691,-5.7123,2.9648,-3.3411,27.447,-12.184,-2.4311,-0.74151,3.5836,-13.444,-0.25167,-1.7861,-9.3137,-10.493,-13.414,10.657,-2.3013,-18.694,14.169,15.165,-11.041,4.85,-4.37,5.2936,-5.6345,-9.2618,13.533,0.28492,-0.35623,4.8369,-15.179,-9.0872,-0.61328,-6.7384,-5.7064,-13.572,0.038403,6.914,4.1112,15.472,-22.861,-20.464,0,-7.3707,-5.0245,-0.15476,-10.366,15.287,-9.7226,-20.463,-2.2561,0.088105,15.835,6.7219,-0.18184,-4.2928,24.366,8.0156,1.385,-5.9142,-8.2465,8.7546,-18.914,-22.716,11.69,-2.1936,-7.1053,-7.8414,-8.663,4.7434,-18.619,-2.872,1.8174,3.8872,-3.7226,18.971,-11.487,-4.024,6.2995,-7.8296,-0.17479,-8.2937,21.68,5.7175,-4.3357,6.438,-13.598,16.246,15.647,11.923,7.8957,-8.0886,-5.9121,-2.1962,-11.715,1.057,-0.6745,-7.3707,0,7.6354,-11.118,10.269,-8.2723,-1.2304,7.1266,5.7518,0.51663,-4.2411,-7.1788,2.1867,-14.128,4.5178,0.63659,-13.524,-4.423,-9.8035,-8.2408,-18.164,-1.2984,-3.5231,1.5051,-29.297,-13.752,-3.5198,-12.367,3.3428,-3.3727,-7.5537,8.6703,6.2485,3.2029,-3.2248,-14.899,2.8155,-10.552,-10.925,-0.95742,10.881,24.775,10.295,-1.229,-9.4975,2.0617,10.956,18.377,-3.9008,-7.1779,10.07,3.0972,1.4492,3.0947,7.2056,-5.0245,7.6354,0,-15.914,-6.0255,3.7105,-12.525,3.5971,13.487,14.261,-4.0515,-2.5999,16.005,-10.253,-7.2698,6.327,5.6361,5.067,10.768,5.0189,17.23,3.956,8.4011,-0.88181,24.754,9.6633,18.832,11.997,4.1676,-7.2927,8.5385,-8.8415,-5.3863,-0.33008,0.24599,30.105,-3.3067,6.6656,0.6878,-6.9331,-10.565,-18.454,-3.8825,5.0654,12.995,-4.3375,-4.9504,-20.636,2.5734,13.472,-1.1043,0.11167,-2.7914,0.15401,-3.294,-0.15476,-11.118,-15.914,0,0.17575,3.3943,8.1664,-0.6407,-20.853,-7.7308,-5.5782,1.2108,-23.276,23.543,13.916,-2.9493,5.7169,-9.6333,8.9328,2.992,3.728,-7.1102,9.47,0.99476,7.8375,6.5344,-2.3673,15.044,-16.034,0.8658,13.041,-10.132,-7.0182,4.0556,-12.091,6.359,-2.3455,8.4393,15.326,-6.3814,-2.226,-12.164,-5.1376,3.7049,4.6096,-0.45735,-4.0623,-0.77058,4.7933,0.46711,-17.131,0.89883,-7.7048,1.5662,0.18854,-10.366,10.269,-6.0255,0.17575,0,-12.514,14.901,9.4401,-1.5002,-2.1904,-11.21,-0.19302,-7.0352,-1.4161,-3.5872,7.5442,-16.931,23.523,-11.149,-10.835,-1.8009,8.3351,-9.262,5.2173,-4.4302,-13.973,-1.7111,-15.436,25.492,-16.201,-14.336,11.063,23.893,-9.2376,0.2962,-0.0048014,7.151,-5.725,-23.174,2.8546,-0.71715,2.2721,12.699,-15.161,-5.3936,-6.7717,-3.6653,-6.4282,-22.52,6.8722,20.599,14.296,17.962,-16.185,-11.968,15.287,-8.2723,3.7105,3.3943,-12.514,0,-10.534,-9.1452,-5.7393,11.313,1.161,3.8479,-2.8932,1.5468,5.107,-5.2099,4.2179,-7.7176,14.837,1.3125,13.442,4.7174,7.4842,10.426,18.203,22.369,4.6081,16.763,-6.7935,3.5225,29.712,-34.178,-7.6846,1.8211,3.7133,14.632,1.701,30.103,18.808,-10.687,-12.128,-12.541,-15.869,1.8935,18.274,-7.9758,-6.7163,-12.747,6.7379,14.079,-7.0177,3.8405,-3.2815,9.021,6.6005,-9.7226,-1.2304,-12.525,8.1664,14.901,-10.534,0,16.402,-12.372,-1.4138,-4.3721,-8.8444,-12.476,13.849,12.353,-1.0308,-3.8916,-13.173,5.4094,-1.0671,-0.51174,1.4787,10.087,13.626,2.5417,8.639,3.744,9.3938,-6.7658,-0.65339,21.948,-18.458,-5.3632,10.141,1.7499,6.0676,6.8586,12.528,7.2717,-21.057,-1.007,1.9589,-11.349,4.0583,8.1346,-3.4118,5.2699,-1.3931,7.8917,9.6868,0.52037,5.9447,-5.7353,16.478,15.44,-20.463,7.1266,3.5971,-0.6407,9.4401,-9.1452,16.402,0,-5.0683,7.344,-8.5466,-19.707,-3.7231,7.0995,-1.9028,-9.4938,1.4902,-9.3505,-2.5699,-2.6556,-9.4477,-5.261,-7.5335,-10.284,-18.976,-6.4368,-6.8916,-8.5837,-4.0632,10.9,-9.7607,9.8374,-1.4121,-1.8804,-3.9254,-26.692,-9.525,-10.526,1.0029,12.864,6.8398,12.112,9.8574,2.2725,-8.0109,5.3488,3.2453,33.01,0.2714,-28.365,-4.5783,-9.5881,-2.166,2.0932,5.3426,-2.2561,5.7518,13.487,-20.853,-1.5002,-5.7393,-12.372,-5.0683,0,-0.13302,1.6287,8.4462,31.42,-20.048,7.3185,-1.2581,-42.045,2.8447,-7.788,-22.422,-6.1556,10.261,-8.2051,19.142,-11.164,-8.4533,-6.2785,-13.223,11.383,-8.3929,-3.2536,1.0804,19.484,-4.9835,1.0384,-5.2027,11.478,2.4763,-8.5123,-3.5342,-0.53009,9.809,7.2954,-16.086,-1.9599,-11.743,-1.4165,0.5298,-15.716,7.6175,18.117,25.128,14.989,-2.5758,2.3014,0.088105,0.51663,14.261,-7.7308,-2.1904,11.313,-1.4138,7.344,-0.13302,0,-3.7507,-5.6816,3.5559,-1.1341,-5.7132,-2.5259,2.3633,8.0877,-8.9295,2.7671,-2.5589,2.7091,-10.544,0.90439,-2.7995,-0.62054,-10.51,-8.6826,2.0729,10.264,-8.2491,5.9759,4.1317,-3.8354,17.911,-8.618,6.0231,-1.3546,-0.49637,10.998,2.1132,6.2471,-6.2519,-6.8817,-6.2288,3.6097,-0.59849,-1.1461,-0.55899,-2.4214,3.6095,-3.2056,6.9935,-3.7575,-4.1321,15.835,-4.2411,-4.0515,-5.5782,-11.21,1.161,-4.3721,-8.5466,1.6287,-3.7507,0,-2.4688,6.2098,-4.0224,-11.301,-6.1996,4.471,2.5865,4.5505,-3.7582,6.1731,0.11958,-8.5376,-14.713,-0.68863,-3.3752,0.49963,-4.4409,4.3907,2.1516,-11.261,8.6332,1.458,-14.138,-8.9155,-4.2721,-19.025,-6.2454,-0.14126,18.817,-5.4308,-7.0531,18.418,-1.4638,-0.17831,-2.6928,-11.545,3.5878,-8.092,-10.705,-6.7871,-5.6608,3.1847,-10.072,-7.5718,6.7219,-7.1788,-2.5999,1.2108,-0.19302,3.8479,-8.8444,-19.707,8.4462,-5.6816,-2.4688,0,4.0065,-5.4731,-3.8725,-10.858,-2.5644,-7.0289,-4.8907,-5.9226,-9.8131,0.1992,-12.238,-4.4906,-23.344,-5.9177,-7.5284,-14.096,0.49478,12.08,-10.65,8.9212,1.9292,-3.623,3.077,-35.657,-4.8921,-7.9556,-0.97255,12.898,5.3746,19.423,7.9839,-1.428,-7.0827,2.3787,3.3165,23.607,-1.5628,-17.544,1.5781,-6.0418,2.2944,3.567,7.8432,-0.18184,2.1867,16.005,-23.276,-7.0352,-2.8932,-12.476,-3.7231,31.42,3.5559,6.2098,4.0065,0,-15.04,-7.0589,0.32228,0.54006,0.32549,13.002,-0.79796,18.39,12.45,4.815,7.5112,18.468,15.97,19.08,9.0071,6.577,-3.0641,14.221,-17.959,-4.2002,-1.5164,8.1713,21.468,-0.19715,15.545,3.4164,-9.5286,-15.891,-9.9381,-7.116,2.2506,22.5,-10.996,-5.3534,-20.68,2.585,22.038,3.5807,3.9686,0.44196,7.5642,5.5691,-4.2928,-14.128,-10.253,23.543,-1.4161,1.5468,13.849,7.0995,-20.048,-1.1341,-4.0224,-5.4731,-15.04,0
