0,-4.3198,-8.3348,-6.1471,11.249,5.9034,-21.817,-19.609,3.4394,19.399,-3.638,2.1676,-2.508,-9.82,-6.2609,-16.725,-4.9915,7.4367,-1.2529,12.698,-1.895,-6.6745,8.122,9.1551,4.5128,1.1082,0.50747,2.6341,4.7201,-1.1754,7.6335,7.982,4.7609,21.833,-12.702,12.71,-4.9794,-13.003,8.032,-3.0479,10.826,-2.8984,-10.867,-10.554,5.8095,3.1831,-5.5376,7.4866,4.6022,-5.1553,1.2529,7.9896,1.9159,-10.587,-34.723,-4.3198,0,-17.369,-14.583,-11.043,-6.292,-6.0035,-7.3395,0.83002,0.26289,-8.9202,-5.6716,-10.403,-8.7736,6.2914,-9.0343,-22.795,13.767,-4.5819,-4.8606,-4.6095,28.639,-27.396,0.89031,12.95,8.5091,-1.6709,9.8849,16.112,4.8323,5.2607,-13.146,-2.4172,3.151,14.714,-11.599,19.421,0.76049,-4.9112,13.074,5.6879,-8.5508,-0.15994,15.837,-18.811,24.163,-11.654,10.046,10.219,16.816,-11.414,-6.1042,-0.45717,15.983,7.7466,-8.3348,-17.369,0,18.124,0.77019,4.0502,21.105,20.096,-0.14342,-9.0909,5.8588,-0.98713,10.097,19.374,2.97,22.575,30.802,-11.936,2.6335,-2.5998,2.1418,-14.396,10.597,-11.749,-18.005,-15.511,4.3473,-11.03,-25.631,-7.2067,-15.62,6.5056,2.5972,-15.211,0.26676,1.3243,-8.6612,9.0154,-5.9321,-10.49,-11.485,11.595,8.433,-6.3983,9.9988,-29.15,8.9726,-16.6,-10.625,-6.5018,7.6197,5.5615,-5.7995,-9.0541,5.1987,-6.1471,-14.583,18.124,0,-4.6244,-5.0104,18.04,19.974,-10.33,-4.0399,-1.2613,-1.3377,-2.2962,18.155,3.1983,23.6,26.546,-22.921,12.743,-4.7249,-6.1833,-9.7999,11.766,-6.6729,-25.854,-12.682,10.584,-14.704,-16.057,-6.7825,-19.441,16.095,-6.8217,-5.2507,-1.8331,8.9943,-5.7074,11.33,6.2042,-19.911,-12.602,28.11,17.835,-8.4542,12.126,-19.773,20.616,-23.582,-22.873,-9.4906,18.464,7.322,-7.6598,-3.8242,3.8013,11.249,-11.043,0.77019,-4.6244,0,21.768,-10.062,-9.5554,12.663,1.743,17.752,20.563,15.199,-0.87711,-16.741,-8.3269,0.43713,-1.8675,-1.685,21.365,19.941,-14.867,5.9011,15.011,4.6698,2.8859,-17.017,-2.2049,-5.6413,7.9089,11.939,3.0634,2.5139,-0.58766,-17.327,9.2087,-24.399,-5.1801,4.7872,-2.341,3.3241,-10.917,-18.35,-10.573,3.3367,-6.5837,-1.3927,11.099,1.9685,-12.658,-3.3773,-6.2192,18.615,-12.063,-14.509,5.9034,-6.292,4.0502,-5.0104,21.768,0,-5.9834,-7.0394,14.033,1.8443,12.806,12.038,13.048,5.8356,-4.1563,-5.0522,1.474,1.7349,0.1822,25.079,15.409,-14.56,-0.46246,7.3915,0.91159,-5.3181,-14.657,-7.2883,-11.02,10.355,3.8808,0.41695,0.77258,-4.3884,-7.9705,6.2029,-18.206,2.1451,-3.4258,-4.003,-2.1309,-9.577,-15.007,-11.683,2.527,-7.677,-8.7734,9.8714,0.0595,-10.622,-10.552,-3.7547,12.392,-8.0804,-9.542,-21.817,-6.0035,21.105,18.04,-10.062,-5.9834,0,52.06,-7.8468,-12.685,1.8061,-5.7831,3.1742,15.894,8.1449,42.665,18.886,-12.663,4.4438,-12.84,-2.376,-2.4127,3.5218,-16.763,-16.445,-9.7688,7.492,-8.0136,-11.917,-5.9712,-18.222,0.37687,-2.0684,-16.746,6.4987,-5.4854,0.88,11.229,-6.4209,-4.5896,-15.412,13.615,15.847,1.8446,4.965,-12.409,10.94,-22.414,-11.403,-0.53941,6.5489,2.2032,-8.7953,2.5298,16.858,-19.609,-7.3395,20.096,19.974,-9.5554,-7.0394,52.06,0,-9.9556,-11.291,2.1315,-5.2714,2.8114,14.932,7.1697,47.835,20.331,-14.696,5.697,-12.853,-2.5964,-3.1031,5.2961,-15.461,-17.617,-9.0619,8.0112,-8.4658,-11.164,-5.8391,-17.507,1.1372,-2.8026,-14.622,4.2756,-4.238,0.19996,9.6484,-4.3261,-5.0643,-16.086,14.808,15.402,0.90949,6.6658,-12.463,12.977,-24.894,-12.872,-1.9505,7.8766,2.4253,-8.3607,2.7199,14.849,3.4394,0.83002,-0.14342,-10.33,12.663,14.033,-7.8468,-9.9556,0,-7.456,7.6078,9.6108,11.976,-3.2214,-11.488,-10.442,-6.7056,6.8026,-15.523,7.5369,13.604,-0.90272,-4.7446,7.1828,13.494,5.6179,-14.305,7.8743,-2.3494,0.57681,11.285,-1.6851,10.236,-5.9977,3.4284,-2.3676,-5.411,-0.34254,-5.1543,4.2704,12.846,-14.865,-7.6923,3.6826,-12.118,-1.6999,-5.9067,15.593,14.01,4.7424,-4.7736,-7.5619,8.7688,-12.125,-1.1744,19.399,0.26289,-9.0909,-4.0399,1.743,1.8443,-12.685,-11.291,-7.456,0,-9.1646,-5.3885,-9.9658,-5.1883,6.071,-8.9281,-3.4026,7.9497,7.1083,9.2148,-9.2038,-4.0737,4.076,2.3874,-2.1715,-5.1586,6.354,-3.5394,5.7161,2.5273,-0.43114,3.6238,-2.3179,26.665,-10.243,9.9839,0.4421,-8.5361,4.7309,-3.6169,0.21524,1.8288,-7.713,-12.363,10.848,6.7257,-9.6197,1.7077,-1.9117,-6.3071,-3.4815,12.289,-2.9833,1.0765,-21.688,-3.638,-8.9202,5.8588,-1.2613,17.752,12.806,1.8061,2.1315,7.6078,-9.1646,0,19.505,25.616,3.4112,-12.731,1.7506,4.1023,-8.0382,-1.2015,7.7174,36.458,-9.1632,2.2614,7.5005,2.2518,4.5558,-20.815,-3.0677,-7.3084,10.273,8.3989,-4.8172,-0.077369,-13.471,-10.048,-0.52321,-17.862,-0.66687,-0.22397,2.402,-4.237,-10.478,-11.297,-2.5762,0.95101,-8.1243,3.1614,5.0193,-0.72322,-9.4685,-5.0374,-15.477,19.976,-2.9103,-0.03563,2.1676,-5.6716,-0.98713,-1.3377,20.563,12.038,-5.7831,-5.2714,9.6108,-5.3885,19.505,0,9.5251,2.2777,-20.322,-4.8062,-1.1607,-9.3712,2.5467,14.259,21.653,-6.8692,-0.76306,24.014,5.3854,7.6687,-24.558,-3.5464,-5.4484,13.589,12.077,3.2322,-6.4567,-5.3561,-10.75,8.6143,-19.956,2.6874,10.898,-3.2878,0.83653,-9.6079,-8.9319,-4.9465,-3.1055,-5.8766,5.2512,11.735,-1.8583,-11.303,-1.3155,-17.905,31.68,-4.0719,-4.2011,-2.508,-10.403,10.097,-2.2962,15.199,13.048,3.1742,2.8114,11.976,-9.9658,25.616,9.5251,0,1.6055,-9.8647,2.108,5.5641,-2.3362,-8.8203,3.9948,24.168,-9.6569,5.2321,0.32208,2.4371,1.8497,-12.647,1.1741,-7.6744,1.5132,6.0847,-5.693,9.8778,-14.281,-5.4344,-4.8431,-12.544,-3.7666,-7.7054,4.7583,-0.4832,-9.4654,-9.8749,-0.42038,1.243,-9.2312,0.27727,2.4951,4.3735,-3.632,-3.9304,-7.3503,9.2734,-8.9941,0.32968,-9.82,-8.7736,19.374,18.155,-0.87711,5.8356,15.894,14.932,-3.2214,-5.1883,3.4112,2.2777,1.6055,0,7.2531,18.965,19.12,-14.856,14.357,3.1617,0.4181,-11.616,1.4322,-4.7701,-21.426,-19.552,1.4874,-26.329,-29.903,2.9234,-19.042,8.1782,-10.634,-12.336,0.52854,6.9234,-9.4579,24.252,-0.82156,-18.499,-21.142,11.97,9.0327,-10.571,7.6405,-20.847,6.4028,-10.7,-22.17,-11.596,2.7666,1.7681,-1.455,-0.63581,5.0413,-6.2609,6.2914,2.97,3.1983,-16.741,-4.1563,8.1449,7.1697,-11.488,6.071,-12.731,-20.322,-9.8647,7.2531,0,8.2379,3.5231,4.8704,6.9404,-5.2486,-14.895,2.8328,-4.7143,-17.325,-11.21,-15.91,13.724,-7.2727,-1.4187,-1.4498,-18.804,-3.5669,-3.8253,1.0865,8.6005,-4.3579,10.709,6.4965,-10.692,-2.0763,-11.829,9.3928,7.0649,-1.1184,4.9559,2.375,-7.9503,-10.046,-6.3398,2.8604,-5.2385,11.444,-15.567,10.337,4.8222,-16.725,-9.0343,22.575,23.6,-8.3269,-5.0522,42.665,47.835,-10.442,-8.9281,1.7506,-4.8062,2.108,18.965,8.2379,0,24.541,-16.004,8.3558,-9.5968,-3.1816,-5.6589,6.1627,-14.628,-22.663,-12.528,8.4994,-12.109,-14.318,-4.9656,-21.232,3.3738,-4.3429,-13.331,2.8194,-1.3571,-1.6864,11.461,-3.3711,-8.3393,-19.119,17.286,15.215,-2.2684,9.0215,-15.122,12.531,-26.535,-16.565,-4.5379,7.997,3.9438,-8.383,1.8377,11.845,-4.9915,-22.795,30.802,26.546,0.43713,1.474,18.886,20.331,-6.7056,-3.4026,4.1023,-1.1607,5.5641,19.12,3.5231,24.541,0,-16.79,8.8784,-1.5762,-0.97654,-17.983,16.129,-9.7036,-28.103,-17.137,7.4686,-15.916,-22.131,-5.98,-17.952,10.34,-1.514,-8.2476,-5.073,6.3588,-10.084,7.0857,-0.11742,-15.252,-15.288,17.636,8.6053,-11.654,18.393,-27.608,12.386,-22.558,-18.134,-12.251,10.771,8.3403,-6.1888,-6.9822,1.1599,7.4367,13.767,-11.936,-22.921,-1.8675,1.7349,-12.663,-14.696,6.8026,7.9497,-8.0382,-9.3712,-2.3362,-14.856,4.8704,-16.004,-16.79,0,-13.437,0.51415,-3.3604,9.2459,-7.9485,-2.4921,13.303,3.54,0.58649,13.638,13.761,-1.8518,6.8903,-11.013,11.673,8.6943,6.6675,-9.4321,12.072,-10.429,-11.637,13.993,12.125,-11.139,-8.7756,7.0648,-7.4313,17.253,-26.34,10.509,20.477,14.059,-12.527,3.7781,-3.8213,1.1872,-3.9164,-1.2529,-4.5819,2.6335,12.743,-1.685,0.1822,4.4438,5.697,-15.523,7.1083,-1.2015,2.5467,-8.8203,14.357,6.9404,8.3558,8.8784,-13.437,0,6.2,-4.8117,-7.653,1.7439,2.6484,-16.805,-10.799,3.1949,-26.505,-8.2678,9.4404,-11.015,8.9193,-27.111,2.4066,-8.1786,14.928,-6.8068,10.73,10.887,-17.26,-19.584,11.666,4.1024,-15.524,12.074,-6.1422,5.5465,-7.125,-31.443,-18.472,1.9904,2.2694,1.2487,7.3796,-3.2665,12.698,-4.8606,-2.5998,-4.7249,21.365,25.079,-12.84,-12.853,7.5369,9.2148,7.7174,14.259,3.9948,3.1617,-5.2486,-9.5968,-1.5762,0.51415,6.2,0,9.5428,-13.129,-0.083005,15.508,1.1417,-3.2573,-12.5,-9.0514,-6.2511,14.579,5.6762,4.7753,-5.421,3.9488,-14.054,15.044,-18.11,0.77699,5.5911,-7.428,-1.2267,-7.4531,-15.763,-17.388,4.2576,-3.7053,-7.1335,12.183,-2.8845,-15.817,-8.0132,-2.8789,14.731,-5.1395,-17.891,-1.895,-4.6095,2.1418,-6.1833,19.941,15.409,-2.376,-2.5964,13.604,-9.2038,36.458,21.653,24.168,0.4181,-14.895,-3.1816,-0.97654,-3.3604,-4.8117,9.5428,0,-5.8553,-1.593,10.474,7.567,7.4923,-30.475,0.46656,-4.5812,11.292,13.108,-6.4291,1.6059,-11.955,-7.1038,-1.7771,-14.927,-1.2512,-1.2739,4.9762,0.27723,-16.916,-14.248,-0.11554,-3.8756,-4.5964,-0.46407,11.058,3.9433,-5.6377,-7.8982,-18.993,24.427,-3.4997,-0.45373,-6.6745,28.639,-14.396,-9.7999,-14.867,-14.56,-2.4127,-3.1031,-0.90272,-4.0737,-9.1632,-6.8692,-9.6569,-11.616,2.8328,-5.6589,-17.983,9.2459,-7.653,-13.129,-5.8553,0,-16.592,-1.1282,13.128,13.266,1.2212,15.698,19.57,-1.026,5.5636,-11.497,0.43861,1.9245,16.718,-14.956,25.541,-1.3969,-3.0283,15.469,8.3955,-5.389,4.3503,26.674,-20.098,21.545,-3.841,5.3798,11.422,23.769,-3.7152,-6.0157,-3.0176,13.31,12.146,8.122,-27.396,10.597,11.766,5.9011,-0.46246,3.5218,5.2961,-4.7446,4.076,2.2614,-0.76306,5.2321,1.4322,-4.7143,6.1627,16.129,-7.9485,1.7439,-0.083005,-1.593,-16.592,0,-3.7132,-10.378,-5.7129,8.1299,-3.648,-6.3741,-11.032,-4.356,11.912,6.4377,3.5795,-13.584,8.8675,-9.0573,-7.702,5.2768,-8.3065,-1.1914,10.486,1.0881,-11.318,20.429,-12.296,10.546,-12.39,-5.9295,-9.8633,15.005,12.077,-5.0687,-14.634,-9.7464,9.1551,0.89031,-11.749,-6.6729,15.011,7.3915,-16.763,-15.461,7.1828,2.3874,7.5005,24.014,0.32208,-4.7701,-17.325,-14.628,-9.7036,-2.4921,2.6484,15.508,10.474,-1.1282,-3.7132,0,10.71,11.737,-17.368,0.48849,2.9683,13.931,17.299,3.6252,-7.6527,4.8097,-10.176,10.813,-10.231,-1.3414,16.615,-1.4516,6.5399,-11.069,-10.613,-3.876,-5.5042,2.8982,0.84592,19.034,1.6151,-7.2935,-2.3423,-13.339,24.033,-1.1873,-9.2429,4.5128,12.95,-18.005,-25.854,4.6698,0.91159,-16.445,-17.617,13.494,-2.1715,2.2518,5.3854,2.4371,-21.426,-11.21,-22.663,-28.103,13.303,-16.805,1.1417,7.567,13.128,-10.378,10.71,0,24.954,-12.19,22.703,17.018,3.383,28.906,-10.574,7.199,3.1764,3.4463,-8.2291,5.3698,-9.9648,-0.86788,18.81,21.343,-24.763,-10.752,13.839,-20.177,16.49,-8.1486,24.375,26.937,12.323,-7.9397,-11.988,9.5129,0.88827,-0.47289,1.1082,8.5091,-15.511,-12.682,2.8859,-5.3181,-9.7688,-9.0619,5.6179,-5.1586,4.5558,7.6687,1.8497,-19.552,-15.91,-12.528,-17.137,3.54,-10.799,-3.2573,7.4923,13.266,-5.7129,11.737,24.954,0,-10.413,19.419,17.569,2.9312,26.488,-8.2371,3.1206,1.9404,0.25689,-6.8784,4.2426,-10.125,5.2435,16.317,15.121,-15.156,-6.2763,14.859,-15.111,13.32,1.2658,13.55,14.802,8.6741,-1.5441,-15.576,10.613,3.2799,2.1834,0.50747,-1.6709,4.3473,10.584,-17.017,-14.657,7.492,8.0112,-14.305,6.354,-20.815,-24.558,-12.647,1.4874,13.724,8.4994,7.4686,0.58649,3.1949,-12.5,-30.475,1.2212,8.1299,-17.368,-12.19,-10.413,0,-1.2645,0.84648,-17.847,-17.134,6.9391,2.5381,7.5645,5,0.56199,11.041,-0.45185,-1.2751,-5.4957,-2.2985,22.542,15.385,-1.1047,8.8459,-0.59472,3.5796,-19.911,-5.1676,3.945,11.533,25.702,-35.763,-0.41088,1.0094,2.6341,9.8849,-11.03,-14.704,-2.2049,-7.2883,-8.0136,-8.4658,7.8743,-3.5394,-3.0677,-3.5464,1.1741,-26.329,-7.2727,-12.109,-15.916,13.638,-26.505,-9.0514,0.46656,15.698,-3.648,0.48849,22.703,19.419,-1.2645,0,19.742,-7.8189,14.819,-9.243,16.014,3.6755,7.4882,-13.708,12.604,-14.287,-4.098,21.46,25.031,-10.936,-2.989,20.679,-14.58,14.826,-3.9288,8.3459,31.51,22.279,-0.61376,-3.3434,-1.1837,-1.4545,2.8648,4.7201,16.112,-25.631,-16.057,-5.6413,-11.02,-11.917,-11.164,-2.3494,5.7161,-7.3084,-5.4484,-7.6744,-29.903,-1.4187,-14.318,-22.131,13.761,-8.2678,-6.2511,-4.5812,19.57,-6.3741,2.9683,17.018,17.569,0.84648,19.742,0,-0.3511,13.052,-10.729,4.0306,12.615,2.8097,-8.776,16.221,-15.334,0.95969,18.7,13.112,-8.8942,-5.0457,13.293,-9.0252,35.34,-6.7569,8.4003,15.203,13.446,-4.4784,-2.4492,-0.42605,8.7532,-0.83475,-1.1754,4.8323,-7.2067,-6.7825,7.9089,10.355,-5.9712,-5.8391,0.57681,2.5273,10.273,13.589,1.5132,2.9234,-1.4498,-4.9656,-5.98,-1.8518,9.4404,14.579,11.292,-1.026,-11.032,13.931,3.383,2.9312,-17.847,-7.8189,-0.3511,0,6.8468,-6.3599,-15.544,-1.8015,-7.166,3.4535,-7.7943,4.2369,3.8515,0.71073,-7.529,-11.088,-12.415,-4.6069,-2.0933,3.4404,-6.1184,12.198,-4.1191,-9.6015,-16.296,-15.265,21.035,11.295,-2.686,7.6335,5.2607,-15.62,-19.441,11.939,3.8808,-18.222,-17.507,11.285,-0.43114,8.3989,12.077,6.0847,-19.042,-18.804,-21.232,-17.952,6.8903,-11.015,5.6762,13.108,5.5636,-4.356,17.299,28.906,26.488,-17.134,14.819,13.052,6.8468,0,-7.6459,4.7957,3.749,-5.1153,-2.8419,-1.8266,-13.038,4.0905,13.866,15.885,-25.556,-16.9,6.6356,-10.844,11.019,-4.4502,23.62,16.717,3.5082,-6.5077,-14.266,17.016,-0.91482,-5.3567,7.982,-13.146,6.5056,16.095,3.0634,0.41695,0.37687,1.1372,-1.6851,3.6238,-4.8172,3.2322,-5.693,8.1782,-3.5669,3.3738,10.34,-11.013,8.9193,4.7753,-6.4291,-11.497,11.912,3.6252,-10.574,-8.2371,6.9391,-9.243,-10.729,-6.3599,-7.6459,0,-4.3829,5.0376,-5.6955,24.501,-8.9086,6.1264,14.72,-27.575,-0.21233,15.386,8.9084,-14.036,8.4795,-13.49,12.305,-6.568,-11.545,-10.283,19.453,9.3674,-3.5767,-13.002,-7.8759,4.7609,-2.4172,2.5972,-6.8217,2.5139,0.77258,-2.0684,-2.8026,10.236,-2.3179,-0.077369,-6.4567,9.8778,-10.634,-3.8253,-4.3429,-1.514,11.673,-27.111,-5.421,1.6059,0.43861,6.4377,-7.6527,7.199,3.1206,2.5381,16.014,4.0306,-15.544,4.7957,-4.3829,0,-0.064846,3.5061,-9.8548,4.0013,-13.777,-11.837,10.25,13.677,-4.9141,-3.5786,6.8264,-1.9379,1.2378,-4.6382,0.55246,18.129,11.175,1.226,5.8587,-6.3242,-12.881,-1.3858,21.833,3.151,-15.211,-5.2507,-0.58766,-4.3884,-16.746,-14.622,-5.9977,26.665,-13.471,-5.3561,-14.281,-12.336,1.0865,-13.331,-8.2476,8.6943,2.4066,3.9488,-11.955,1.9245,3.5795,4.8097,3.1764,1.9404,7.5645,3.6755,12.615,-1.8015,3.749,5.0376,-0.064846,0,-6.6387,8.3494,4.8128,-11.751,9.0459,-0.82621,8.0685,1.3901,-4.2506,-5.1104,4.4012,11.283,-5.3018,3.4434,2.7128,-0.46625,1.6259,10.265,-3.8642,-0.056226,-17.275,-12.702,14.714,0.26676,-1.8331,-17.327,-7.9705,6.4987,4.2756,3.4284,-10.243,-10.048,-10.75,-5.4344,0.52854,8.6005,2.8194,-5.073,6.6675,-8.1786,-14.054,-7.1038,16.718,-13.584,-10.176,3.4463,0.25689,5,7.4882,2.8097,-7.166,-5.1153,-5.6955,3.5061,-6.6387,0,-14.571,18.202,8.2972,-11.663,5.8499,3.5437,1.1715,12.7,17.937,-15.775,4.9867,-3.0162,-1.2576,6.6386,23.01,-0.95073,-0.23753,-10.2,4.7245,19.78,12.71,-11.599,1.3243,8.9943,9.2087,6.2029,-5.4854,-4.238,-2.3676,9.9839,-0.52321,8.6143,-4.8431,6.9234,-4.3579,-1.3571,6.3588,-9.4321,14.928,15.044,-1.7771,-14.956,8.8675,10.813,-8.2291,-6.8784,0.56199,-13.708,-8.776,3.4535,-2.8419,24.501,-9.8548,8.3494,-14.571,0,-14.941,3.876,19.209,-24.14,-2.872,7.6481,-0.3052,-24.416,10.964,-9.3654,6.1379,-0.52257,-13.21,-20.358,7.9302,5.008,3.9381,-7.7682,-16.051,-4.9794,19.421,-8.6612,-5.7074,-24.399,-18.206,0.88,0.19996,-5.411,0.4421,-17.862,-19.956,-12.544,-9.4579,10.709,-1.6864,-10.084,12.072,-6.8068,-18.11,-14.927,25.541,-9.0573,-10.231,5.3698,4.2426,11.041,12.604,16.221,-7.7943,-1.8266,-8.9086,4.0013,4.8128,18.202,-14.941,0,-2.834,-7.2881,11.66,5.7191,1.2609,7.7478,18.03,-9.2895,17.355,-5.3916,-1.9339,8.8343,24.87,-1.3911,4.0338,-13.841,10.487,9.8355,-13.003,0.76049,9.0154,11.33,-5.1801,2.1451,11.229,9.6484,-0.34254,-8.5361,-0.66687,2.6874,-3.7666,24.252,6.4965,11.461,7.0857,-10.429,10.73,0.77699,-1.2512,-1.3969,-7.702,-1.3414,-9.9648,-10.125,-0.45185,-14.287,-15.334,4.2369,-13.038,6.1264,-13.777,-11.751,8.2972,3.876,-2.834,0,0.29776,-12.891,-11.766,8.0223,12.733,-2.5372,-2.6538,-10.173,5.053,-4.3806,-13.433,-3.5313,1.5362,-2.9963,-0.41546,3.352,10.626,8.032,-4.9112,-5.9321,6.2042,4.7872,-3.4258,-6.4209,-4.3261,-5.1543,4.7309,-0.22397,10.898,-7.7054,-0.82156,-10.692,-3.3711,-0.11742,-11.637,10.887,5.5911,-1.2739,-3.0283,5.2768,16.615,-0.86788,5.2435,-1.2751,-4.098,0.95969,3.8515,4.0905,14.72,-11.837,9.0459,-11.663,19.209,-7.2881,0.29776,0,-10.159,1.717,4.3803,1.4521,-7.5346,3.0685,-1.5104,12.692,1.6526,-8.0686,-10.606,10.978,-2.4939,7.0089,-1.357,-8.1856,-3.0479,13.074,-10.49,-19.911,-2.341,-4.003,-4.5896,-5.0643,4.2704,-3.6169,2.402,-3.2878,4.7583,-18.499,-2.0763,-8.3393,-15.252,13.993,-17.26,-7.428,4.9762,15.469,-8.3065,-1.4516,18.81,16.317,-5.4957,21.46,18.7,0.71073,13.866,-27.575,10.25,-0.82621,5.8499,-24.14,11.66,-12.891,-10.159,0,9.1843,-17.053,-8.3769,20.344,-11.942,17.959,-9.2647,8.6819,21.864,16.364,-10.954,-8.1407,2.4992,7.1671,5.6527,10.826,5.6879,-11.485,-12.602,3.3241,-2.1309,-15.412,-16.086,12.846,0.21524,-4.237,0.83653,-0.4832,-21.142,-11.829,-19.119,-15.288,12.125,-19.584,-1.2267,0.27723,8.3955,-1.1914,6.5399,21.343,15.121,-2.2985,25.031,13.112,-7.529,15.885,-0.21233,13.677,8.0685,3.5437,-2.872,5.7191,-11.766,1.717,9.1843,0,-9.4234,-3.8829,9.4519,-12.362,9.7226,-3.2445,12.225,23.745,12.956,2.49,-1.0347,0.85187,-8.5596,-4.1634,-2.8984,-8.5508,11.595,28.11,-10.917,-9.577,13.615,14.808,-14.865,1.8288,-10.478,-9.6079,-9.4654,11.97,9.3928,17.286,17.636,-11.139,11.666,-7.4531,-16.916,-5.389,10.486,-11.069,-24.763,-15.156,22.542,-10.936,-8.8942,-11.088,-25.556,15.386,-4.9141,1.3901,1.1715,7.6481,1.2609,8.0223,4.3803,-17.053,-9.4234,0,21.36,-7.1387,12.519,-10.58,12.489,-27.439,-17.429,-4.6308,17.6,15.989,-16.997,-1.9779,2.1185,-10.867,-0.15994,8.433,17.835,-18.35,-15.007,15.847,15.402,-7.6923,-7.713,-11.297,-8.9319,-9.8749,9.0327,7.0649,15.215,8.6053,-8.7756,4.1024,-15.763,-14.248,4.3503,1.0881,-10.613,-10.752,-6.2763,15.385,-2.989,-5.0457,-12.415,-16.9,8.9084,-3.5786,-4.2506,12.7,-0.3052,7.7478,12.733,1.4521,-8.3769,-3.8829,21.36,0,4.1374,-0.71885,-5.9893,13.363,-16.611,-8.3574,5.0287,16.156,6.4598,-15.455,0.79786,13.494,-10.554,15.837,-6.3983,-8.4542,-10.573,-11.683,1.8446,0.90949,3.6826,-12.363,-2.5762,-4.9465,-0.42038,-10.571,-1.1184,-2.2684,-11.654,7.0648,-15.524,-17.388,-0.11554,26.674,-11.318,-3.876,13.839,14.859,-1.1047,20.679,13.293,-4.6069,6.6356,-14.036,6.8264,-5.1104,17.937,-24.416,18.03,-2.5372,-7.5346,20.344,9.4519,-7.1387,4.1374,0,-21.224,12.372,-1.0477,3.631,15.289,28.725,-2.08,-8.2079,-2.2986,6.9696,17.506,5.8095,-18.811,9.9988,12.126,3.3367,2.527,4.965,6.6658,-12.118,10.848,0.95101,-3.1055,1.243,7.6405,4.9559,9.0215,18.393,-7.4313,12.074,4.2576,-3.8756,-20.098,20.429,-5.5042,-20.177,-15.111,8.8459,-14.58,-9.0252,-2.0933,-10.844,8.4795,-1.9379,4.4012,-15.775,10.964,-9.2895,-2.6538,3.0685,-11.942,-12.362,12.519,-0.71885,-21.224,0,-10.806,3.8859,-14.132,-14.847,-17.801,5.1963,13.947,-4.992,-4.3293,-10.959,3.1831,24.163,-29.15,-19.773,-6.5837,-7.677,-12.409,-12.463,-1.6999,6.7257,-8.1243,-5.8766,-9.2312,-20.847,2.375,-15.122,-27.608,17.253,-6.1422,-3.7053,-4.5964,21.545,-12.296,2.8982,16.49,13.32,-0.59472,14.826,35.34,3.4404,11.019,-13.49,1.2378,11.283,4.9867,-9.3654,17.355,-10.173,-1.5104,17.959,9.7226,-10.58,-5.9893,12.372,-10.806,0,-12.025,10.844,13.876,13.356,-9.8839,-3.3578,0.2972,12.79,0.003785,-5.5376,-11.654,8.9726,20.616,-1.3927,-8.7734,10.94,12.977,-5.9067,-9.6197,3.1614,5.2512,0.27727,6.4028,-7.9503,12.531,12.386,-26.34,5.5465,-7.1335,-0.46407,-3.841,10.546,0.84592,-8.1486,1.2658,3.5796,-3.9288,-6.7569,-6.1184,-4.4502,12.305,-4.6382,-5.3018,-3.0162,6.1379,-5.3916,5.053,12.692,-9.2647,-3.2445,12.489,13.363,-1.0477,3.8859,-12.025,0,-11.621,-10.674,-5.4469,24.323,-1.4001,-0.66864,-4.1817,5.265,7.4866,10.046,-16.6,-23.582,11.099,9.8714,-22.414,-24.894,15.593,1.7077,5.0193,11.735,2.4951,-10.7,-10.046,-26.535,-22.558,10.509,-7.125,12.183,11.058,5.3798,-12.39,19.034,24.375,13.55,-19.911,8.3459,8.4003,12.198,23.62,-6.568,0.55246,3.4434,-1.2576,-0.52257,-1.9339,-4.3806,1.6526,8.6819,12.225,-27.439,-16.611,3.631,-14.132,10.844,-11.621,0,13.713,2.9312,-13.092,-13.372,17.343,0.63831,-5.6753,4.6022,10.219,-10.625,-22.873,1.9685,0.0595,-11.403,-12.872,14.01,-1.9117,-0.72322,-1.8583,4.3735,-22.17,-6.3398,-16.565,-18.134,20.477,-31.443,-2.8845,3.9433,11.422,-5.9295,1.6151,26.937,14.802,-5.1676,31.51,15.203,-4.1191,16.717,-11.545,18.129,2.7128,6.6386,-13.21,8.8343,-13.433,-8.0686,21.864,23.745,-17.429,-8.3574,15.289,-14.847,13.876,-10.674,13.713,0,18.641,-6.4652,-3.9002,1.4495,-2.9425,0.13024,-5.1553,16.816,-6.5018,-9.4906,-12.658,-10.622,-0.53941,-1.9505,4.7424,-6.3071,-9.4685,-11.303,-3.632,-11.596,2.8604,-4.5379,-12.251,14.059,-18.472,-15.817,-5.6377,23.769,-9.8633,-7.2935,12.323,8.6741,3.945,22.279,13.446,-9.6015,3.5082,-10.283,11.175,-0.46625,23.01,-20.358,24.87,-3.5313,-10.606,16.364,12.956,-4.6308,5.0287,28.725,-17.801,13.356,-5.4469,2.9312,18.641,0,-1.675,-0.54697,-8.4396,3.2766,11.697,1.2529,-11.414,7.6197,18.464,-3.3773,-10.552,6.5489,7.8766,-4.7736,-3.4815,-5.0374,-1.3155,-3.9304,2.7666,-5.2385,7.997,10.771,-12.527,1.9904,-8.0132,-7.8982,-3.7152,15.005,-2.3423,-7.9397,-1.5441,11.533,-0.61376,-4.4784,-16.296,-6.5077,19.453,1.226,1.6259,-0.95073,7.9302,-1.3911,1.5362,10.978,-10.954,2.49,17.6,16.156,-2.08,5.1963,-9.8839,24.323,-13.092,-6.4652,-1.675,0,7.8161,-8.4025,-10.286,0.65252,7.9896,-6.1042,5.5615,7.322,-6.2192,-3.7547,2.2032,2.4253,-7.5619,12.289,-15.477,-17.905,-7.3503,1.7681,11.444,3.9438,8.3403,3.7781,2.2694,-2.8789,-18.993,-6.0157,12.077,-13.339,-11.988,-15.576,25.702,-3.3434,-2.4492,-15.265,-14.266,9.3674,5.8587,10.265,-0.23753,5.008,4.0338,-2.9963,-2.4939,-8.1407,-1.0347,15.989,6.4598,-8.2079,13.947,-3.3578,-1.4001,-13.372,-3.9002,-0.54697,7.8161,0,-23.136,-6.9298,-7.2841,1.9159,-0.45717,-5.7995,-7.6598,18.615,12.392,-8.7953,-8.3607,8.7688,-2.9833,19.976,31.68,9.2734,-1.455,-15.567,-8.383,-6.1888,-3.8213,1.2487,14.731,24.427,-3.0176,-5.0687,24.033,9.5129,10.613,-35.763,-1.1837,-0.42605,21.035,17.016,-3.5767,-6.3242,-3.8642,-10.2,3.9381,-13.841,-0.41546,7.0089,2.4992,0.85187,-16.997,-15.455,-2.2986,-4.992,0.2972,-0.66864,17.343,1.4495,-8.4396,-8.4025,-23.136,0,1.1874,-4.1763,-10.587,15.983,-9.0541,-3.8242,-12.063,-8.0804,2.5298,2.7199,-12.125,1.0765,-2.9103,-4.0719,-8.9941,-0.63581,10.337,1.8377,-6.9822,1.1872,7.3796,-5.1395,-3.4997,13.31,-14.634,-1.1873,0.88827,3.2799,-0.41088,-1.4545,8.7532,11.295,-0.91482,-13.002,-12.881,-0.056226,4.7245,-7.7682,10.487,3.352,-1.357,7.1671,-8.5596,-1.9779,0.79786,6.9696,-4.3293,12.79,-4.1817,0.63831,-2.9425,3.2766,-10.286,-6.9298,1.1874,0,8.8826,-34.723,7.7466,5.1987,3.8013,-14.509,-9.542,16.858,14.849,-1.1744,-21.688,-0.03563,-4.2011,0.32968,5.0413,4.8222,11.845,1.1599,-3.9164,-3.2665,-17.891,-0.45373,12.146,-9.7464,-9.2429,-0.47289,2.1834,1.0094,2.8648,-0.83475,-2.686,-5.3567,-7.8759,-1.3858,-17.275,19.78,-16.051,9.8355,10.626,-8.1856,5.6527,-4.1634,2.1185,13.494,17.506,-10.959,0.003785,5.265,-5.6753,0.13024,11.697,0.65252,-7.2841,-4.1763,8.8826,0
