0,-2.7184,-8.6265,1.8842,-0.21456,-0.16343,-1.9476,2.3927,2.1513,-2.7917,-1.5965,-2.4205,-0.26334,7.3704,-2.7566,-3.5065,-5.0288,-1.1859,2.4389,0.39326,0.78119,-2.7184,0,0.75535,-2.4362,-4.2516,-3.9593,-0.63652,0.5296,-1.797,-0.77143,-1.2379,2.0429,-1.2519,-2.9315,0.53867,-0.98861,2.7088,0.76597,2.9587,-3.1237,-2.7289,-8.6265,0.75535,0,0.77409,1.3915,-3.6259,5.2673,-2.1253,-5.8134,5.2637,2.4311,2.013,-3.1505,0.1081,-0.58529,2.7588,7.635,1.1782,-4.6864,1.6136,1.2067,1.8842,-2.4362,0.77409,0,-2.5464,1.6527,1.7382,10.836,-5.9432,4.3764,6.3309,0.94547,-4.6989,4.2059,3.7906,-2.8006,-0.74109,2.8949,-2.1023,-1.5025,-4.8404,-0.21456,-4.2516,1.3915,-2.5464,0,-0.012382,3.6834,-4.6256,-0.10019,-2.767,-3.345,-3.798,2.0597,-0.065696,-7.1264,1.2218,-3.1587,-5.1754,-1.37,4.5561,9.9112,-0.16343,-3.9593,-3.6259,1.6527,-0.012382,0,-4.8535,1.391,4.2074,-0.2241,-0.0080675,-1.8983,6.0682,-4.0719,4.6559,-0.30542,-4.3469,1.1189,-0.32375,-3.1919,-2.9629,-1.9476,-0.63652,5.2673,1.7382,3.6834,-4.8535,0,-0.31842,-6.5648,2.111,1.37,1.5252,-5.3523,1.6325,-3.6699,0.30254,1.5874,-4.1378,-3.6428,5.3782,2.0208,2.3927,0.5296,-2.1253,10.836,-4.6256,1.391,-0.31842,0,-1.7411,2.4847,5.4965,-0.6605,-1.1214,0.6344,4.3336,-4.1841,-1.2656,0.98379,3.9231,-2.0533,-4.3676,2.1513,-1.797,-5.8134,-5.9432,-0.10019,4.2074,-6.5648,-1.7411,0,-4.4416,-3.598,-4.619,11.833,-2.7688,-1.0515,2.6032,-2.5392,-3.1549,4.4432,0.53592,2.4115,-2.7917,-0.77143,5.2637,4.3764,-2.767,-0.2241,2.111,2.4847,-4.4416,0,11.731,4.963,-4.7293,1.6316,2.5806,-0.42856,7.1641,6.3938,-2.4405,-1.9429,-3.7045,-1.5965,-1.2379,2.4311,6.3309,-3.345,-0.0080675,1.37,5.4965,-3.598,11.731,0,3.9045,-4.6405,1.0106,5.2456,-1.8474,5.2788,5.7908,-1.3845,-2.8891,-3.0621,-2.4205,2.0429,2.013,0.94547,-3.798,-1.8983,1.5252,-0.6605,-4.619,4.963,3.9045,0,-7.1388,0.62374,2.7113,2.565,3.0847,3.2114,-5.4986,-3.2464,-5.119,-0.26334,-1.2519,-3.1505,-4.6989,2.0597,6.0682,-5.3523,-1.1214,11.833,-4.7293,-4.6405,-7.1388,0,-5.355,-0.65078,1.0547,-3.658,-3.8188,4.7158,0.73329,3.4241,7.3704,-2.9315,0.1081,4.2059,-0.065696,-4.0719,1.6325,0.6344,-2.7688,1.6316,1.0106,0.62374,-5.355,0,-4.0619,0.21441,-0.15192,1.2075,-2.5833,1.796,-0.078219,-2.7566,0.53867,-0.58529,3.7906,-7.1264,4.6559,-3.6699,4.3336,-1.0515,2.5806,5.2456,2.7113,-0.65078,-4.0619,0,-3.0978,2.0395,6.8633,-0.84724,-7.5058,-6.004,-3.5065,-0.98861,2.7588,-2.8006,1.2218,-0.30542,0.30254,-4.1841,2.6032,-0.42856,-1.8474,2.565,1.0547,0.21441,-3.0978,0,0.29504,-2.4695,-3.6193,4.1738,0.025357,-5.0288,2.7088,7.635,-0.74109,-3.1587,-4.3469,1.5874,-1.2656,-2.5392,7.1641,5.2788,3.0847,-3.658,-0.15192,2.0395,0.29504,0,5.3888,-2.4018,-1.6803,0.41925,-1.1859,0.76597,1.1782,2.8949,-5.1754,1.1189,-4.1378,0.98379,-3.1549,6.3938,5.7908,3.2114,-3.8188,1.2075,6.8633,-2.4695,5.3888,0,-1.629,-6.1553,-4.6524,2.4389,2.9587,-4.6864,-2.1023,-1.37,-0.32375,-3.6428,3.9231,4.4432,-2.4405,-1.3845,-5.4986,4.7158,-2.5833,-0.84724,-3.6193,-2.4018,-1.629,0,1.0147,0.49005,0.39326,-3.1237,1.6136,-1.5025,4.5561,-3.1919,5.3782,-2.0533,0.53592,-1.9429,-2.8891,-3.2464,0.73329,1.796,-7.5058,4.1738,-1.6803,-6.1553,1.0147,0,3.1835,0.78119,-2.7289,1.2067,-4.8404,9.9112,-2.9629,2.0208,-4.3676,2.4115,-3.7045,-3.0621,-5.119,3.4241,-0.078219,-6.004,0.025357,0.41925,-4.6524,0.49005,3.1835,0
