0,15.42,24.812,15.675,5.3048,-3.9249,10.254,34.611,-13.767,18.132,-7.9902,-7.9371,-26.921,31.69,0.36648,21.782,-17.762,8.4245,-0.78048,-38.358,-12.637,12.129,19.261,7.4401,-1.3726,-7.2758,12.07,-11.562,-15.95,-5.4434,-21.808,-5.7442,-3.4181,-13.972,-8.7112,19.637,-1.014,4.934,-6.2279,-13.999,20.849,21.25,-16.883,0.3161,6.3041,-26.189,3.7656,-19.835,-7.8415,-21.295,-11.799,-3.033,-5.2968,2.7663,10.051,15.42,0,11.534,1.5308,-9.6374,0.7768,-0.38305,17.31,-20.692,7.0061,0.1202,2.3195,-15.784,15.561,19.26,13.838,-25.058,7.7553,8.3977,-12.517,-4.6697,22.748,20.64,-3.8443,4.3121,-5.0996,19.795,-0.49739,-4.7359,-18.236,-10.513,-16.271,3.8483,-14.974,3.8904,14.91,7.3117,-0.56222,-8.3858,-3.9177,8.6567,7.2533,-24.172,-5.0378,19.846,-15.729,14.587,-12.959,-2.9756,-16.754,-15.851,4.1475,-0.74461,-6.8397,5.6961,24.812,11.534,0,20.536,5.6379,-11.4,19.653,35.83,-15.368,41.278,-5.2334,-10.05,-39.678,31.174,-1.0581,42.809,-21.134,3.7092,-5.707,-25.046,-14.109,17.798,23.266,3.0649,-6.3377,-14.219,5.7347,-22.557,-25.435,-2.9534,-40.874,-3.5982,-0.51936,-20.898,-16.004,22.237,-8.8556,5.7409,-14.032,-24.193,28.714,31.808,-17.216,-5.2647,5.238,-25.733,1.7879,-37.375,-10.523,-33.857,-11.934,-7.9929,-4.1253,6.1792,22.406,15.675,1.5308,20.536,0,20.114,-8.6527,32.059,14.848,-7.8705,22.495,-17.155,-27.52,-17.252,16.033,-11.525,18.53,-8.9007,2.7957,-15.079,-13.898,-22.725,6.6224,7.1498,11.995,-16.314,-14.075,2.9625,-24.748,-29.715,9.8857,-23.63,7.9647,-11.996,-5.0052,-17.638,9.197,-15.343,11.807,-3.6351,-25.098,26.75,34.949,-7.0205,1.475,-6.2831,-19.208,-11.022,-18.355,-19.213,-15.481,-7.169,-4.9108,-14.634,16.794,12.644,5.3048,-9.6374,5.6379,20.114,0,-1.1172,17.223,2.263,4.7151,7.7722,-18.908,-23.808,-3.0263,3.2898,-27.892,3.4425,4.0562,0.39442,-16.013,-4.3722,-11.003,-6.1315,-3.3157,21.357,-12.112,-4.991,-1.6231,-11.408,-12.517,21.429,-7.4912,21.548,-16.82,4.9915,-12.342,-0.99177,-14.684,12.437,5.7576,-12.396,10.089,11.895,3.7655,8.77,-21.364,-6.6629,-21.375,-3.8076,-10.283,-1.3743,0.18092,-5.2834,-13.635,20.667,2.1101,-3.9249,0.7768,-11.4,-8.6527,-1.1172,0,-11.153,-8.2118,7.9989,-13.162,-2.5084,4.9195,9.6202,-7.6152,3.4174,-11.505,7.8098,8.0097,8.6701,7.3589,9.0662,-7.6342,-6.3844,8.0712,11.829,13.675,11.134,20.087,12.28,-2.2821,11.31,3.7855,-2.1422,9.0159,21.043,-8.7161,11.956,-1.6663,17.981,8.9641,-10.6,-10.704,2.5415,12.008,-3.1635,2.8656,1.773,12.414,7.4785,9.1351,-1.0521,9.1759,-3.3203,-0.72137,-22.006,10.254,-0.38305,19.653,32.059,17.223,-11.153,0,12.093,-6.473,25.005,-10.955,-22.87,-14.607,12.191,-11.39,17.597,-8.2447,-1.2616,-18.557,-9.4867,-15.867,7.6098,8.0472,6.9487,-16.454,-17.38,-0.75463,-28.357,-28.901,9.8545,-23.104,8.9907,-6.9299,-7.4151,-21.305,8.8169,-23.983,11.478,-7.6156,-28.816,25.288,28.267,-5.8446,-2.4955,-6.8282,-15.687,-10.455,-19.796,-14.858,-15.025,-6.849,-9.5603,-9.4923,15.922,17.519,34.611,17.31,35.83,14.848,2.263,-8.2118,12.093,0,-18.282,25.102,-4.2577,-6.1436,-39.124,35.369,2.6373,32.368,-25.311,5.0621,-0.60019,-34.239,-12.196,18.808,27.324,2.7998,-2.3847,-11.176,9.7013,-15.241,-18.926,-7.3664,-28.46,-8.3101,0.13181,-21.969,-10.917,27.427,-3.4009,4.6925,-12.979,-15.897,23.232,23.142,-21.509,-5.1059,9.5715,-26.561,6.0494,-29.169,-8.0609,-29.661,-13.894,-4.7984,-2.77,1.5126,17.13,-13.767,-20.692,-15.368,-7.8705,4.7151,7.9989,-6.473,-18.282,0,-12.44,2.5098,2.9263,17.976,-14.908,-11.077,-18.709,34.644,-0.82476,-2.2616,11.807,11.592,-26.882,-15.358,3.6784,5.0966,14.781,-10.7,9.0402,12.124,7.8955,15.02,12.479,0.35294,12.87,2.7739,-19.998,0.97792,-4.6393,13.09,5.917,-15.258,-13.601,23.718,12.342,-15.92,16.753,-7.6102,20.13,10.184,19.658,17.729,-5.2084,4.5707,4.4444,-13.371,18.132,7.0061,41.278,22.495,7.7722,-13.162,25.005,25.102,-12.44,0,-4.7906,-11.095,-27.846,22.425,-3.952,33.146,-16.656,1.37,-8.0185,-19.029,-13.098,14.937,18.402,3.505,-8.1291,-15.471,2.4616,-28.11,-27.69,-0.074105,-34.841,-0.83549,-0.51765,-18.747,-19.696,19.575,-13.217,6.6712,-14.376,-26.17,26.819,31.05,-13.915,-6.3569,2.5891,-20.903,-0.37583,-32.598,-10.45,-26.82,-10.552,-9.8762,-4.1832,8.4561,25.636,-7.9902,0.1202,-5.2334,-17.155,-18.908,-2.5084,-10.955,-4.2577,2.5098,-4.7906,0,25.614,6.1219,-5.8548,9.3238,-5.6052,2.1379,-3.4018,8.5038,5.1257,21.205,-0.20726,1.6532,-19.737,15.313,7.3374,-9.3076,6.9935,12.746,-14.905,8.6672,-13.547,34.991,-6.4046,3.4951,0.46338,6.7888,-16.66,-6.9634,9.409,-10.538,-11.747,1.9176,-9.773,12.188,11.483,17.342,4.8619,21.664,3.3748,5.2794,-5.377,29.33,-14.684,0.43348,-7.9371,2.3195,-10.05,-27.52,-23.808,4.9195,-22.87,-6.1436,2.9263,-11.095,25.614,0,8.8844,-8.1977,13.484,-9.7166,3.2762,-1.3278,20.062,5.8686,22.997,-2.2005,-1.0246,-12.239,22.778,12.277,-2.1709,15.317,19.38,-17.776,14.19,-15.774,19.471,-2.113,11.944,-0.97268,15.638,-14.127,-1.2659,18.733,-17.099,-19.01,1.0992,-5.7556,13.748,12.407,21.5,10.038,22.895,7.6696,3.3809,2.5444,19.436,-20.119,-6.2747,-26.921,-15.784,-39.678,-17.252,-3.0263,9.6202,-14.607,-39.124,17.976,-27.846,6.1219,8.8844,0,-39.134,-2.0315,-44.683,24.699,-5.7203,3.2661,26.291,16.111,-20.49,-23.668,-2.4167,6.0285,12.658,-9.0723,17.936,21.843,4.7955,34.844,5.6505,1.3756,19.4,11.461,-20.52,4.9742,-4.9746,12.578,20.338,-23.72,-26.203,19.168,3.855,-7.3798,26.333,-2.9074,31.126,12.293,34.088,12.119,4.1935,5.1367,-4.8275,-18.189,31.69,15.561,31.174,16.033,3.2898,-7.6152,12.191,35.369,-14.908,22.425,-5.8548,-8.1977,-39.134,0,1.2866,29.093,-19.419,9.4873,-3.8951,-29.473,-14.016,15.227,20.58,3.0754,-3.7498,-7.6839,8.785,-15.038,-16.926,-5.8759,-26.156,-6.0381,-0.79003,-16.831,-10.307,16.947,-1.7428,1.9523,-8.6307,-18.703,20.38,23.051,-15.053,-0.21988,7.2284,-22.552,3.2303,-23.294,-9.803,-28.802,-8.381,-4.0181,-4.0284,4.559,13.163,0.36648,19.26,-1.0581,-11.525,-27.892,3.4174,-11.39,2.6373,-11.077,-3.952,9.3238,13.484,-2.0315,1.2866,0,1.6817,-10.798,3.0091,15.854,0.74239,4.9016,13.073,7.9947,-13.702,9.2276,0.53545,10.306,9.587,6.6725,-21.77,1.9243,-19.892,10.131,-6.9845,13.862,4.7193,13.161,-7.0083,-5.8921,7.2208,-3.6052,-5.264,-11.487,-8.0438,23.562,-1.4401,19.851,-1.3228,4.387,-4.1533,-7.9613,8.0156,5.322,-15.268,-0.76765,21.782,13.838,42.809,18.53,3.4425,-11.505,17.597,32.368,-18.709,33.146,-5.6052,-9.7166,-44.683,29.093,1.6817,0,-25.649,3.794,-4.3896,-21.271,-16.094,23.074,23.316,1.5348,-7.6989,-16.214,7.4058,-20.278,-24.572,-3.3299,-39.666,-4.434,-1.1046,-19.907,-12.776,20.99,-8.0545,5.8188,-14.899,-22.26,26.09,28.972,-20.243,-6.2472,6.6286,-26.45,1.9915,-38.245,-13.069,-38.301,-13.631,-5.3059,-5.671,5.8629,22.248,-17.762,-25.058,-21.134,-8.9007,4.0562,7.8098,-8.2447,-25.311,34.644,-16.656,2.1379,3.2762,24.699,-19.419,-10.798,-25.649,0,-1.5404,-2.4585,15.989,11.094,-38.141,-25.28,3.1454,3.4715,16.041,-12.256,10.299,14.724,9.6596,20.714,11.981,-1.2428,19.922,4.7281,-25.008,2.4154,-5.1972,16.961,9.8961,-18.436,-16.154,31.421,11.74,-15.213,22.356,-8.7083,26.985,9.0753,26.298,20.683,-0.42149,3.1051,3.0025,-17.007,8.4245,7.7553,3.7092,2.7957,0.39442,8.0097,-1.2616,5.0621,-0.82476,1.37,-3.4018,-1.3278,-5.7203,9.4873,3.0091,3.794,-1.5404,0,0.010167,-5.4047,-1.1798,1.1332,2.6444,5.2212,5.6591,10.03,9.2047,3.6701,2.6823,-5.4551,-1.7843,-1.0807,0.39351,-0.26396,6.0737,-1.7624,11.258,-10.914,9.6932,-4.5998,0.21775,3.3535,-3.518,15.145,2.6067,-5.601,2.016,-0.21779,-0.33024,-7.0442,0.85225,3.3667,-5.5801,6.9634,-7.3841,-0.78048,8.3977,-5.707,-15.079,-16.013,8.6701,-18.557,-0.60019,-2.2616,-8.0185,8.5038,20.062,3.2661,-3.8951,15.854,-4.3896,-2.4585,0.010167,0,0.1168,9.5485,2.2855,2.3926,-2.9083,16.701,6.0825,8.7984,13.802,10.021,-15.492,7.6319,-15.061,6.3877,-2.3485,14.187,4.0353,15.068,-3.5951,-0.63755,15.37,-9.6019,-11.019,-6.9479,-4.7641,13.988,2.7341,19.074,5.5365,10.011,4.1853,-5.9878,8.1949,6.1118,-16.287,-5.7171,-38.358,-12.517,-25.046,-13.898,-4.3722,7.3589,-9.4867,-34.239,11.807,-19.029,5.1257,5.8686,26.291,-29.473,0.74239,-21.271,15.989,-5.4047,0.1168,0,11.431,-10.829,-19.501,-5.5387,1.1151,7.1885,-7.6787,13.569,15.923,5.7904,21.048,7.2538,1.5701,16.122,12.085,-21.226,1.7764,-4.2832,9.0373,13.091,-18.427,-18.851,14.354,1.4243,-6.8277,19.545,-4.604,18.945,6.3996,18.7,8.8298,5.6094,1.8393,-1.3829,-12.64,-12.637,-4.6697,-14.109,-22.725,-11.003,9.0662,-15.867,-12.196,11.592,-13.098,21.205,22.997,16.111,-14.016,4.9016,-16.094,11.094,-1.1798,9.5485,11.431,0,-8.951,-5.139,-7.6861,23.242,15.938,-6.1242,17.27,23.094,-8.9615,18.542,-4.433,17.711,1.82,10.398,-6.6627,9.3236,-13.583,3.5885,14.825,-18.628,-20.839,7.2395,-1.095,3.3905,15.601,10.888,14.451,40.397,11.986,6.7015,-2.5538,17.96,-10.549,-9.9187,12.129,22.748,17.798,6.6224,-6.1315,-7.6342,7.6098,18.808,-26.882,14.937,-0.20726,-2.2005,-20.49,15.227,13.073,23.074,-38.141,1.1332,2.2855,-10.829,-8.951,0,23.866,-6.0217,-3.5176,-16.189,10.749,-8.6289,-12.374,-9.6455,-18.132,-10.672,3.2391,-19.853,-3.2098,18.83,-3.1989,3.6009,-18.474,-9.9911,14.824,13.267,-28.208,-12.901,14.572,-18.389,8.4901,-23.374,-8.3026,-24.482,-19.328,-0.468,-2.3961,-2.1075,16.916,19.261,20.64,23.266,7.1498,-3.3157,-6.3844,8.0472,27.324,-15.358,18.402,1.6532,-1.0246,-23.668,20.58,7.9947,23.316,-25.28,2.6444,2.3926,-19.501,-5.139,23.866,0,-3.153,2.0266,-10.781,9.1905,-9.2427,-12.396,-12.854,-20.682,-10.978,6.4332,-35.179,-7.267,24.24,-2.7488,2.2868,-18.797,-12.843,16.44,14.188,-23.161,-8.9817,12.706,-20.05,11.116,-24.214,-2.4354,-24.807,-15.404,-8.3423,2.6967,-2.3537,17.454,7.4401,-3.8443,3.0649,11.995,21.357,8.0712,6.9487,2.7998,3.6784,3.505,-19.737,-12.239,-2.4167,3.0754,-13.702,1.5348,3.1454,5.2212,-2.9083,-5.5387,-7.6861,-6.0217,-3.153,0,-3.707,0.46986,7.4929,-3.3452,-7.0032,11.049,-3.8263,13.007,-17.755,5.9277,-2.3419,0.21546,-3.7644,11.286,11.154,-5.3327,4.997,6.8521,-0.32094,12.17,-12.598,-7.6332,-10.532,-0.37869,-6.9977,0.3503,-3.8967,2.5459,-16.347,13.527,-4.1107,-1.3726,4.3121,-6.3377,-16.314,-12.112,11.829,-16.454,-2.3847,5.0966,-8.1291,15.313,22.778,6.0285,-3.7498,9.2276,-7.6989,3.4715,5.6591,16.701,1.1151,23.242,-3.5176,2.0266,-3.707,0,16.395,2.7619,16.311,16.345,-18.426,10.229,-10.813,15.934,-3.2926,11.471,0.1297,16.781,-13.345,2.9531,11.158,-11.41,-12.434,-0.67003,0.99036,9.5761,5.6521,19.546,8.083,28.157,4.6068,1.0384,-0.78878,14.273,-12.175,-9.0071,-7.2758,-5.0996,-14.219,-14.075,-4.991,13.675,-17.38,-11.176,14.781,-15.471,7.3374,12.277,12.658,-7.6839,0.53545,-16.214,16.041,10.03,6.0825,7.1885,15.938,-16.189,-10.781,0.46986,16.395,0,-2.5189,17.421,23.517,-4.7807,18.823,-0.85824,6.2671,9.0225,12.651,-13.338,19.065,-17.223,16.963,12.23,-20.964,-17.023,12.144,13.851,-0.66169,14.579,3.9788,20.755,15.783,12.66,14.694,3.8317,7.0251,-3.0066,-22.575,12.07,19.795,5.7347,2.9625,-1.6231,11.134,-0.75463,9.7013,-10.7,2.4616,-9.3076,-2.1709,-9.0723,8.785,10.306,7.4058,-12.256,9.2047,8.7984,-7.6787,-6.1242,10.749,9.1905,7.4929,2.7619,-2.5189,0,3.2842,-3.9164,-7.0271,-6.451,-4.1294,-5.8641,-4.0478,8.8388,7.3918,6.7001,5.9876,1.7949,-2.1784,5.7185,5.1138,-16.518,2.7742,6.312,-15.617,5.3749,-6.1598,-5.7271,-8.1186,-17.824,10.154,-10.277,-0.5865,-1.9844,-11.562,-0.49739,-22.557,-24.748,-11.408,20.087,-28.357,-15.241,9.0402,-28.11,6.9935,15.317,17.936,-15.038,9.587,-20.278,10.299,3.6701,13.802,13.569,17.27,-8.6289,-9.2427,-3.3452,16.311,17.421,3.2842,0,30.307,-6.467,24.06,-2.8359,4.5571,10.28,30.05,-12.47,18.683,-9.5401,12.436,21.504,-22.654,-25.312,5.9461,5.8394,2.1344,12.56,6.5156,21.394,14.639,15.236,4.511,8.8547,4.9097,-9.5074,-24.699,-15.95,-4.7359,-25.435,-29.715,-12.517,12.28,-28.901,-18.926,12.124,-27.69,12.746,19.38,21.843,-16.926,6.6725,-24.572,14.724,2.6823,10.021,15.923,23.094,-12.374,-12.396,-7.0032,16.345,23.517,-3.9164,30.307,0,-6.0916,33.364,-3.4816,8.9482,10.407,19.683,-15.112,17.844,-16.374,11.289,23.173,-32.801,-32.937,11.205,4.9878,2.1651,21.705,6.4387,26.768,19.41,17.77,11.51,5.8045,9.9891,-9.7364,-21.675,-5.4434,-18.236,-2.9534,9.8857,21.429,-2.2821,9.8545,-7.3664,7.8955,-0.074105,-14.905,-17.776,4.7955,-5.8759,-21.77,-3.3299,9.6596,-5.4551,-15.492,5.7904,-8.9615,-9.6455,-12.854,11.049,-18.426,-4.7807,-7.0271,-6.467,-6.0916,0,-0.073044,28.202,-18.794,14.061,-7.0742,-9.2515,-14.764,11.21,7.3577,-4.6276,2.2563,3.5301,10.57,6.4866,-28.805,2.0115,-39.581,2.9056,-11.249,6.1269,5.1138,-0.60442,-13.24,16.478,-1.1667,-21.808,-10.513,-40.874,-23.63,-7.4912,11.31,-23.104,-28.46,15.02,-34.841,8.6672,14.19,34.844,-26.156,1.9243,-39.666,20.714,-1.7843,7.6319,21.048,18.542,-18.132,-20.682,-3.8263,10.229,18.823,-6.451,24.06,33.364,-0.073044,0,0.782,3.843,16.97,16.343,-18.633,11.788,-9.6077,13.635,27.606,-35.164,-36.255,15.978,4.8094,-2.4398,28.307,1.4591,39.251,14.816,28.938,12.816,7.3066,6.8239,-7.7733,-22.773,-5.7442,-16.271,-3.5982,7.9647,21.548,3.7855,8.9907,-8.3101,12.479,-0.83549,-13.547,-15.774,5.6505,-6.0381,-19.892,-4.434,11.981,-1.0807,-15.061,7.2538,-4.433,-10.672,-10.978,13.007,-10.813,-0.85824,-4.1294,-2.8359,-3.4816,28.202,0.782,0,-13.798,12.501,-3.7408,-12.012,-12.113,8.3865,10.637,-6.2295,0.63963,2.0411,10.906,11.251,-41.619,1.3531,-29.676,4.2623,-6.741,6.0124,4.8384,-2.8321,-11.925,21.161,-4.2057,-3.4181,3.8483,-0.51936,-11.996,-16.82,-2.1422,-6.9299,0.13181,0.35294,-0.51765,34.991,19.471,1.3756,-0.79003,10.131,-1.1046,-1.2428,0.39351,6.3877,1.5701,17.711,3.2391,6.4332,-17.755,15.934,6.2671,-5.8641,4.5571,8.9482,-18.794,3.843,-13.798,0,-11.368,2.134,3.0874,6.2023,-17.194,-8.4753,3.9148,-6.0658,-6.8053,-1.3054,-8.4731,13.66,5.8798,19.358,0.61934,18.952,-1.6791,2.7345,-7.7445,25.463,-11.121,2.6385,-13.972,-14.974,-20.898,-5.0052,4.9915,9.0159,-7.4151,-21.969,12.87,-18.747,-6.4046,-2.113,19.4,-16.831,-6.9845,-19.907,19.922,-0.26396,-2.3485,16.122,1.82,-19.853,-35.179,5.9277,-3.2926,9.0225,-4.0478,10.28,10.407,14.061,16.97,12.501,-11.368,0,8.996,-23.88,3.3873,0.08892,23.451,11.03,-12.717,-11.268,17.693,12.311,-14.009,13.374,-13.357,20.946,-0.56477,20.628,11.3,10.642,-7.1461,3.6671,-20.372,-8.7112,3.8904,-16.004,-17.638,-12.342,21.043,-21.305,-10.917,2.7739,-19.696,3.4951,11.944,11.461,-10.307,13.862,-12.776,4.7281,6.0737,14.187,12.085,10.398,-3.2098,-7.267,-2.3419,11.471,12.651,8.8388,30.05,19.683,-7.0742,16.343,-3.7408,2.134,8.996,0,-9.4542,19.522,-7.2188,11.808,17.18,-16.604,-17.043,1.2461,4.8789,4.6025,7.3103,6.6911,14.386,7.6172,9.4297,0.023878,16.664,-0.19621,-7.6341,-20.643,19.637,14.91,22.237,9.197,-0.99177,-8.7161,8.8169,27.427,-19.998,19.575,0.46338,-0.97268,-20.52,16.947,4.7193,20.99,-25.008,-1.7624,4.0353,-21.226,-6.6627,18.83,24.24,0.21546,0.1297,-13.338,7.3918,-12.47,-15.112,-9.2515,-18.633,-12.012,3.0874,-23.88,-9.4542,0,-4.3938,6.2729,-18.535,-8.356,17.702,15.269,-24.38,-14.034,13.268,-18.49,10.631,-23.851,-3.6264,-19.326,-18.681,-4.1413,0.88493,-4.264,19.625,-1.014,7.3117,-8.8556,-15.343,-14.684,11.956,-23.983,-3.4009,0.97792,-13.217,6.7888,15.638,4.9742,-1.7428,13.161,-8.0545,2.4154,11.258,15.068,1.7764,9.3236,-3.1989,-2.7488,-3.7644,16.781,19.065,6.7001,18.683,17.844,-14.764,11.788,-12.113,6.2023,3.3873,19.522,-4.3938,0,-14.583,8.8915,14.441,-13.437,-12.787,0.87814,6.6169,10.847,6.4259,12.701,10.718,10.057,5.22,4.2864,11.681,5.547,-11.478,-15.762,4.934,-0.56222,5.7409,11.807,12.437,-1.6663,11.478,4.6925,-4.6393,6.6712,-16.66,-14.127,-4.9746,1.9523,-7.0083,5.8188,-5.1972,-10.914,-3.5951,-4.2832,-13.583,3.6009,2.2868,11.286,-13.345,-17.223,5.9876,-9.5401,-16.374,11.21,-9.6077,8.3865,-17.194,0.08892,-7.2188,6.2729,-14.583,0,-3.6228,-6.2741,11.862,9.4405,-4.8349,-3.6034,-7.9675,-10.273,-9.4351,-8.0578,-13.928,-1.9524,-11.657,1.0195,-11.918,4.8062,7.4279,-6.2279,-8.3858,-14.032,-3.6351,5.7576,17.981,-7.6156,-12.979,13.09,-14.376,-6.9634,-1.2659,12.578,-8.6307,-5.8921,-14.899,16.961,9.6932,-0.63755,9.0373,3.5885,-18.474,-18.797,11.154,2.9531,16.963,1.7949,12.436,11.289,7.3577,13.635,10.637,-8.4753,23.451,11.808,-18.535,8.8915,-3.6228,0,7.5029,-11.369,-8.7839,12.418,24.125,-11.136,7.7655,-8.3451,17.95,2.2256,13.103,9.1996,9.8711,-7.5203,5.9037,-29.615,-13.999,-3.9177,-24.193,-25.098,-12.396,8.9641,-28.816,-15.897,5.917,-26.17,9.409,18.733,20.338,-18.703,7.2208,-22.26,9.8961,-4.5998,15.37,13.091,14.825,-9.9911,-12.843,-5.3327,11.158,12.23,-2.1784,21.504,23.173,-4.6276,27.606,-6.2295,3.9148,11.03,17.18,-8.356,14.441,-6.2741,7.5029,0,-22.77,-27.446,7.468,-1.1129,4.2667,18.373,7.0953,20.801,13.035,20.254,5.7251,11.602,7.5218,-16.684,-15.526,20.849,8.6567,28.714,26.75,10.089,-10.6,25.288,23.232,-15.258,26.819,-10.538,-17.099,-23.72,20.38,-3.6052,26.09,-18.436,0.21775,-9.6019,-18.427,-18.628,14.824,16.44,4.997,-11.41,-20.964,5.7185,-22.654,-32.801,2.2563,-35.164,0.63963,-6.0658,-12.717,-16.604,17.702,-13.437,11.862,-11.369,-22.77,0,39.741,-14.176,-5.0964,0.83549,-27.876,-3.1711,-33.367,-14.575,-23.227,-13.551,-6.5407,-8.1401,6.8449,19.8,21.25,7.2533,31.808,34.949,11.895,-10.704,28.267,23.142,-13.601,31.05,-11.747,-19.01,-26.203,23.051,-5.264,28.972,-16.154,3.3535,-11.019,-18.851,-20.839,13.267,14.188,6.8521,-12.434,-17.023,5.1138,-25.312,-32.937,3.5301,-36.255,2.0411,-6.8053,-11.268,-17.043,15.269,-12.787,9.4405,-8.7839,-27.446,39.741,0,-12.992,-2.4102,-0.251,-26.683,-4.7341,-29.533,-16.626,-25.171,-11.039,-5.966,-10.409,10.954,17.891,-16.883,-24.172,-17.216,-7.0205,3.7655,2.5415,-5.8446,-21.509,23.718,-13.915,1.9176,1.0992,19.168,-15.053,-11.487,-20.243,31.421,-3.518,-6.9479,14.354,7.2395,-28.208,-23.161,-0.32094,-0.67003,12.144,-16.518,5.9461,11.205,10.57,15.978,10.906,-1.3054,17.693,1.2461,-24.38,0.87814,-4.8349,12.418,7.468,-14.176,-12.992,0,10.094,-14.545,22.877,-10.649,19.743,5.7441,21.418,29.398,-1.1442,4.4155,2.2906,-11.96,0.3161,-5.0378,-5.2647,1.475,8.77,12.008,-2.4955,-5.1059,12.342,-6.3569,-9.773,-5.7556,3.855,-0.21988,-8.0438,-6.2472,11.74,15.145,-4.7641,1.4243,-1.095,-12.901,-8.9817,12.17,0.99036,13.851,2.7742,5.8394,4.9878,6.4866,4.8094,11.251,-8.4731,12.311,4.8789,-14.034,6.6169,-3.6034,24.125,-1.1129,-5.0964,-2.4102,10.094,0,-12.192,2.3878,-9.9337,9.4794,-1.0851,5.6164,10.138,2.962,-7.3893,11.068,-16.231,6.3041,19.846,5.238,-6.2831,-21.364,-3.1635,-6.8282,9.5715,-15.92,2.5891,12.188,13.748,-7.3798,7.2284,23.562,6.6286,-15.213,2.6067,13.988,-6.8277,3.3905,14.572,12.706,-12.598,9.5761,-0.66169,6.312,2.1344,2.1651,-28.805,-2.4398,-41.619,13.66,-14.009,4.6025,13.268,10.847,-7.9675,-11.136,4.2667,0.83549,-0.251,-14.545,-12.192,0,-3.6855,29.502,-6.3348,4.9673,-8.8815,-7.7852,3.8533,8.8712,-16.985,5.1568,-26.189,-15.729,-25.733,-19.208,-6.6629,2.8656,-15.687,-26.561,16.753,-20.903,11.483,12.407,26.333,-22.552,-1.4401,-26.45,22.356,-5.601,2.7341,19.545,15.601,-18.389,-20.05,-7.6332,5.6521,14.579,-15.617,12.56,21.705,2.0115,28.307,1.3531,5.8798,13.374,7.3103,-18.49,6.4259,-10.273,7.7655,18.373,-27.876,-26.683,22.877,2.3878,-3.6855,0,-0.67244,26.474,12.649,25.635,21.159,2.1452,10.799,-6.2491,-12.574,3.7656,14.587,1.7879,-11.022,-21.375,1.773,-10.455,6.0494,-7.6102,-0.37583,17.342,21.5,-2.9074,3.2303,19.851,1.9915,-8.7083,2.016,19.074,-4.604,10.888,8.4901,11.116,-10.532,19.546,3.9788,5.3749,6.5156,6.4387,-39.581,1.4591,-29.676,19.358,-13.357,6.6911,10.631,12.701,-9.4351,-8.3451,7.0953,-3.1711,-4.7341,-10.649,-9.9337,29.502,-0.67244,0,-2.0925,13.204,-4.224,-6.2056,0.83172,14.395,-19.567,1.7405,-19.835,-12.959,-37.375,-18.355,-3.8076,12.414,-19.796,-29.169,20.13,-32.598,4.8619,10.038,31.126,-23.294,-1.3228,-38.245,26.985,-0.21779,5.5365,18.945,14.451,-23.374,-24.214,-0.37869,8.083,20.755,-6.1598,21.394,26.768,2.9056,39.251,4.2623,0.61934,20.946,14.386,-23.851,10.718,-8.0578,17.95,20.801,-33.367,-29.533,19.743,9.4794,-6.3348,26.474,-2.0925,0,11.596,32.83,15.652,6.6357,4.2057,-3.7018,-26.803,-7.8415,-2.9756,-10.523,-19.213,-10.283,7.4785,-14.858,-8.0609,10.184,-10.45,21.664,22.895,12.293,-9.803,4.387,-13.069,9.0753,-0.33024,10.011,6.3996,40.397,-8.3026,-2.4354,-6.9977,28.157,15.783,-5.7271,14.639,19.41,-11.249,14.816,-6.741,18.952,-0.56477,7.6172,-3.6264,10.057,-13.928,2.2256,13.035,-14.575,-16.626,5.7441,-1.0851,4.9673,12.649,13.204,11.596,0,9.5568,6.2791,-4.6085,21.295,-12.125,-8.1444,-21.295,-16.754,-33.857,-15.481,-1.3743,9.1351,-15.025,-29.661,19.658,-26.82,3.3748,7.6696,34.088,-28.802,-4.1533,-38.301,26.298,-7.0442,4.1853,18.7,11.986,-24.482,-24.807,0.3503,4.6068,12.66,-8.1186,15.236,17.77,6.1269,28.938,6.0124,-1.6791,20.628,9.4297,-19.326,5.22,-1.9524,13.103,20.254,-23.227,-25.171,21.418,5.6164,-8.8815,25.635,-4.224,32.83,9.5568,0,13.498,5.0729,4.3987,-4.705,-17.906,-11.799,-15.851,-11.934,-7.169,0.18092,-1.0521,-6.849,-13.894,17.729,-10.552,5.2794,3.3809,12.119,-8.381,-7.9613,-13.631,20.683,0.85225,-5.9878,8.8298,6.7015,-19.328,-15.404,-3.8967,1.0384,14.694,-17.824,4.511,11.51,5.1138,12.816,4.8384,2.7345,11.3,0.023878,-18.681,4.2864,-11.657,9.1996,5.7251,-13.551,-11.039,29.398,10.138,-7.7852,21.159,-6.2056,15.652,6.2791,13.498,0,-2.5078,7.468,1.3531,-9.4593,-3.033,4.1475,-7.9929,-4.9108,-5.2834,9.1759,-9.5603,-4.7984,-5.2084,-9.8762,-5.377,2.5444,4.1935,-4.0181,8.0156,-5.3059,-0.42149,3.3667,8.1949,5.6094,-2.5538,-0.468,-8.3423,2.5459,-0.78878,3.8317,10.154,8.8547,5.8045,-0.60442,7.3066,-2.8321,-7.7445,10.642,16.664,-4.1413,11.681,1.0195,9.8711,11.602,-6.5407,-5.966,-1.1442,2.962,3.8533,2.1452,0.83172,6.6357,-4.6085,5.0729,-2.5078,0,-9.0512,-4.3299,-11.158,-5.2968,-0.74461,-4.1253,-14.634,-13.635,-3.3203,-9.4923,-2.77,4.5707,-4.1832,29.33,19.436,5.1367,-4.0284,5.322,-5.671,3.1051,-5.5801,6.1118,1.8393,17.96,-2.3961,2.6967,-16.347,14.273,7.0251,-10.277,4.9097,9.9891,-13.24,6.8239,-11.925,25.463,-7.1461,-0.19621,0.88493,5.547,-11.918,-7.5203,7.5218,-8.1401,-10.409,4.4155,-7.3893,8.8712,10.799,14.395,4.2057,21.295,4.3987,7.468,-9.0512,0,-15.828,1.3115,2.7663,-6.8397,6.1792,16.794,20.667,-0.72137,15.922,1.5126,4.4444,8.4561,-14.684,-20.119,-4.8275,4.559,-15.268,5.8629,3.0025,6.9634,-16.287,-1.3829,-10.549,-2.1075,-2.3537,13.527,-12.175,-3.0066,-0.5865,-9.5074,-9.7364,16.478,-7.7733,21.161,-11.121,3.6671,-7.6341,-4.264,-11.478,4.8062,5.9037,-16.684,6.8449,10.954,2.2906,11.068,-16.985,-6.2491,-19.567,-3.7018,-12.125,-4.705,1.3531,-4.3299,-15.828,0,1.5457,10.051,5.6961,22.406,12.644,2.1101,-22.006,17.519,17.13,-13.371,25.636,0.43348,-6.2747,-18.189,13.163,-0.76765,22.248,-17.007,-7.3841,-5.7171,-12.64,-9.9187,16.916,17.454,-4.1107,-9.0071,-22.575,-1.9844,-24.699,-21.675,-1.1667,-22.773,-4.2057,2.6385,-20.372,-20.643,19.625,-15.762,7.4279,-29.615,-15.526,19.8,17.891,-11.96,-16.231,5.1568,-12.574,1.7405,-26.803,-8.1444,-17.906,-9.4593,-11.158,1.3115,1.5457,0
