0,2.0503,-6.5816,-5.2614,-0.50798,0.03013,1.1278,-0.9735,3.6077,-1.7345,0.95384,-4.9936,8.497,0.87996,-5.3564,-0.37327,3.4011,-6.9965,4.7917,-1.6229,6.5531,2.0503,0,2.2752,-10.206,5.1848,6.1943,7.3281,2.9195,5.788,2.1861,-4.6278,-7.0026,6.8136,-9.5324,-7.0901,3.5793,1.3821,-3.5571,6.7396,-0.80997,6.0605,-6.5816,2.2752,0,-1.8876,2.92,5.3167,1.7528,-1.7328,0.88682,4.2972,1.6467,0.87819,-0.81674,-4.7798,-1.7108,-0.42912,-1.2885,5.5935,-2.7893,-0.30632,-1.7949,-5.2614,-10.206,-1.8876,0,-4.4307,-7.7259,-4.9876,2.4569,-7.6801,-1.1394,0.56653,5.9782,-8.5419,7.3287,9.2988,-2.9054,-3.3637,2.7557,-6.1091,1.5552,-7.5611,-0.50798,5.1848,2.92,-4.4307,0,7.0064,4.0532,-1.5385,3.6862,3.5156,-4.365,-1.4386,-0.37166,-5.9971,-4.423,6.1432,-2.4934,-3.2048,0.33606,2.2942,5.6058,0.03013,6.1943,5.3167,-7.7259,7.0064,0,3.7552,-0.76224,7.507,4.2138,-0.72388,-3.5529,3.3587,-5.7471,-5.2241,2.1012,1.0518,1.8567,2.641,1.9429,4.3356,1.1278,7.3281,1.7528,-4.9876,4.0532,3.7552,0,2.4572,4.6809,0.71917,-2.3375,-8.1568,4.9316,-6.5,-4.6955,1.1724,2.0064,-1.6916,4.9826,4.2118,6.8508,-0.9735,2.9195,-1.7328,2.4569,-1.5385,-0.76224,2.4572,0,0.16044,0.76216,-4.1147,-4.6199,2.1944,-1.1067,0.28794,-0.64188,0.7866,-1.0378,4.2704,1.1537,0.71141,3.6077,5.788,0.88682,-7.6801,3.6862,7.507,4.6809,0.16044,0,4.0339,-1.6101,-4.5059,5.0591,-3.5768,-5.494,1.3521,5.3191,-0.64862,2.1851,1.1576,9.628,-1.7345,2.1861,4.2972,-1.1394,3.5156,4.2138,0.71917,0.76216,4.0339,0,1.916,1.3959,1.1187,0.18061,-5.0616,-0.82669,3.5361,-0.038371,-1.0308,-2.0158,3.4971,0.95384,-4.6278,1.6467,0.56653,-4.365,-0.72388,-2.3375,-4.1147,-1.6101,1.916,0,2.0338,1.2004,4.7778,-0.88832,-5.8997,3.25,2.6654,-1.9688,0.027078,-2.3344,-4.9936,-7.0026,0.87819,5.9782,-1.4386,-3.5529,-8.1568,-4.6199,-4.5059,1.3959,2.0338,0,-8.1426,6.9902,3.8111,1.9118,-4.7681,1.7877,-10.089,-0.79101,-6.969,8.497,6.8136,-0.81674,-8.5419,-0.37166,3.3587,4.9316,2.1944,5.0591,1.1187,1.2004,-8.1426,0,-3.0873,-9.9664,-0.22666,5.55,-3.8719,8.1567,-1.8427,6.9406,0.87996,-9.5324,-4.7798,7.3287,-5.9971,-5.7471,-6.5,-1.1067,-3.5768,0.18061,4.7778,6.9902,-3.0873,0,3.1925,-2.3209,-1.1474,0.83897,-4.8291,0.46289,-4.1681,-5.3564,-7.0901,-1.7108,9.2988,-4.423,-5.2241,-4.6955,0.28794,-5.494,-5.0616,-0.88832,3.8111,-9.9664,3.1925,0,-2.3109,-2.7654,5.2515,-4.5142,1.6721,-7.9143,-0.37327,3.5793,-0.42912,-2.9054,6.1432,2.1012,1.1724,-0.64188,1.3521,-0.82669,-5.8997,1.9118,-0.22666,-2.3209,-2.3109,0,-4.3481,-4.3016,-0.43553,2.243,1.9448,3.4011,1.3821,-1.2885,-3.3637,-2.4934,1.0518,2.0064,0.7866,5.3191,3.5361,3.25,-4.7681,5.55,-1.1474,-2.7654,-4.3481,0,0.37781,4.5677,-2.5698,6.0242,-6.9965,-3.5571,5.5935,2.7557,-3.2048,1.8567,-1.6916,-1.0378,-0.64862,-0.038371,2.6654,1.7877,-3.8719,0.83897,5.2515,-4.3016,0.37781,0,-3.7901,1.1519,-5.4675,4.7917,6.7396,-2.7893,-6.1091,0.33606,2.641,4.9826,4.2704,2.1851,-1.0308,-1.9688,-10.089,8.1567,-4.8291,-4.5142,-0.43553,4.5677,-3.7901,0,-1.9225,5.3684,-1.6229,-0.80997,-0.30632,1.5552,2.2942,1.9429,4.2118,1.1537,1.1576,-2.0158,0.027078,-0.79101,-1.8427,0.46289,1.6721,2.243,-2.5698,1.1519,-1.9225,0,0.0045566,6.5531,6.0605,-1.7949,-7.5611,5.6058,4.3356,6.8508,0.71141,9.628,3.4971,-2.3344,-6.969,6.9406,-4.1681,-7.9143,1.9448,6.0242,-5.4675,5.3684,0.0045566,0
