0,1.2289,-14.279,-0.36537,2.5025,1.8699,-0.344,4.8368,7.1951,-7.1526,-4.6954,-3.5398,11.167,11.042,-7.4195,1.4632,-9.3458,-6.2741,6.7096,-2.3845,3.9426,1.2289,0,-2.9805,5.1928,0.79849,-3.0151,-0.74136,7.2424,0.003019,1.5944,3.2079,-1.3205,1.6608,4.319,-4.264,2.0198,1.5967,-0.88666,1.73,0.022529,3.2675,-14.279,-2.9805,0,0.026917,-1.7391,-0.19178,1.3915,-7.3552,-4.2555,3.7881,3.823,2.7037,-8.8521,-8.3292,6.0992,0.96807,6.473,5.3587,-8.9024,2.258,-2.3209,-0.36537,5.1928,0.026917,0,3.4544,-4.187,4.2867,5.8326,-5.155,0.21822,-0.78828,-2.0116,-3.5333,1.9185,-0.44426,-2.1643,0.94023,-2.8238,0.22263,8.4362,0.78526,2.5025,0.79849,-1.7391,3.4544,0,0.038637,10.313,3.4363,1.0993,-5.691,-3.8968,-10.163,-1.9001,3.0929,-5.3365,3.8588,-7.7034,-9.1886,0.086041,3.0823,1.3195,1.8699,-3.0151,-0.19178,-4.187,0.038637,0,1.2377,-0.96377,4.3983,-2.9322,0.56061,-2.4988,4.1543,0.0058502,-2.0001,0.98025,-0.99872,-1.4352,0.65011,-2.1784,-0.24917,-0.344,-0.74136,1.3915,4.2867,10.313,1.2377,0,0.22934,0.65751,-3.5617,-3.3405,-8.3322,-3.7723,-0.14152,-3.1273,2.2942,-4.7361,-6.5503,-3.3422,2.8557,0.12681,4.8368,7.2424,-7.3552,5.8326,3.4363,-0.96377,0.22934,0,-2.3133,-2.3111,0.15241,-3.3924,3.4661,6.9614,-4.8216,-0.85534,-1.4748,-3.1133,9.9819,2.8809,1.3979,7.1951,0.003019,-4.2555,-5.155,1.0993,4.3983,0.65751,-2.3133,0,-5.2323,-2.4562,-3.586,6.9288,4.1447,-6.0488,5.3585,-6.08,-3.7374,-1.0283,-7.5781,3.8859,-7.1526,1.5944,3.7881,0.21822,-5.691,-2.9322,-3.5617,-2.3111,-5.2323,0,5.8858,7.7195,-4.2749,-6.8886,4.9221,-4.6188,8.8557,5.6004,-2.9003,0.19403,-1.8652,-4.6954,3.2079,3.823,-0.78828,-3.8968,0.56061,-3.3405,0.15241,-2.4562,5.8858,0,4.7086,0.36441,-1.6153,-0.6627,2.6474,8.7051,6.8881,0.025362,0.97707,1.7114,-3.5398,-1.3205,2.7037,-2.0116,-10.163,-2.4988,-8.3322,-3.3924,-3.586,7.7195,4.7086,0,-0.53659,-3.9245,4.8847,-3.9884,6.8576,8.1304,-0.75101,-0.76423,-1.835,11.167,1.6608,-8.8521,-3.5333,-1.9001,4.1543,-3.7723,3.4661,6.9288,-4.2749,0.36441,-0.53659,0,9.4882,-6.1742,2.5589,-3.6725,-0.95998,7.5846,-4.9585,6.177,11.042,4.319,-8.3292,1.9185,3.0929,0.0058502,-0.14152,6.9614,4.1447,-6.8886,-1.6153,-3.9245,9.4882,0,-6.28,3.9687,-5.8096,-4.9857,7.0377,-0.60773,7.588,-7.4195,-4.264,6.0992,-0.44426,-5.3365,-2.0001,-3.1273,-4.8216,-6.0488,4.9221,-0.6627,4.8847,-6.1742,-6.28,0,-5.8646,5.2433,4.5263,-2.9889,0.84689,-4.4334,1.4632,2.0198,0.96807,-2.1643,3.8588,0.98025,2.2942,-0.85534,5.3585,-4.6188,2.6474,-3.9884,2.5589,3.9687,-5.8646,0,-3.0602,-0.45406,-1.2429,-1.5343,4.8422,-9.3458,1.5967,6.473,0.94023,-7.7034,-0.99872,-4.7361,-1.4748,-6.08,8.8557,8.7051,6.8576,-3.6725,-5.8096,5.2433,-3.0602,0,8.8155,-2.1572,2.2891,-1.691,-6.2741,-0.88666,5.3587,-2.8238,-9.1886,-1.4352,-6.5503,-3.1133,-3.7374,5.6004,6.8881,8.1304,-0.95998,-4.9857,4.5263,-0.45406,8.8155,0,-0.68352,-1.4329,-0.36682,6.7096,1.73,-8.9024,0.22263,0.086041,0.65011,-3.3422,9.9819,-1.0283,-2.9003,0.025362,-0.75101,7.5846,7.0377,-2.9889,-1.2429,-2.1572,-0.68352,0,0.90076,1.879,-2.3845,0.022529,2.258,8.4362,3.0823,-2.1784,2.8557,2.8809,-7.5781,0.19403,0.97707,-0.76423,-4.9585,-0.60773,0.84689,-1.5343,2.2891,-1.4329,0.90076,0,-2.6164,3.9426,3.2675,-2.3209,0.78526,1.3195,-0.24917,0.12681,1.3979,3.8859,-1.8652,1.7114,-1.835,6.177,7.588,-4.4334,4.8422,-1.691,-0.36682,1.879,-2.6164,0
