0,-3.0921,20.154,-19.585,-8.0861,-36.816,-25.454,19.438,45.398,35.907,-18.452,6.7987,-18.269,7.2458,0.6133,-19.607,-28.62,18.118,7.7847,45.839,-29.196,-21.876,-3.4444,28.485,-9.569,20.871,25.635,10.987,-2.8389,26.66,-5.1911,-24.058,12.707,23.888,23.854,-39.923,22.574,-28.878,34.517,24.552,1.002,15.732,-24.603,27.956,22.187,8.3783,10.662,25.387,-28.587,-9.455,-31.288,15.19,29.646,37.561,23.91,-3.0921,0,-6.4962,1.5989,-6.6155,3.1639,10.076,-0.6768,-4.4756,-4.2264,-2.8912,11.086,-1.7424,0.87799,-1.9023,4.5142,7.8234,-3.0762,9.453,-3.6464,8.3452,-2.6233,-12.743,-6.6667,-1.6708,-4.5229,-10.599,2.4103,14.098,-9.078,-2.6574,8.633,0.68444,-1.2339,-11.423,3.8536,-11.847,7.4486,-3.5223,-10.13,-9.4181,-11.627,1.4867,-6.844,-4.8687,-2.2076,-2.5523,-2.9714,9.9373,-6.9264,-0.82994,-16.628,-6.5471,-6.8043,-2.8236,20.154,-6.4962,0,-20.854,-7.2264,-17.419,-22.368,20.836,18.45,26.196,-17.355,2.3861,-5.0065,6.1217,-7.2188,-7.8172,-13.623,15.686,10.824,18.223,-15.439,-21.518,-4.9956,12.98,-2.7984,18.215,13.164,19.558,2.5591,24.279,4.058,-27.097,21.628,8.4428,21.69,-25.521,14.857,-22.14,24.854,12.494,9.7567,11.957,-11.337,16.048,10.073,-0.44907,-0.71025,20.932,-21.093,-11.556,-17.911,14.443,23.354,19.973,11.978,-19.585,1.5989,-20.854,0,9.0339,19.572,16.485,-15.166,-21.111,-26.253,18.484,-10.161,9.1092,-0.34114,3.4894,9.739,13.999,-10.442,-13.538,-19.622,17.124,32.98,6.0976,-14.756,9.8475,-15.768,-9.2741,-11.331,-3.6516,-19.429,3.3578,22.279,-17.772,-7.5205,-11.688,22.817,-13.498,17.123,-16.04,-11.402,-2.7929,-13.048,15.46,-16.067,-13.92,-4.3067,-3.2433,-15.06,18.287,9.5601,26.679,-9.7102,-26.985,-18.077,-15.29,-8.0861,-6.6155,-7.2264,9.0339,0,10.676,4.6655,-13.186,-6.8117,-8.0027,15.006,2.0069,8.9386,1.7953,7.3302,4.5981,2.6705,-3.4652,-21.509,-8.8224,2.784,15.287,8.4428,-3.4389,14.647,-3.1195,-0.99277,-7.3838,-11.099,-3.9838,5.6101,6.2406,-10.252,-2.5849,0.32247,7.5952,1.728,3.9705,-8.9457,-1.4632,-3.4235,-2.4245,1.6745,-3.8973,-7.8935,-4.4232,-0.60847,-6.6296,6.4591,17.222,14.201,5.5359,-7.5795,-5.1662,-11.224,-36.816,3.1639,-17.419,19.572,10.676,0,27.398,-17.899,-35.243,-29.627,16.172,-4.0941,23.656,-3.9604,-0.28097,21.139,30.336,-16.965,-8.3593,-49.45,26.975,21.884,2.3582,-30.425,11.676,-17.158,-22.881,-6.4718,0.92876,-25.948,8.1143,23.138,-11.289,-19.302,-18.006,30.232,-21.3,22.555,-25.707,-25.923,-0.75406,-16.403,24.743,-30.097,-29.157,-13.264,-12.035,-18.183,31.491,6.8826,30.898,-13.512,-30.931,-33.69,-25.515,-25.454,10.076,-22.368,16.485,4.6655,27.398,0,-18.414,-25.116,-23.668,9.5242,-0.08013,12.787,-7.1319,3.1343,14.176,25.919,-15.282,-4.0961,-26.203,22.096,15.396,-1.0815,-23.117,6.4023,-21.789,-24.71,-6.4047,4.0585,-28.288,3.5586,26.933,-9.2522,-13.762,-25.05,24.084,-28.132,23.701,-23.104,-28.415,-3.8033,-14.876,18.395,-24.759,-18.553,-8.2117,-6.7483,-16.142,34.152,2.9204,18.325,-19.204,-25.377,-29.987,-18.802,19.438,-0.6768,20.836,-15.166,-13.186,-17.899,-18.414,0,15.934,18.988,-15.37,2.3458,-6.8809,13.283,-8.39,-6.1002,-10.669,6.5663,17.159,17.219,-10.063,-19.823,-10.395,9.5589,-6.966,23.341,10.768,15.328,1.0486,12.247,1.3723,-13.711,12.966,8.1149,13.834,-18.928,9.3381,-13.652,20.021,12.252,1.0424,3.0551,-9.4792,10.758,8.0339,-1.1859,0.95193,21.897,-16.454,-16.396,-21.04,5.2509,14.774,17.846,16.226,45.398,-4.4756,18.45,-21.111,-6.8117,-35.243,-25.116,15.934,0,32.979,-15.776,7.1315,-18.212,5.4944,0.77912,-19.218,-30.115,18.33,5.8582,41.226,-33.061,-21.296,-0.70614,30.77,-11.581,20.438,26.078,8.7791,-4.1093,28.936,-7.4613,-26.471,10.598,23.441,23.189,-33.498,26.228,-32.505,29.528,24.911,1.9387,18.989,-24.437,27.874,23.876,10.456,10.709,20.654,-27.594,-6.8737,-28.923,16.897,33.273,34.565,26.986,35.907,-4.2264,26.196,-26.253,-8.0027,-29.627,-23.668,18.988,32.979,0,-23.1,7.4756,-13.675,4.4306,0.54339,-17.207,-24.25,17.025,10.464,34.669,-28.804,-25.963,-5.8583,24.303,-6.6426,19.083,19.402,13.468,-0.39006,29.82,-1.2759,-26.036,19.136,16.078,22.354,-54.97,19.904,-25.766,28.11,20.235,2.8471,16.648,-22.721,27.453,19.434,5.7135,8.4177,27.776,-29.703,-10.962,-31.266,16.513,38.501,34.914,17.979,-18.452,-2.8912,-17.355,18.484,15.006,16.172,9.5242,-15.37,-15.776,-23.1,0,-7.6296,10.165,-0.21079,-1.0525,12.95,10.967,-11.094,-18.618,-17.864,14.005,23.348,13.592,-12.087,5.7583,-8.312,-8.2003,-18.589,-6.6358,-13.553,-1.4729,13.613,-29.078,-10.134,-9.9129,22.971,-5.9945,12.554,-18.099,-7.7681,-2.2608,-9.8148,12.17,-14.168,-12.36,-1.1804,-5.9329,-22.618,14.605,23.563,24.352,-5.2405,-17.651,-15.179,-10.059,6.7987,11.086,2.3861,-10.161,2.0069,-4.0941,-0.08013,2.3458,7.1315,7.4756,-7.6296,0,-3.9056,3.7222,4.2379,-2.8914,-3.8657,3.1287,5.7668,5.5347,-5.7428,-9.2086,-9.9418,4.6318,-1.1903,6.6846,0.8048,6.5579,2.0756,3.2095,-1.2873,-2.1151,5.5657,6.5536,2.2757,-7.1747,3.4813,-4.5583,3.609,1.6301,-9.5217,0.41489,-11.002,4.1642,1.9305,-1.1082,3.4434,6.8768,-0.79362,-4.8877,-8.5617,1.566,5.3552,5.0083,3.167,-18.269,-1.7424,-5.0065,9.1092,8.9386,23.656,12.787,-6.8809,-18.212,-13.675,10.165,-3.9056,0,1.0936,-6.7151,26.261,21.974,-13.243,-3.3407,-22.235,17.867,11.079,0.087702,-24.106,11.824,-5.9849,-16.362,1.3485,0.25598,-13.293,15.246,10.84,-4.5308,-20.101,-8.073,14.702,-12.992,11.196,-13.047,-17.905,4.7732,-13.244,21.842,-21.164,-31.042,-23.642,-20.951,-8.426,15.968,1.9506,17.22,-7.212,-14.725,-16.535,-16.183,7.2458,0.87799,6.1217,-0.34114,1.7953,-3.9604,-7.1319,13.283,5.4944,4.4306,-0.21079,3.7222,1.0936,0,-6.5348,2.5982,-3.1926,1.782,2.4426,4.4868,-1.7009,-2.7555,-4.6144,1.435,1.6641,17.675,6.9154,8.4501,-6.8795,2.5138,4.4977,-1.8807,-1.1557,6.9596,10.409,-5.2087,5.7121,-6.7708,8.4745,6.2011,-3.1397,-6.1391,-3.2973,1.0692,-3.1159,-6.7831,-2.898,10.11,-2.8126,-4.8774,-3.5977,3.3909,1.4986,6.9125,6.5908,0.6133,-1.9023,-7.2188,3.4894,7.3302,-0.28097,3.1343,-8.39,0.77912,0.54339,-1.0525,4.2379,-6.7151,-6.5348,0,-12.38,-6.1383,-0.71318,-7.7067,2.0447,-6.5965,6.1857,0.12352,6.7418,4.6835,-6.1326,4.4542,-7.6135,-8.1362,-0.32746,-0.56067,4.4441,-1.661,5.8422,-0.052747,-1.0523,2.0078,2.5506,-3.4536,5.1365,-10.985,4.8815,-7.6746,5.9533,6.1714,5.8115,21.828,1.7034,-1.753,4.6057,0.67258,4.534,-0.076263,2.5627,-3.8895,-19.607,4.5142,-7.8172,9.739,4.5981,21.139,14.176,-6.1002,-19.218,-17.207,12.95,-2.8914,26.261,2.5982,-12.38,0,27.761,-13.484,-0.78972,-23.2,25.812,9.0734,-0.18653,-31.142,6.4625,-5.5791,-21.475,-1.0636,4.1992,-16.622,7.6678,13.198,-8.1873,-20.51,-12.731,18.725,-15.974,13.127,-14.232,-21.876,3.0637,-19.535,23.586,-29.238,-32.902,-15.451,-27.258,-12.996,21.734,2.7201,16.304,-13.03,-17.052,-20.104,-11.684,-28.62,7.8234,-13.623,13.999,2.6705,30.336,25.919,-10.669,-30.115,-24.25,10.967,-3.8657,21.974,-3.1926,-6.1383,27.761,0,-17.695,-0.98035,-33.824,39.623,12.563,-1.6222,-54.231,6.5097,-14.442,-34.1,-2.9261,6.4781,-27.628,6.7366,20.39,-7.7621,-22.924,-22.34,25.658,-31.139,22.215,-20.256,-39.612,0.46623,-20.826,31.353,-43.632,-30.455,-14.509,-17.565,-16.278,31.766,1.2737,19.04,-22.045,-26.092,-35.069,-17.86,18.118,-3.0762,15.686,-10.442,-3.4652,-16.965,-15.282,6.5663,18.33,17.025,-11.094,3.1287,-13.243,1.782,-0.71318,-13.484,-17.695,0,1.3145,18.043,-18.077,-12.652,2.764,18.546,-3.3651,8.2779,17.516,8.9109,2.2828,25.352,-3.9153,-21.212,10.857,18.934,18.681,-18.517,17.346,-23.412,22.202,12.805,9.5217,19.093,-15.345,19.721,15.845,10.207,4.965,10.919,-15.021,-3.1001,-11.788,17.055,18.753,16.168,11.393,7.7847,9.453,10.824,-13.538,-21.509,-8.3593,-4.0961,17.159,5.8582,10.464,-18.618,5.7668,-3.3407,2.4426,-7.7067,-0.78972,-0.98035,1.3145,0,7.565,-2.0014,-19.424,-22.059,1.2272,-5.7054,7.127,-1.9878,14.038,13.845,3.6745,2.8465,-4.9478,17.05,-0.58347,0.51572,-9.4881,-2.4227,-3.0213,7.7283,0.019892,-0.067168,-1.9807,-3.3395,2.9237,2.723,-3.4844,-2.7684,10.906,-5.3245,-23.46,-14.969,-4.6028,7.8989,5.9555,6.6328,45.839,-3.6464,18.223,-19.622,-8.8224,-49.45,-26.203,17.219,41.226,34.669,-17.864,5.5347,-22.235,4.4868,2.0447,-23.2,-33.824,18.043,7.565,0,-32.407,-21.159,-2.849,34.181,-9.918,17.621,25.547,7.9189,-2.1685,27.929,-6.4573,-23.46,12.387,22.097,20.839,-36.655,22.824,-24.985,28.104,27.266,0.56653,17.625,-27.498,33.909,28.294,11.614,13.135,21.676,-32.715,-7.6192,-31.248,15.552,32.825,40.014,23.488,-29.196,8.3452,-15.439,17.124,2.784,26.975,22.096,-10.063,-33.061,-28.804,14.005,-5.7428,17.867,-1.7009,-6.5965,25.812,39.623,-18.077,-2.0014,-32.407,0,14.528,-0.91916,-41.555,6.7626,-14.187,-28.972,-5.4722,6.2942,-30.524,5.2081,22.631,-10.338,-21.673,-23.332,29.199,-28.752,25.367,-21.135,-28.685,-1.5422,-25.214,27.794,-38.097,-27.268,-11.874,-15.648,-18.683,29.804,3.3641,20.609,-23.768,-31.275,-33.775,-17.481,-21.876,-2.6233,-21.518,32.98,15.287,21.884,15.396,-19.823,-21.296,-25.963,23.348,-9.2086,11.079,-2.7555,6.1857,9.0734,12.563,-12.652,-19.424,-21.159,14.528,0,8.8414,-13.313,11.522,-15.742,-8.8704,-14.985,-7.0405,-17.801,3.8334,20.354,-19.453,-9.4602,-11.054,23.76,-10.564,17.393,-20.404,-9.8393,-3.5299,-10.176,13.968,-14.557,-13.433,-4.3618,-2.0737,-16.836,16.404,14.902,31.988,-6.4292,-24.21,-17.548,-17.94,-3.4444,-12.743,-4.9956,6.0976,8.4428,2.3582,-1.0815,-10.395,-0.70614,-5.8583,13.592,-9.9418,0.087702,-4.6144,0.12352,-0.18653,-1.6222,2.764,-22.059,-2.849,-0.91916,8.8414,0,1.6804,-3.8245,-3.5399,4.5159,-11.897,-10.499,1.5039,-9.8713,-2.3008,-13.644,1.739,1.6176,5.6957,5.9036,-2.5693,-2.3811,2.1081,7.994,7.9166,3.3006,-0.37548,2.169,9.2714,0.40761,-10.278,0.82886,18.19,7.8991,5.912,-1.5997,-2.8191,1.6093,28.485,-6.6667,12.98,-14.756,-3.4389,-30.425,-23.117,9.5589,30.77,24.303,-12.087,4.6318,-24.106,1.435,6.7418,-31.142,-54.231,18.546,1.2272,34.181,-41.555,-13.313,1.6804,0,-7.6552,12.633,30.64,2.9833,-5.3483,27.238,-8.0308,-20.81,8.3792,23.809,20.167,-25.708,28.229,-22.021,20.084,32.431,-0.33886,23.106,-31.873,45.229,35.021,15.755,18.442,15.483,-29.842,-1.7124,-20.01,20.242,26.573,31.306,17.799,-9.569,-1.6708,-2.7984,9.8475,14.647,11.676,6.4023,-6.966,-11.581,-6.6426,5.7583,-1.1903,11.824,1.6641,4.6835,6.4625,6.5097,-3.3651,-5.7054,-9.918,6.7626,11.522,-3.8245,-7.6552,0,-6.2194,-5.8179,0.11983,0.83572,-5.4217,22.768,8.8448,0.25546,-7.6909,-1.7198,6.0394,-5.4728,8.3999,-8.0603,-5.6698,-1.4131,-7.887,4.2166,-5.0758,-11.656,-12.027,-4.2939,-2.499,6.735,4.6187,13.217,1.2721,-8.7088,-6.0028,-21.204,20.871,-4.5229,18.215,-15.768,-3.1195,-17.158,-21.789,23.341,20.438,19.083,-8.312,6.6846,-5.9849,17.675,-6.1326,-5.5791,-14.442,8.2779,7.127,17.621,-14.187,-15.742,-3.5399,12.633,-6.2194,0,15.498,10.687,-6.1308,15.772,-0.76724,-15.778,6.5494,11.461,20.5,-18.54,18.305,-19.81,18.89,17.058,0.4174,5.6786,-13.24,12.362,7.9478,0.69719,1.7861,18.815,-16.181,-6.6343,-16.974,12.346,16.925,21.275,19.227,25.635,-10.599,13.164,-9.2741,-0.99277,-22.881,-24.71,10.768,26.078,19.402,-8.2003,0.8048,-16.362,6.9154,4.4542,-21.475,-34.1,17.516,-1.9878,25.547,-28.972,-8.8704,4.5159,30.64,-5.8179,15.498,0,4.0175,-10.766,23.832,-5.4683,-19.074,4.9278,26.414,29.159,-21.317,31.307,-24.926,22.44,34.936,1.9073,18.646,-20.402,27.015,21.388,11.126,14.066,16.51,-25.678,-1.2014,-14.471,23.16,19.762,28.4,17.892,10.987,2.4103,19.558,-11.331,-7.3838,-6.4718,-6.4047,15.328,8.7791,13.468,-18.589,6.5579,1.3485,8.4501,-7.6135,-1.0636,-2.9261,8.9109,14.038,7.9189,-5.4722,-14.985,-11.897,2.9833,0.11983,10.687,4.0175,0,5.7916,8.7956,9.1271,-10.619,20.546,5.5024,11.084,-13.779,3.1191,-11.643,15.861,1.5133,7.4279,2.6875,-3.532,4.8041,0.54556,-9.9765,-5.8463,18.317,-6.5974,-23.633,-11.252,3.815,9.1252,8.1016,5.0237,-2.8389,14.098,2.5591,-3.6516,-11.099,0.92876,4.0585,1.0486,-4.1093,-0.39006,-6.6358,2.0756,0.25598,-6.8795,-8.1362,4.1992,6.4781,2.2828,13.845,-2.1685,6.2942,-7.0405,-10.499,-5.3483,0.83572,-6.1308,-10.766,5.7916,0,-1.7612,2.0991,0.37778,10.456,-6.7939,-8.1479,0.62934,-9.4253,4.4889,-0.94708,-9.86,3.3185,-3.8974,2.6922,-2.9508,-2.1402,-1.8517,-8.1468,-2.9582,3.6989,-7.4742,-1.6683,-9.3607,-0.66177,-4.9332,-4.576,26.66,-9.078,24.279,-19.429,-3.9838,-25.948,-28.288,12.247,28.936,29.82,-13.553,3.2095,-13.293,2.5138,-0.32746,-16.622,-27.628,25.352,3.6745,27.929,-30.524,-17.801,1.5039,27.238,-5.4217,15.772,23.832,8.7956,-1.7612,0,-3.032,-35.742,13.443,16.439,26.98,-29.716,28.7,-32.306,25.849,22.199,7.641,24.425,-20.724,30.598,21.118,9.5837,7.1967,16.819,-29.618,-3.7737,-18.704,25.54,37.484,29.255,16.616,-5.1911,-2.6574,4.058,3.3578,5.6101,8.1143,3.5586,1.3723,-7.4613,-1.2759,-1.4729,-1.2873,15.246,4.4977,-0.56067,7.6678,6.7366,-3.9153,2.8465,-6.4573,5.2081,3.8334,-9.8713,-8.0308,22.768,-0.76724,-5.4683,9.1271,2.0991,-3.032,0,4.4752,7.0937,-8.5609,1.1914,1.3006,-5.8003,4.4447,-2.7819,-5.539,2.7388,-7.4586,5.6743,-4.8117,-12.078,-21.846,-8.2465,4.3238,3.2874,-5.2209,6.0277,0.8129,-4.2202,-2.7612,-12.946,-24.058,8.633,-27.097,22.279,6.2406,23.138,26.933,-13.711,-26.471,-26.036,13.613,-2.1151,10.84,-1.8807,4.4441,13.198,20.39,-21.212,-4.9478,-23.46,22.631,20.354,-2.3008,-20.81,8.8448,-15.778,-19.074,-10.619,0.37778,-35.742,4.4752,0,-13.822,-13.469,-22.473,25.579,-23.248,31.911,-26.326,-17.121,-9.9529,-22.814,15.139,-22.27,-18.32,-7.612,-3.6708,-14.746,26.016,5.4094,19.472,-18.292,-31.243,-22.238,-17.832,12.707,0.68444,21.628,-17.772,-10.252,-11.289,-9.2522,12.966,10.598,19.136,-29.078,5.5657,-4.5308,-1.1557,-1.661,-8.1873,-7.7621,10.857,17.05,12.387,-10.338,-19.453,-13.644,8.3792,0.25546,6.5494,4.9278,20.546,10.456,13.443,7.0937,-13.822,0,4.3608,9.2852,-18.723,4.822,-10.141,14.095,4.9689,5.4903,8.3903,-9.2024,11.879,7.917,-2.6005,0.85795,17.392,-12.857,-17.977,-15.832,6.2949,15.326,11.762,4.17,23.888,-1.2339,8.4428,-7.5205,-2.5849,-19.302,-13.762,8.1149,23.441,16.078,-10.134,6.5536,-20.101,6.9596,5.8422,-20.51,-22.924,18.934,-0.58347,22.097,-21.673,-9.4602,1.739,23.809,-7.6909,11.461,26.414,5.5024,-6.7939,16.439,-8.5609,-13.469,4.3608,0,18.543,-18.379,18.655,-20.767,21.33,19.291,-1.0899,14.251,-20.259,19.945,18.626,11.423,14.764,14.918,-15.064,-3.9711,-14.91,13.334,14.775,19.591,16.992,23.854,-11.423,21.69,-11.688,0.32247,-18.006,-25.05,13.834,23.189,22.354,-9.9129,2.2757,-8.073,10.409,-0.052747,-12.731,-22.34,18.681,0.51572,20.839,-23.332,-11.054,1.6176,20.167,-1.7198,20.5,29.159,11.084,-8.1479,26.98,1.1914,-22.473,9.2852,18.543,0,-23.961,27.699,-30.833,26.285,22.639,6.0842,15.474,-16.014,20.981,12.821,3.4507,5.8842,21.326,-22.69,-4.2837,-13.467,27.212,20.747,26.528,14.178,-39.923,3.8536,-25.521,22.817,7.5952,30.232,24.084,-18.928,-33.498,-54.97,22.971,-7.1747,14.702,-5.2087,-1.0523,18.725,25.658,-18.517,-9.4881,-36.655,29.199,23.76,5.6957,-25.708,6.0394,-18.54,-21.317,-13.779,0.62934,-29.716,1.3006,25.579,-18.723,-18.379,-23.961,0,-20.325,26.446,-31.28,-21.191,-2.4039,-16.482,23.877,-29.251,-19.987,-5.8065,-9.1941,-29.183,30.188,10.985,29.929,-16.649,-33.856,-36.097,-17.448,22.574,-11.847,14.857,-13.498,1.728,-21.3,-28.132,9.3381,26.228,19.904,-5.9945,3.4813,-12.992,5.7121,2.0078,-15.974,-31.139,17.346,-2.4227,22.824,-28.752,-10.564,5.9036,28.229,-5.4728,18.305,31.307,3.1191,-9.4253,28.7,-5.8003,-23.248,4.822,18.655,27.699,-20.325,0,-26.949,18.759,30.676,2.8023,19.979,-21.834,25.862,19.002,10.964,9.9454,13.016,-24.514,2.0116,-13.796,29.384,23.191,26.707,17.149,-28.878,7.4486,-22.14,17.123,3.9705,22.555,23.701,-13.652,-32.505,-25.766,12.554,-4.5583,11.196,-6.7708,2.5506,13.127,22.215,-23.412,-3.0213,-24.985,25.367,17.393,-2.5693,-22.021,8.3999,-19.81,-24.926,-11.643,4.4889,-32.306,4.4447,31.911,-10.141,-20.767,-30.833,26.446,-26.949,0,-32.878,-19.161,-8.1649,-20.087,16.497,-21.242,-16.405,-7.097,-5.0005,-18.194,21.929,5.778,18.561,-20.825,-27.395,-25.148,-21.359,34.517,-3.5223,24.854,-16.04,-8.9457,-25.707,-23.104,20.021,29.528,28.11,-18.099,3.609,-13.047,8.4745,-3.4536,-14.232,-20.256,22.202,7.7283,28.104,-21.135,-20.404,-2.3811,20.084,-8.0603,18.89,22.44,15.861,-0.94708,25.849,-2.7819,-26.326,14.095,21.33,26.285,-31.28,18.759,-32.878,0,17.715,6.3303,14.733,-16.014,20.832,16.325,5.3098,5.2517,23.882,-22.86,-11.583,-22.926,14.234,24.167,25.785,20.501,24.552,-10.13,12.494,-11.402,-1.4632,-25.923,-28.415,12.252,24.911,20.235,-7.7681,1.6301,-17.905,6.2011,5.1365,-21.876,-39.612,12.805,0.019892,27.266,-28.685,-9.8393,2.1081,32.431,-5.6698,17.058,34.936,1.5133,-9.86,22.199,-5.539,-17.121,4.9689,19.291,22.639,-21.191,30.676,-19.161,17.715,0,-1.7448,15.674,-24.765,29.663,23.221,12.179,16.369,15.793,-30.132,-0.10767,-16.243,21.089,21.017,32.867,17.676,1.002,-9.4181,9.7567,-2.7929,-3.4235,-0.75406,-3.8033,1.0424,1.9387,2.8471,-2.2608,-9.5217,4.7732,-3.1397,-10.985,3.0637,0.46623,9.5217,-0.067168,0.56653,-1.5422,-3.5299,7.994,-0.33886,-1.4131,0.4174,1.9073,7.4279,3.3185,7.641,2.7388,-9.9529,5.4903,-1.0899,6.0842,-2.4039,2.8023,-8.1649,6.3303,-1.7448,0,8.8263,5.4648,0.65622,0.099947,-0.71169,-10.653,0.43919,-2.6609,-2.1603,0.69942,6.2011,5.2705,0.55357,2.4385,15.732,-11.627,11.957,-13.048,-2.4245,-16.403,-14.876,3.0551,18.989,16.648,-9.8148,0.41489,-13.244,-6.1391,4.8815,-19.535,-20.826,19.093,-1.9807,17.625,-25.214,-10.176,7.9166,23.106,-7.887,5.6786,18.646,2.6875,-3.8974,24.425,-7.4586,-22.814,8.3903,14.251,15.474,-16.482,19.979,-20.087,14.733,15.674,8.8263,0,-14.281,22.259,23.249,14.258,10.587,8.7521,-19.373,0.11796,-12.205,20.133,21.948,16.122,12.366,-24.603,1.4867,-11.337,15.46,1.6745,24.743,18.395,-9.4792,-24.437,-22.721,12.17,-11.002,21.842,-3.2973,-7.6746,23.586,31.353,-15.345,-3.3395,-27.498,27.794,13.968,3.3006,-31.873,4.2166,-13.24,-20.402,-3.532,2.6922,-20.724,5.6743,15.139,-9.2024,-20.259,-16.014,23.877,-21.834,16.497,-16.014,-24.765,5.4648,-14.281,0,-31.744,-23.17,-12.054,-17.504,-15.533,21.564,2.0371,19.651,-16.166,-21.62,-26.926,-13.401,27.956,-6.844,16.048,-16.067,-3.8973,-30.097,-24.759,10.758,27.874,27.453,-14.168,4.1642,-21.164,1.0692,5.9533,-29.238,-43.632,19.721,2.9237,33.909,-38.097,-14.557,-0.37548,45.229,-5.0758,12.362,27.015,4.8041,-2.9508,30.598,-4.8117,-22.27,11.879,19.945,20.981,-29.251,25.862,-21.242,20.832,29.663,0.65622,22.259,-31.744,0,31.171,13.057,16.112,17.151,-34.154,-2.9588,-20.285,21.157,28.847,33.081,14.896,22.187,-4.8687,10.073,-13.92,-7.8935,-29.157,-18.553,8.0339,23.876,19.434,-12.36,1.9305,-31.042,-3.1159,6.1714,-32.902,-30.455,15.845,2.723,28.294,-27.268,-13.433,2.169,35.021,-11.656,7.9478,21.388,0.54556,-2.1402,21.118,-12.078,-18.32,7.917,18.626,12.821,-19.987,19.002,-16.405,16.325,23.221,0.099947,23.249,-23.17,31.171,0,21.45,19.231,11.064,-25.342,-1.9835,-19.946,13.307,22.948,22.135,17.831,8.3783,-2.2076,-0.44907,-4.3067,-4.4232,-13.264,-8.2117,-1.1859,10.456,5.7135,-1.1804,-1.1082,-23.642,-6.7831,5.8115,-15.451,-14.509,10.207,-3.4844,11.614,-11.874,-4.3618,9.2714,15.755,-12.027,0.69719,11.126,-9.9765,-1.8517,9.5837,-21.846,-7.612,-2.6005,11.423,3.4507,-5.8065,10.964,-7.097,5.3098,12.179,-0.71169,14.258,-12.054,13.057,21.45,0,15.129,-0.90123,-9.4247,7.1158,-7.2475,6.8848,9.7284,8.582,12.017,10.662,-2.5523,-0.71025,-3.2433,-0.60847,-12.035,-6.7483,0.95193,10.709,8.4177,-5.9329,3.4434,-20.951,-2.898,21.828,-27.258,-17.565,4.965,-2.7684,13.135,-15.648,-2.0737,0.40761,18.442,-4.2939,1.7861,14.066,-5.8463,-8.1468,7.1967,-8.2465,-3.6708,0.85795,14.764,5.8842,-9.1941,9.9454,-5.0005,5.2517,16.369,-10.653,10.587,-17.504,16.112,19.231,15.129,0,7.2681,-11.677,1.6143,-9.0962,7.9385,8.236,12.207,7.1274,25.387,-2.9714,20.932,-15.06,-6.6296,-18.183,-16.142,21.897,20.654,27.776,-22.618,6.8768,-8.426,10.11,1.7034,-12.996,-16.278,10.919,10.906,21.676,-18.683,-16.836,-10.278,15.483,-2.499,18.815,16.51,18.317,-2.9582,16.819,4.3238,-14.746,17.392,14.918,21.326,-29.183,13.016,-18.194,23.882,15.793,0.43919,8.7521,-15.533,17.151,11.064,-0.90123,7.2681,0,-19.592,-16.535,-21.667,12.193,18.827,24.76,12.864,-28.587,9.9373,-21.093,18.287,6.4591,31.491,34.152,-16.454,-27.594,-29.703,14.605,-0.79362,15.968,-2.8126,-1.753,21.734,31.766,-15.021,-5.3245,-32.715,29.804,16.404,0.82886,-29.842,6.735,-16.181,-25.678,-6.5974,3.6989,-29.618,3.2874,26.016,-12.857,-15.064,-22.69,30.188,-24.514,21.929,-22.86,-30.132,-2.6609,-19.373,21.564,-34.154,-25.342,-9.4247,-11.677,-19.592,0,5.2408,22.478,-19.135,-30.591,-35.6,-17.421,-9.455,-6.9264,-11.556,9.5601,17.222,6.8826,2.9204,-16.396,-6.8737,-10.962,23.563,-4.8877,1.9506,-4.8774,4.6057,2.7201,1.2737,-3.1001,-23.46,-7.6192,3.3641,14.902,18.19,-1.7124,4.6187,-6.6343,-1.2014,-23.633,-7.4742,-3.7737,-5.2209,5.4094,-17.977,-3.9711,-4.2837,10.985,2.0116,5.778,-11.583,-0.10767,-2.1603,0.11796,2.0371,-2.9588,-1.9835,7.1158,1.6143,-16.535,5.2408,0,13.791,2.9419,-6.677,-6.2248,-6.1764,-31.288,-0.82994,-17.911,26.679,14.201,30.898,18.325,-21.04,-28.923,-31.266,24.352,-8.5617,17.22,-3.5977,0.67258,16.304,19.04,-11.788,-14.969,-31.248,20.609,31.988,7.8991,-20.01,13.217,-16.974,-14.471,-11.252,-1.6683,-18.704,6.0277,19.472,-15.832,-14.91,-13.467,29.929,-13.796,18.561,-22.926,-16.243,0.69942,-12.205,19.651,-20.285,-19.946,-7.2475,-9.0962,-21.667,22.478,13.791,0,-8.1311,-26.375,-24.543,-22.369,15.19,-16.628,14.443,-9.7102,5.5359,-13.512,-19.204,5.2509,16.897,16.513,-5.2405,1.566,-7.212,3.3909,4.534,-13.03,-22.045,17.055,-4.6028,15.552,-23.768,-6.4292,5.912,20.242,1.2721,12.346,23.16,3.815,-9.3607,25.54,0.8129,-18.292,6.2949,13.334,27.212,-16.649,29.384,-20.825,14.234,21.089,6.2011,20.133,-16.166,21.157,13.307,6.8848,7.9385,12.193,-19.135,2.9419,-8.1311,0,18.925,20.277,9.0227,29.646,-6.5471,23.354,-26.985,-7.5795,-30.931,-25.377,14.774,33.273,38.501,-17.651,5.3552,-14.725,1.4986,-0.076263,-17.052,-26.092,18.753,7.8989,32.825,-31.275,-24.21,-1.5997,26.573,-8.7088,16.925,19.762,9.1252,-0.66177,37.484,-4.2202,-31.243,15.326,14.775,20.747,-33.856,23.191,-27.395,24.167,21.017,5.2705,21.948,-21.62,28.847,22.948,9.7284,8.236,18.827,-30.591,-6.677,-26.375,18.925,0,31.392,20.073,37.561,-6.8043,19.973,-18.077,-5.1662,-33.69,-29.987,17.846,34.565,34.914,-15.179,5.0083,-16.535,6.9125,2.5627,-20.104,-35.069,16.168,5.9555,40.014,-33.775,-17.548,-2.8191,31.306,-6.0028,21.275,28.4,8.1016,-4.9332,29.255,-2.7612,-22.238,11.762,19.591,26.528,-36.097,26.707,-25.148,25.785,32.867,0.55357,16.122,-26.926,33.081,22.135,8.582,12.207,24.76,-35.6,-6.2248,-24.543,20.277,31.392,0,19.913,23.91,-2.8236,11.978,-15.29,-11.224,-25.515,-18.802,16.226,26.986,17.979,-10.059,3.167,-16.183,6.5908,-3.8895,-11.684,-17.86,11.393,6.6328,23.488,-17.481,-17.94,1.6093,17.799,-21.204,19.227,17.892,5.0237,-4.576,16.616,-12.946,-17.832,4.17,16.992,14.178,-17.448,17.149,-21.359,20.501,17.676,2.4385,12.366,-13.401,14.896,17.831,12.017,7.1274,12.864,-17.421,-6.1764,-22.369,9.0227,20.073,19.913,0
