0,4.409,-15.591,1.749,-1.1617,-7.5247,-0.25333,-3.7596,4.2091,1.1749,4.3311,4.9092,6.759,-9.543,3.396,-14.923,-5.7538,2.0231,-2.2805,2.8423,5.7826,3.1108,-7.013,-6.371,-6.1529,-6.605,-1.105,0.75955,3.7441,-4.1467,1.6618,-8.2246,4.9981,16.482,11.003,1.1883,-3.8694,-0.82046,19.59,-5.2291,-2.0932,-8.1497,-3.124,12.804,4.4366,-15.377,5.6422,1.6611,-0.83711,-2.7731,17.403,8.0409,6.6878,-14.598,5.0327,4.409,0,-0.21408,14.527,3.4174,11.235,10.238,-4.8329,-4.4042,9.6983,14.301,6.2967,-9.1154,3.7567,3.8579,0.12279,4.3864,12.298,-9.6197,12.31,6.6328,5.85,-0.99709,2.4648,-0.45784,5.5535,2.813,-9.7491,-10.464,0.307,-7.2139,15.313,-13.984,0.4281,24.555,-1.8321,-10.768,-2.8857,-0.82322,-17.641,-0.17895,11.784,5.8558,-1.2072,-10.354,-15,-7.1597,-13.987,1.3187,-7.8195,-0.077464,32.086,-6.98,-13.256,-9.3355,-15.591,-0.21408,0,2.9382,-14.986,3.305,-8.6422,15.137,-18.891,-7.2882,-14.382,-7.5764,-24.729,30.247,1.391,12.253,-2.4141,-2.9309,-8.9399,3.7085,-17.597,3.5343,15.166,-0.99536,3.0011,-2.3891,7.1357,4.7331,-6.2843,11.437,-9.0478,12.633,-1.3128,-10.712,-5.6687,-10.465,2.1993,15.804,-15.382,-1.5137,-6.7669,6.7175,-2.4857,-1.1507,-4.1402,4.2637,-14.167,3.4907,-7.6752,9.5449,-6.3492,-5.4963,-19.505,9.2602,1.02,1.749,14.527,2.9382,0,-1.9085,21.372,-4.4451,-10.415,-0.5852,-3.0471,3.623,-2.5207,-7.605,1.009,-7.6469,12.763,8.8051,-0.37155,-0.80511,3.1404,-5.3075,14.65,1.9868,5.3691,-2.4968,3.2307,23.522,0.11383,-0.54587,10.583,-9.0436,9.721,-6.1527,0.21281,19.418,3.5821,-1.7407,1.1445,5.6521,-2.1039,11.003,3.2381,7.4176,-1.0654,3.818,-14.417,-2.9423,-3.9997,4.5773,-13.75,8.2546,14.921,-12.252,2.1485,-20.742,-1.1617,3.4174,-14.986,-1.9085,0,5.4126,18.528,-17.106,12.751,10.809,21.54,8.5399,14.579,-13.92,-3.8248,-1.9499,10.321,8.4434,8.8867,-0.64682,20.382,-9.9337,-11.275,7.949,4.762,12.024,-8.887,-11.055,-2.0578,-12.376,8.8826,-0.93735,-11.553,0.38395,3.6183,7.8349,-3.7029,-27.473,-0.61053,0.16906,8.8167,1.1576,7.6217,-9.7274,-5.3647,4.3262,9.417,-14.186,7.9268,-10.006,-8.3918,6.9245,11.13,-3.4921,-9.2884,-7.5247,11.235,3.305,21.372,5.4126,0,2.1641,-13.708,4.3319,1.5786,8.3121,-4.7533,-5.6593,-0.68965,-6.2037,15.279,20.745,2.3053,5.855,-2.6408,-1.8711,9.4614,3.3914,15.597,2.0101,8.0229,14.793,-2.0858,0.9427,5.1823,-3.8805,9.0804,-8.5757,-9.3238,9.4537,9.5988,2.0926,-3.4294,-0.36959,2.6496,15.952,10.285,8.663,-8.3999,1.9418,-6.2594,-5.0669,-5.6893,12.43,-15.731,-1.5876,11.357,-10.021,4.645,-34.871,-0.25333,10.238,-8.6422,-4.4451,18.528,2.1641,0,-5.0026,4.6535,27.799,25.753,11.44,3.8644,-4.423,6.7452,-8.2238,4.0071,13.309,-1.0572,3.6671,27.515,-5.8602,-8.0877,3.5776,1.2429,11.163,-15.598,-18.04,-7.1232,-11.811,2.6895,3.9089,-10.125,-1.9027,4.2765,3.0762,-8.8508,-15.581,-4.6561,-9.2944,-0.59164,12.172,5.7462,-8.5559,-13.77,0.23828,-0.63538,-15.736,5.7343,-5.0845,-10.616,9.4465,8.4213,-14.293,-2.0086,-3.7596,-4.8329,15.137,-10.415,-17.106,-13.708,-5.0026,0,-19.144,-3.4069,-15.512,-2.2173,-12.394,20.349,10.76,-3.9672,-15.295,-1.0231,-14.094,5.1992,-8.2503,-2.6285,9.1519,-10.267,0.80055,-8.5663,-5.5339,4.141,-5.9326,2.5142,-3.8904,2.9765,5.0704,-2.8368,-10.739,-16.576,-0.26105,16.3,-11.107,-5.5265,-24.78,1.8794,-9.8433,6.0362,-6.5062,5.1237,-10.053,6.715,-14.65,24.986,-4.4221,-10.167,-5.5002,-0.82708,20.977,4.2091,-4.4042,-18.891,-0.5852,12.751,4.3319,4.6535,-19.144,0,4.6434,10.614,-2.6833,18.179,-32.872,-3.1627,-3.715,11.937,-1.8827,26.539,-18.807,7.9665,2.3083,-6.504,10.706,-2.241,2.6854,0.12605,0.40231,18.347,-6.9318,9.692,-16.311,6.4787,-0.59154,-0.74961,31.643,7.6857,-11.447,14.343,14.274,17.16,-1.4095,2.5429,-3.0094,13.503,-2.466,7.7432,3.0553,23.607,-13.852,4.5781,0.43907,12.073,-0.13124,-6.8308,1.1749,9.6983,-7.2882,-3.0471,10.809,1.5786,27.799,-3.4069,4.6434,0,20.648,13.442,2.5061,-4.1142,4.9373,-6.912,-0.28828,4.737,-3.02,2.1492,23.968,1.5275,-11.299,-1.0871,-7.8995,14.593,-11.959,-23.454,-5.0925,-3.7395,-4.5195,4.0697,-3.9096,0.76239,4.9315,4.6595,-12.012,-14.028,-0.69331,-9.5631,1.2699,14.916,10.489,-11.734,-8.9398,-1.8738,-0.58689,-12.923,7.4273,-8.4315,-3.8256,6.6023,10.484,-12.93,-0.74425,4.3311,14.301,-14.382,3.623,21.54,8.3121,25.753,-15.512,10.614,20.648,0,9.4724,6.402,-10.996,1.7205,-5.1765,9.2677,10.983,3.1728,1.4313,24.358,-0.28329,-10.171,6.9001,-0.86353,11.585,-5.8822,-15.025,-2.4487,-8.8508,2.1682,2.2901,-9.6716,0.80349,12.038,9.2871,-7.3407,-19.034,3.2454,-6.1775,7.208,8.9547,8.8076,-7.3589,-5.8969,-6.3783,2.2096,-15.171,11.464,-14.849,-2.7784,16.981,7.4768,-12.954,-9.6981,4.9092,6.2967,-7.5764,-2.5207,8.5399,-4.7533,11.44,-2.2173,-2.6833,13.442,9.4724,0,6.6581,-2.2585,-5.6059,-2.827,-10.945,-0.082217,-10.597,15.043,18.811,-4.9524,-25.63,-14.79,-9.2592,16.277,-11.808,-27.048,-15.544,1.01,-8.0192,7.6275,-9.15,17.008,8.7689,-6.8869,-34.303,-16.684,-0.6781,-16.435,-1.0006,-1.2655,15.346,-9.8494,-12.615,3.4208,12.295,-21.971,-6.7739,-5.0847,0.10145,4.2587,13.324,-6.5844,1.3726,6.759,-9.1154,-24.729,-7.605,14.579,-5.6593,3.8644,-12.394,18.179,2.5061,6.402,6.6581,0,-27.088,-7.631,-5.9905,0.5996,-3.3575,12.747,-6.421,11.95,-7.8269,-16.299,-0.73788,-2.3551,4.1065,-7.7988,-3.0816,6.9344,-8.0801,9.8975,-14.871,2.8722,10.034,-1.9547,8.7782,-0.1137,-16.897,10.279,7.436,8.6156,-12.456,3.7344,-2.7854,6.0097,5.5189,24.51,-1.6219,4.9395,-6.5395,3.4113,-3.6711,25.264,0.55062,0.10874,-9.543,3.7567,30.247,1.009,-13.92,-0.68965,-4.423,20.349,-32.872,-4.1142,-10.996,-2.2585,-27.088,0,5.306,5.8803,-6.7362,1.855,-18.013,11.054,-10.979,0.23954,12.039,-4.9924,3.5886,-2.9746,1.8745,1.461,-13.083,7.4234,-9.162,16.172,-4.6503,-6.339,-2.4072,-18.948,-2.9584,14.632,-17.998,-9.3037,-14.427,6.6291,-3.6424,1.3783,-11.082,2.6673,-14.377,-0.3287,-13.933,13.414,-7.4055,-1.7782,-16.904,2.0838,4.8921,3.396,3.8579,1.391,-7.6469,-3.8248,-6.2037,6.7452,10.76,-3.1627,4.9373,1.7205,-5.6059,-7.631,5.306,0,-17.751,-0.23086,14.27,-4.035,-0.64277,1.4352,-1.7895,10.95,3.6571,6.6115,-12.086,-8.1463,4.139,0.89692,-12.491,6.7824,-3.1018,3.2909,-8.7363,-3.8659,-1.8302,4.8367,9.2579,-3.9795,-4.8119,-16.656,9.5568,-16.777,11.515,-5.4261,-6.3267,-17.624,5.7909,0.39846,11.647,-5.6147,3.064,-3.7273,-17.036,11.639,-14.923,0.12279,12.253,12.763,-1.9499,15.279,-8.2238,-3.9672,-3.715,-6.912,-5.1765,-2.827,-5.9905,5.8803,-17.751,0,5.306,-9.1575,1.2422,0.44751,-10.154,5.6757,2.1204,2.7391,-0.94435,8.7449,15.502,-0.30467,-2.8667,17.183,-9.829,11.49,-5.6744,-4.067,1.5313,-0.19159,-0.065494,0.16004,-5.0519,4.4002,11.425,1.0644,10.914,-11.474,2.2729,5.0217,0.78488,-3.2857,0.2923,-6.636,-1.176,-1.9095,-9.5216,21.914,-15.566,-5.7538,4.3864,-2.4141,8.8051,10.321,20.745,4.0071,-15.295,11.937,-0.28828,9.2677,-10.945,0.5996,-6.7362,-0.23086,5.306,0,7.9581,16.638,-10.044,-0.3128,1.8235,6.8073,41.334,10.689,0.62315,7.7998,4.2469,7.9139,-6.293,9.3784,-1.4413,-5.0236,-14.673,2.2706,15.685,11.78,-3.2746,0.5917,9.736,12.708,6.5022,-0.86469,-1.9974,4.6083,-4.2481,-4.7926,0.08338,17.744,-9.1858,-5.3261,8.3106,-6.1184,2.1671,-19.076,2.0231,12.298,-2.9309,-0.37155,8.4434,2.3053,13.309,-1.0231,-1.8827,4.737,10.983,-0.082217,-3.3575,1.855,14.27,-9.1575,7.9581,0,-2.4382,6.6161,7.0671,-9.3902,5.6181,9.3962,17.135,-4.2147,-6.9921,-0.83546,-6.5747,-19.563,10.889,3.5261,-13.212,-6.3327,5.2102,-2.8463,0.13014,-0.81151,-7.0309,-8.6546,-8.2807,6.2501,-8.3124,6.5488,-13.263,-5.0846,-8.2725,-6.5303,-0.56054,4.3615,-11.79,15.365,-4.84,-15.686,-1.0519,-2.2805,-9.6197,-8.9399,-0.80511,8.8867,5.855,-1.0572,-14.094,26.539,-3.02,3.1728,-10.597,12.747,-18.013,-4.035,1.2422,16.638,-2.4382,0,-25.701,-0.14122,0.0075419,0.94676,16.623,4.1127,-1.3697,3.742,7.5802,21.699,-6.2357,13.886,-16.307,6.5072,-6.712,-6.5334,24.178,17.209,-5.0807,7.894,27.488,15.761,-3.0802,-1.9431,-1.3113,16.077,1.7855,4.6799,7.9044,18.905,-7.5177,0.53918,-3.9029,4.9095,7.018,-7.632,2.8423,12.31,3.7085,3.1404,-0.64682,-2.6408,3.6671,5.1992,-18.807,2.1492,1.4313,15.043,-6.421,11.054,-0.64277,0.44751,-10.044,6.6161,-25.701,0,3.8938,-5.5797,-4.5439,-11.939,0.57455,4.2369,-4.2288,-9.7896,-32.374,2.1715,-8.2682,18.263,-16.555,9.4506,11.465,-23.115,-20.764,-1.243,-8.0271,-29.266,-10.322,-0.91116,4.3289,0.011034,-20.857,-0.40318,1.0393,-16.07,-19.617,3.9838,-2.8194,8.9124,-3.3783,-6.4649,1.682,5.7826,6.6328,-17.597,-5.3075,20.382,-1.8711,27.515,-8.2503,7.9665,23.968,24.358,18.811,11.95,-10.979,1.4352,-10.154,-0.3128,7.0671,-0.14122,3.8938,0,-6.0809,-18.723,-1.773,-3.7554,12.581,-16.764,-20.627,-5.2936,-10.018,2.1201,-0.1626,-6.8594,6.8342,6.1561,3.6749,-12.545,-24.149,1.9003,-8.4071,1.9255,3.6474,8.8642,-8.0479,-8.8817,0.38178,8.0707,-15.965,4.2993,-8.0028,-3.3394,7.4831,18.176,-13.367,-0.57517,3.1108,5.85,3.5343,14.65,-9.9337,9.4614,-5.8602,-2.6285,2.3083,1.5275,-0.28329,-4.9524,-7.8269,0.23954,-1.7895,5.6757,1.8235,-9.3902,0.0075419,-5.5797,-6.0809,0,1.9488,0.69719,-14.735,1.2329,16.706,0.85666,7.7158,15.686,-14.172,1.774,8.9113,-0.82327,7.211,8.6844,0.94459,5.2914,10.971,1.8409,8.5775,7.6903,5.671,-1.3585,11.422,-15.088,-6.4317,5.22,9.8028,-11.271,15.441,3.4146,-5.59,0.94653,-6.3397,-7.013,-0.99709,15.166,1.9868,-11.275,3.3914,-8.0877,9.1519,-6.504,-11.299,-10.171,-25.63,-16.299,12.039,10.95,2.1204,6.8073,5.6181,0.94676,-4.5439,-18.723,1.9488,0,10.647,13.365,-16.697,7.9294,19.055,4.3278,-1.4634,5.0446,0.24037,2.749,-19.543,-6.9558,-1.8108,17.198,23.889,-7.2126,5.2948,-7.1163,5.0462,-18.057,11.03,2.1081,-2.9638,-22.305,13.403,-0.26577,11.691,-5.4361,-1.343,-22.987,2.6261,1.3945,-6.371,2.4648,-0.99536,5.3691,7.949,15.597,3.5776,-10.267,10.706,-1.0871,6.9001,-14.79,-0.73788,-4.9924,3.6571,2.7391,41.334,9.3962,16.623,-11.939,-1.773,0.69719,10.647,0,13.422,-2.7967,6.0189,7.0642,9.349,-8.6375,12.219,-3.3134,-2.7911,-19.461,-1.1172,14.478,15.996,-0.17386,-0.88872,10.891,8.3693,7.2858,-5.0408,0.56322,4.5386,-3.6316,-7.9014,3.2154,16.663,-4.8084,-7.0751,6.0162,-7.0984,1.2547,-12.898,-6.1529,-0.45784,3.0011,-2.4968,4.762,2.0101,1.2429,0.80055,-2.241,-7.8995,-0.86353,-9.2592,-2.3551,3.5886,6.6115,-0.94435,10.689,17.135,4.1127,0.57455,-3.7554,-14.735,13.365,13.422,0,-9.2219,-1.8623,9.6132,-1.7157,-14.972,18.412,-0.26942,-9.0545,-11.858,-4.6785,-3.3711,10.343,4.2379,-11.103,2.7665,-5.9298,-1.1694,-14.122,7.616,-5.7309,3.8569,-5.9677,1.2713,-2.7726,10.23,-15.827,2.7849,-9.0447,0.10129,-1.4355,-6.605,5.5535,-2.3891,3.2307,12.024,8.0229,11.163,-8.5663,2.6854,14.593,11.585,16.277,4.1065,-2.9746,-12.086,8.7449,0.62315,-4.2147,-1.3697,4.2369,12.581,1.2329,-16.697,-2.7967,-9.2219,0,-3.0348,-27.106,-8.6707,6.4389,-10.67,10.693,-9.4821,3.6431,5.8486,2.5409,-15.43,-20.883,-2.9201,-5.112,10.894,6.4555,35.175,-35.105,-6.5765,5.8728,7.9915,-20.615,3.8671,-14.98,-3.3874,2.626,7.9487,2.8946,-10.309,-1.105,2.813,7.1357,23.522,-8.887,14.793,-15.598,-5.5339,0.12605,-11.959,-5.8822,-11.808,-7.7988,1.8745,-8.1463,15.502,7.7998,-6.9921,3.742,-4.2288,-16.764,16.706,7.9294,6.0189,-1.8623,-3.0348,0,9.5694,6.9205,13.962,-6.3649,2.7889,2.5232,-3.0451,6.4108,5.101,6.9742,8.3797,6.6597,6.9479,10.752,-0.63692,1.64,2.2259,12.894,-9.5823,-3.9555,6.4139,4.7697,-7.5231,10.457,3.4033,-14.791,10.039,-13.301,0.75955,-9.7491,4.7331,0.11383,-11.055,-2.0858,-18.04,4.141,0.40231,-23.454,-15.025,-27.048,-3.0816,1.461,4.139,-0.30467,4.2469,-0.83546,7.5802,-9.7896,-20.627,0.85666,19.055,7.0642,9.6132,-27.106,9.5694,0,13.577,-2.0824,10.207,-11.058,10.266,-6.9482,-8.3055,1.6444,25.582,19.08,3.1282,13.914,-2.7254,-7.6622,-21.361,18.46,12.985,-2.6483,-5.9129,25.902,-0.1724,9.6078,3.4023,-5.9046,-10.121,5.9315,3.465,3.7441,-10.464,-6.2843,-0.54587,-2.0578,0.9427,-7.1232,-5.9326,18.347,-5.0925,-2.4487,-15.544,6.9344,-13.083,0.89692,-2.8667,7.9139,-6.5747,21.699,-32.374,-5.2936,7.7158,4.3278,9.349,-1.7157,-8.6707,6.9205,13.577,0,-1.9199,8.3502,-23.396,20.232,-4.4768,-6.7653,20.999,20.497,3.5179,15.135,24.343,9.2512,-3.0614,-6.6396,5.6528,30.636,-4.8034,0.097711,20.231,16.276,-4.0887,9.1962,-5.9355,2.7445,3.7766,-0.6598,-4.1467,0.307,11.437,10.583,-12.376,5.1823,-11.811,2.5142,-6.9318,-3.7395,-8.8508,1.01,-8.0801,7.4234,-12.491,17.183,-6.293,-19.563,-6.2357,2.1715,-10.018,15.686,-1.4634,-8.6375,-14.972,6.4389,13.962,-2.0824,-1.9199,0,-26.574,9.111,3.4055,3.8093,3.312,-2.6216,-5.322,4.2371,1.7484,-0.5153,5.8986,0.80165,11.669,-7.3655,4.9388,-0.67297,0.40597,0.39114,-2.5161,-5.5322,9.585,-4.1579,-5.4282,11.911,-4.4003,1.6618,-7.2139,-9.0478,-9.0436,8.8826,-3.8805,2.6895,-3.8904,9.692,-4.5195,2.1682,-8.0192,9.8975,-9.162,6.7824,-9.829,9.3784,10.889,13.886,-8.2682,2.1201,-14.172,5.0446,12.219,18.412,-10.67,-6.3649,10.207,8.3502,-26.574,0,-15.116,0.63948,-5.7244,-7.8023,5.3741,14.284,-0.90908,0.30678,9.6085,-1.7909,-6.1376,-15.207,9.3635,2.4893,2.9161,1.3818,6.1384,3.7455,5.9867,-6.984,-0.97794,3.1117,-2.6476,2.4931,-8.2246,15.313,12.633,9.721,-0.93735,9.0804,3.9089,2.9765,-16.311,4.0697,2.2901,7.6275,-14.871,16.172,-3.1018,11.49,-1.4413,3.5261,-16.307,18.263,-0.1626,1.774,0.24037,-3.3134,-0.26942,10.693,2.7889,-11.058,-23.396,9.111,-15.116,0,-18.013,-1.2976,9.5767,-11.623,-14.007,-0.57971,-13.294,-16.244,-2.3786,9.5939,10.124,-8.9279,-16.505,0.28406,-5.6355,-16.201,-7.5305,-1.5577,-6.6411,8.3873,-10.342,0.41582,-7.2002,4.9981,-13.984,-1.3128,-6.1527,-11.553,-8.5757,-10.125,5.0704,6.4787,-3.9096,-9.6716,-9.15,2.8722,-4.6503,3.2909,-5.6744,-5.0236,-13.212,6.5072,-16.555,-6.8594,8.9113,2.749,-2.7911,-9.0545,-9.4821,2.5232,10.266,20.232,3.4055,0.63948,-18.013,0,0.30068,-10.495,7.7715,10.535,8.4361,11.751,12.398,0.44064,-3.3915,-6.6839,6.2848,19.539,-2.2836,-0.79217,24.21,5.481,2.4409,12.08,-13.588,4.4847,2.5563,10.25,16.482,0.4281,-10.712,0.21281,0.38395,-9.3238,-1.9027,-2.8368,-0.59154,0.76239,0.80349,17.008,10.034,-6.339,-8.7363,-4.067,-14.673,-6.3327,-6.712,9.4506,6.8342,-0.82327,-19.543,-19.461,-11.858,3.6431,-3.0451,-6.9482,-4.4768,3.8093,-5.7244,-1.2976,0.30068,0,9.2825,-5.4273,-14.661,-7.125,10.828,-7.7035,0.2127,-14.316,7.3545,1.1289,0.15047,-1.9127,18.814,-5.8779,-8.5341,-3.8472,13.777,1.4697,11.839,-3.5272,4.0038,11.003,24.555,-5.6687,19.418,3.6183,9.4537,4.2765,-10.739,-0.74961,4.9315,12.038,8.7689,-1.9547,-2.4072,-3.8659,1.5313,2.2706,5.2102,-6.5334,11.465,6.1561,7.211,-6.9558,-1.1172,-4.6785,5.8486,6.4108,-8.3055,-6.7653,3.312,-7.8023,9.5767,-10.495,9.2825,0,-0.20621,-12.152,-5.7242,7.3145,-12.861,5.001,1.7292,9.1855,-0.11319,-3.5183,-16.714,1.9139,-12.695,0.64429,-13.258,8.3776,27.161,-2.6071,-8.9749,-11.397,1.1883,-1.8321,-10.465,3.5821,7.8349,9.5988,3.0762,-16.576,31.643,4.6595,9.2871,-6.8869,8.7782,-18.948,-1.8302,-0.19159,15.685,-2.8463,24.178,-23.115,3.6749,8.6844,-1.8108,14.478,-3.3711,2.5409,5.101,1.6444,20.999,-2.6216,5.3741,-11.623,7.7715,-5.4273,-0.20621,0,9.9706,-6.6695,12.887,15.221,19.541,4.0669,2.8944,-3.9245,15.772,-5.5864,1.4151,5.0025,41.395,-15.916,5.0041,1.3852,5.5169,1.1131,-9.8504,-3.8694,-10.768,2.1993,-1.7407,-3.7029,2.0926,-8.8508,-0.26105,7.6857,-12.012,-7.3407,-34.303,-0.1137,-2.9584,4.8367,-0.065494,11.78,0.13014,17.209,-20.764,-12.545,0.94459,17.198,15.996,10.343,-15.43,6.9742,25.582,20.497,-5.322,14.284,-14.007,10.535,-14.661,-12.152,9.9706,0,10.505,2.2589,23.339,2.4042,-1.6836,-16.009,9.1543,14.489,-0.43993,-6.7839,22.451,8.6691,4.6639,-0.97995,-6.5474,-6.3323,6.5071,-0.19782,-0.82046,-2.8857,15.804,1.1445,-27.473,-3.4294,-15.581,16.3,-11.447,-14.028,-19.034,-16.684,-16.897,14.632,9.2579,0.16004,-3.2746,-0.81151,-5.0807,-1.243,-24.149,5.2914,23.889,-0.17386,4.2379,-20.883,8.3797,19.08,3.5179,4.2371,-0.90908,-0.57971,8.4361,-7.125,-5.7242,-6.6695,10.505,0,-2.6105,2.0486,-11.328,0.19524,-16.915,15.613,4.1017,-4.7131,-15.893,17.578,-6.1845,14.813,2.4927,-4.5143,-17.644,1.9972,8.0455,19.59,-0.82322,-15.382,5.6521,-0.61053,-0.36959,-4.6561,-11.107,14.343,-0.69331,3.2454,-0.6781,10.279,-17.998,-3.9795,-5.0519,0.5917,-7.0309,7.894,-8.0271,1.9003,10.971,-7.2126,-0.88872,-11.103,-2.9201,6.6597,3.1282,15.135,1.7484,0.30678,-13.294,11.751,10.828,7.3145,12.887,2.2589,-2.6105,0,5.8373,10.186,-7.4509,1.6232,5.4938,18.727,-13.374,8.0635,6.2987,9.1478,-11.726,27.899,3.0204,7.5885,-3.1775,-2.0861,-5.2291,-17.641,-1.5137,-2.1039,0.16906,2.6496,-9.2944,-5.5265,14.274,-9.5631,-6.1775,-16.435,7.436,-9.3037,-4.8119,4.4002,9.736,-8.6546,27.488,-29.266,-8.4071,1.8409,5.2948,10.891,2.7665,-5.112,6.9479,13.914,24.343,-0.5153,9.6085,-16.244,12.398,-7.7035,-12.861,15.221,23.339,2.0486,5.8373,0,11.197,-5.2466,-4.5944,0.52896,21.721,4.5593,2.6004,15.981,11.62,-1.9913,2.0182,-11.804,1.2858,14.228,-3.211,-2.0932,-0.17895,-6.7669,11.003,8.8167,15.952,-0.59164,-24.78,17.16,1.2699,7.208,-1.0006,8.6156,-14.427,-16.656,11.425,12.708,-8.2807,15.761,-10.322,1.9255,8.5775,-7.1163,8.3693,-5.9298,10.894,10.752,-2.7254,9.2512,5.8986,-1.7909,-2.3786,0.44064,0.2127,5.001,19.541,2.4042,-11.328,10.186,11.197,0,-0.25682,13.766,-11.316,12.267,-1.7135,8.5028,-2.2869,17.209,-27.318,6.2267,2.185,3.8472,9.2529,-21.412,-8.1497,11.784,6.7175,3.2381,1.1576,10.285,12.172,1.8794,-1.4095,14.916,8.9547,-1.2655,-12.456,6.6291,9.5568,1.0644,6.5022,6.2501,-3.0802,-0.91116,3.6474,7.6903,5.0462,7.2858,-1.1694,6.4555,-0.63692,-7.6622,-3.0614,0.80165,-6.1376,9.5939,-3.3915,-14.316,1.7292,4.0669,-1.6836,0.19524,-7.4509,-5.2466,-0.25682,0,3.5657,-7.9424,-6.8255,-4.4737,-17.719,-4.5569,9.0624,-3.7269,-7.9448,6.366,-5.822,-6.122,-4.4499,-3.124,5.8558,-2.4857,7.4176,7.6217,8.663,5.7462,-9.8433,2.5429,10.489,8.8076,15.346,3.7344,-3.6424,-16.777,10.914,-0.86469,-8.3124,-1.9431,4.3289,8.8642,5.671,-18.057,-5.0408,-14.122,35.175,1.64,-21.361,-6.6396,11.669,-15.207,10.124,-6.6839,7.3545,9.1855,2.8944,-16.009,-16.915,1.6232,-4.5944,13.766,3.5657,0,-25.239,-2.4747,2.3353,9.7403,-16.622,3.4779,-19.088,2.6665,3.1427,6.7837,4.2512,-11.654,12.804,-1.2072,-1.1507,-1.0654,-9.7274,-8.3999,-8.5559,6.0362,-3.0094,-11.734,-7.3589,-9.8494,-2.7854,1.3783,11.515,-11.474,-1.9974,6.5488,-1.3113,0.011034,-8.0479,-1.3585,11.03,0.56322,7.616,-35.105,2.2259,18.46,5.6528,-7.3655,9.3635,-8.9279,6.2848,1.1289,-0.11319,-3.9245,9.1543,15.613,5.4938,0.52896,-11.316,-7.9424,-25.239,0,4.3928,-9.8075,-5.4611,13.389,-5.4192,11.774,5.9786,2.1566,-6.3021,-7.3241,9.4219,4.4366,-10.354,-4.1402,3.818,-5.3647,1.9418,-13.77,-6.5062,13.503,-8.9398,-5.8969,-12.615,6.0097,-11.082,-5.4261,2.2729,4.6083,-13.263,16.077,-20.857,-8.8817,11.422,2.1081,4.5386,-5.7309,-6.5765,12.894,12.985,30.636,4.9388,2.4893,-16.505,19.539,0.15047,-3.5183,15.772,14.489,4.1017,18.727,21.721,12.267,-6.8255,-2.4747,4.3928,0,-5.08,3.3627,18.099,11.354,-6.2946,15.856,-6.4931,1.4278,8.2849,-2.6697,-15.377,-15,4.2637,-14.417,4.3262,-6.2594,0.23828,5.1237,-2.466,-1.8738,-6.3783,3.4208,5.5189,2.6673,-6.3267,5.0217,-4.2481,-5.0846,1.7855,-0.40318,0.38178,-15.088,-2.9638,-3.6316,3.8569,5.8728,-9.5823,-2.6483,-4.8034,-0.67297,2.9161,0.28406,-2.2836,-1.9127,-16.714,-5.5864,-0.43993,-4.7131,-13.374,4.5593,-1.7135,-4.4737,2.3353,-9.8075,-5.08,0,7.2785,-2.3191,-6.4925,7.2817,-13.387,-17.394,6.1029,12.577,4.4702,5.6422,-7.1597,-14.167,-2.9423,9.417,-5.0669,-0.63538,-10.053,7.7432,-0.58689,2.2096,12.295,24.51,-14.377,-17.624,0.78488,-4.7926,-8.2725,4.6799,1.0393,8.0707,-6.4317,-22.305,-7.9014,-5.9677,7.9915,-3.9555,-5.9129,0.097711,0.40597,1.3818,-5.6355,-0.79217,18.814,1.9139,1.4151,-6.7839,-15.893,8.0635,2.6004,8.5028,-17.719,9.7403,-5.4611,3.3627,7.2785,0,-5.8511,-2.2023,-6.984,5.9293,-3.772,18.218,4.9189,-1.4091,1.6611,-13.987,3.4907,-3.9997,-14.186,-5.6893,-15.736,6.715,3.0553,-12.923,-15.171,-21.971,-1.6219,-0.3287,5.7909,-3.2857,0.08338,-6.5303,7.9044,-16.07,-15.965,5.22,13.403,3.2154,1.2713,-20.615,6.4139,25.902,20.231,0.39114,6.1384,-16.201,24.21,-5.8779,-12.695,5.0025,22.451,17.578,6.2987,15.981,-2.2869,-4.5569,-16.622,13.389,18.099,-2.3191,-5.8511,0,3.1257,8.0585,6.6828,-11.624,-4.0193,4.8579,8.1911,-0.83711,1.3187,-7.6752,4.5773,7.9268,12.43,5.7343,-14.65,23.607,7.4273,11.464,-6.7739,4.9395,-13.933,0.39846,0.2923,17.744,-0.56054,18.905,-19.617,4.2993,9.8028,-0.26577,16.663,-2.7726,3.8671,4.7697,-0.1724,16.276,-2.5161,3.7455,-7.5305,5.481,-8.5341,0.64429,41.395,8.6691,-6.1845,9.1478,11.62,17.209,9.0624,3.4779,-5.4192,11.354,-6.4925,-2.2023,3.1257,0,-15.927,2.423,3.399,3.212,-0.47217,-11.04,-2.7731,-7.8195,9.5449,-13.75,-10.006,-15.731,-5.0845,24.986,-13.852,-8.4315,-14.849,-5.0847,-6.5395,13.414,11.647,-6.636,-9.1858,4.3615,-7.5177,3.9838,-8.0028,-11.271,11.691,-4.8084,10.23,-14.98,-7.5231,9.6078,-4.0887,-5.5322,5.9867,-1.5577,2.4409,-3.8472,-13.258,-15.916,4.6639,14.813,-11.726,-1.9913,-27.318,-3.7269,-19.088,11.774,-6.2946,7.2817,-6.984,8.0585,-15.927,0,-8.0727,-9.238,-5.1652,-0.80046,20.089,17.403,-0.077464,-6.3492,8.2546,-8.3918,-1.5876,-10.616,-4.4221,4.5781,-3.8256,-2.7784,0.10145,3.4113,-7.4055,-5.6147,-1.176,-5.3261,-11.79,0.53918,-2.8194,-3.3394,15.441,-5.4361,-7.0751,-15.827,-3.3874,10.457,3.4023,9.1962,9.585,-6.984,-6.6411,12.08,13.777,8.3776,5.0041,-0.97995,2.4927,27.899,2.0182,6.2267,-7.9448,2.6665,5.9786,15.856,-13.387,5.9293,6.6828,2.423,-8.0727,0,1.3348,2.8904,-0.69807,-0.041386,8.0409,32.086,-5.4963,14.921,6.9245,11.357,9.4465,-10.167,0.43907,6.6023,16.981,4.2587,-3.6711,-1.7782,3.064,-1.9095,8.3106,15.365,-3.9029,8.9124,7.4831,3.4146,-1.343,6.0162,2.7849,2.626,3.4033,-5.9046,-5.9355,-4.1579,-0.97794,8.3873,-13.588,1.4697,27.161,1.3852,-6.5474,-4.5143,3.0204,-11.804,2.185,6.366,3.1427,2.1566,-6.4931,-17.394,-3.772,-11.624,3.399,-9.238,1.3348,0,-5.2102,-13.916,-11.364,6.6878,-6.98,-19.505,-12.252,11.13,-10.021,8.4213,-5.5002,12.073,10.484,7.4768,13.324,25.264,-16.904,-3.7273,-9.5216,-6.1184,-4.84,4.9095,-3.3783,18.176,-5.59,-22.987,-7.0984,-9.0447,7.9487,-14.791,-10.121,2.7445,-5.4282,3.1117,-10.342,4.4847,11.839,-2.6071,5.5169,-6.3323,-17.644,7.5885,1.2858,3.8472,-5.822,6.7837,-6.3021,1.4278,6.1029,18.218,-4.0193,3.212,-5.1652,2.8904,-5.2102,0,-3.5269,5.4291,-14.598,-13.256,9.2602,2.1485,-3.4921,4.645,-14.293,-0.82708,-0.13124,-12.93,-12.954,-6.5844,0.55062,2.0838,-17.036,21.914,2.1671,-15.686,7.018,-6.4649,-13.367,0.94653,2.6261,1.2547,0.10129,2.8946,10.039,5.9315,3.7766,11.911,-2.6476,0.41582,2.5563,-3.5272,-8.9749,1.1131,6.5071,1.9972,-3.1775,14.228,9.2529,-6.122,4.2512,-7.3241,8.2849,12.577,4.9189,4.8579,-0.47217,-0.80046,-0.69807,-13.916,-3.5269,0,-5.8484,5.0327,-9.3355,1.02,-20.742,-9.2884,-34.871,-2.0086,20.977,-6.8308,-0.74425,-9.6981,1.3726,0.10874,4.8921,11.639,-15.566,-19.076,-1.0519,-7.632,1.682,-0.57517,-6.3397,1.3945,-12.898,-1.4355,-10.309,-13.301,3.465,-0.6598,-4.4003,2.4931,-7.2002,10.25,4.0038,-11.397,-9.8504,-0.19782,8.0455,-2.0861,-3.211,-21.412,-4.4499,-11.654,9.4219,-2.6697,4.4702,-1.4091,8.1911,-11.04,20.089,-0.041386,-11.364,5.4291,-5.8484,0
