0,2.2344,-13.698,-8.1203,-11.816,-1.469,5.816,-2.3761,-8.7368,13.799,3.0074,3.2341,-1.0789,-2.4357,10.586,-18.43,-7.1767,-16.166,-11.344,1.603,6.9173,6.2247,-5.4832,-11.009,-3.5185,1.3456,3.9216,-3.9253,6.1912,-0.30608,4.4119,6.0373,-0.45262,5.249,-5.0427,12.807,-7.7428,0.84849,16.852,7.9917,-10.519,-12.252,0.84914,-2.665,7.6711,7.014,13.13,-6.078,4.2992,0.56391,20.687,-4.2677,6.356,0.7904,-17.24,2.2344,0,3.0098,-1.5721,-6.0823,32.238,-6.0325,16.25,-7.028,3.958,-2.0357,22.224,-27.536,9.7182,6.6228,-1.7295,-7.8231,-2.1483,-2.6281,-3.9488,-8.2823,15.352,-5.1937,0.42775,4.0566,11.176,13.687,-7.6204,-1.8549,30.179,-1.813,6.9123,10.449,-10.145,14.273,13.279,1.3255,-1.3763,-9.8701,2.4011,1.1635,-1.9598,-0.94398,-5.7625,-14.422,7.6261,-1.3982,-5.5748,-4.9687,0.73432,-7.6034,11.78,9.5291,-19.514,-4.3131,-13.698,3.0098,0,-1.999,7.691,10.591,-0.53593,20.046,-4.0158,1.3479,-8.2197,8.3048,-10.21,17.973,2.0159,21.257,-6.2559,1.5808,12.035,-14.386,-18.462,-9.4208,-7.6949,16.412,8.2927,2.4489,-8.7772,-7.0803,-20.498,4.7735,-1.7499,-11.014,7.529,-18.479,3.7993,0.67214,8.7775,-0.39216,-26.237,-8.5719,-2.264,12.729,9.1763,8.2531,-19.323,-6.2956,-18.746,-8.365,-15.133,-2.3501,-9.4825,18.427,-3.6022,-5.3103,22.032,-8.1203,-1.5721,-1.999,0,-1.984,-2.9085,-21.646,-5.1977,1.219,-3.2341,-6.7879,-4.1651,5.2607,-5.6465,-3.1734,-2.0125,15.127,1.7941,11.331,-3.1518,8.7464,-5.9833,17.981,8.4276,12.03,11.757,-5.8703,-5.8628,6.4992,3.6441,14.729,8.2989,-14.173,-1.7293,6.5471,-17.831,18.547,13.905,-2.4917,11.816,5.9138,16.195,-2.1861,7.4111,4.6458,1.7222,-8.7888,24.185,-7.0666,14.22,-10.786,-5.1457,-17.996,-8.76,5.9646,-11.816,-6.0823,7.691,-1.984,0,-3.4666,0.36324,0.087558,9.8215,-6.9688,5.4601,-10.524,5.6346,-5.4843,-11.358,5.5471,-1.2182,2.9631,8.8011,8.6089,1.2263,-1.8928,-8.5952,8.6564,2.2944,-1.6379,-1.502,11.606,-5.1623,-2.061,-4.5313,0.74343,1.7739,-0.090839,6.8547,-6.5743,1.3584,-15.091,-5.8157,-15.905,0.53179,5.903,-11.237,6.9798,-8.9909,-9.8693,-10.227,-2.2116,1.7513,4.7999,-9.2388,2.062,-3.3519,3.0505,11.201,-1.469,32.238,10.591,-2.9085,-3.4666,0,-5.4039,27.496,-9.8584,3.7405,-6.3813,25.362,-44.407,15.91,6.0905,4.7938,-11.392,-1.4517,0.057377,-9.1561,-15.586,8.1309,-7.4072,5.5457,6.7262,10.034,7.1234,-10.262,-9.1492,24.745,-1.9761,1.7181,11.184,-14.746,11.749,11.742,4.0992,-1.5975,-16.318,0.30706,-1.5021,1.6626,2.7995,-1.855,-21.308,6.1787,-5.6169,-9.6342,-10.427,-1.269,-8.4439,21.059,7.889,-19.004,1.0209,5.816,-6.0325,-0.53593,-21.646,0.36324,-5.4039,0,-2.0317,6.3826,3.553,12.89,0.35868,3.2869,4.5396,5.6085,1.2049,-1.9481,1.0688,-6.7626,3.5955,-3.7933,0.90663,-8.3091,-14.678,-21.325,-19.897,2.3362,8.4214,0.89145,-11.13,-15.345,-14.725,12.904,2.3035,-11.664,11.642,-22.736,-5.0776,4.8341,-14.435,1.5488,-14.418,6.8638,-10.073,2.6291,-10.608,9.5286,-8.7054,12.876,-15.54,11.483,-4.6924,8.3411,19.194,-2.8705,-2.3761,16.25,20.046,-5.1977,0.087558,27.496,-2.0317,0,-11.773,8.0621,-7.9848,22.447,-28.677,22.964,8.8584,8.38,-14.161,-5.1405,5.061,-15.029,-18.238,0.39962,-12.853,10.379,9.3388,8.9849,-0.56837,-13.299,-15.649,16.183,-0.14409,-3.0709,11.704,-22.033,8.4493,11.203,6.369,-0.81885,-19.857,-2.8883,-5.8921,5.9344,7.6225,4.2342,-26.054,1.0318,-11.258,-14.188,-15.72,-0.86907,-6.212,26.57,3.103,-14.559,7.7705,-8.7368,-7.028,-4.0158,1.219,9.8215,-9.8584,6.3826,-11.773,0,-9.3327,20.966,-9.9333,13.203,-7.4141,-6.3638,-0.60502,16.36,12.051,2.9068,15.975,6.421,3.9975,3.7506,-8.485,-12.97,-9.8385,6.87,21.534,12.035,-5.9893,-12.018,-1.8292,4.9141,4.463,2.2744,-4.6856,-8.9758,-4.524,0.41601,-14.645,21.897,-3.308,-7.2004,-9.3326,2.9373,-15.856,1.5156,10.709,18.554,-1.372,-7.3838,-14.795,-1.3946,11.116,2.3973,13.799,3.958,1.3479,-3.2341,-6.9688,3.7405,3.553,8.0621,-9.3327,0,0.49252,11.357,-5.2895,9.1061,30.819,-9.3406,-4.4166,-26.955,5.59,-10.145,2.3426,-2.4688,-10.085,-0.043839,5.2059,9.5083,-4.3014,-15.11,1.7891,6.1263,9.3801,1.5982,5.0226,-12.153,2.3003,13.077,2.5452,8.5763,0.31058,2.8733,-8.3479,2.5303,10.033,5.8278,-2.2768,-3.7654,-4.0314,-4.9565,-6.1422,6.4541,6.4062,0.64424,-4.9222,-6.2902,1.7409,3.0074,-2.0357,-8.2197,-6.7879,5.4601,-6.3813,12.89,-7.9848,20.966,0.49252,0,-3.9004,7.7949,-5.3725,1.8764,-9.2023,7.1574,1.6152,-1.5932,17.65,8.1518,10.938,-4.7477,-16.451,-16.533,-7.5859,12.836,16.626,15.408,-2.4356,-12.032,1.4226,11.074,3.4363,3.0703,6.4947,-17.25,-6.9442,4.8461,-14.379,11.797,-10.846,-6.8006,-12.264,1.8354,-13.709,6.1793,2.9734,25.25,-1.0083,-0.31603,-14.432,4.0105,9.3572,-4.0738,3.2341,22.224,8.3048,-4.1651,-10.524,25.362,0.35868,22.447,-9.9333,11.357,-3.9004,0,-28.063,25.086,17.413,2.0846,-7.2417,-4.625,0.29794,-14.181,-13.714,5.0137,-6.2447,0.2272,2.7946,7.3964,4.5214,-14.826,-4.6104,17.162,-1.1662,-2.6465,14.227,-18.55,5.9874,18.163,1.3413,5.3665,-11.932,0.97697,-0.38614,-0.15405,11.63,-4.0313,-12.416,2.0645,-3.0453,-7.9763,-8.5029,-3.5409,-2.7699,12.149,5.5721,-13.024,0.54789,-1.0789,-27.536,-10.21,5.2607,5.6346,-44.407,3.2869,-28.677,13.203,-5.2895,7.7949,-28.063,0,-17.946,-7.5598,-4.9781,14.459,2.7552,2.0945,11.082,17.623,-6.848,8.2401,-4.4994,-5.7698,-8.2085,-5.6699,11.873,10.872,-19.556,1.8108,0.12195,-10.818,13.422,-7.6342,-14.011,-2.8485,1.1453,13.261,-1.3324,4.1494,0.00027858,-5.1853,1.8597,18.005,-7.6018,3.522,12.782,10.913,3.4109,4.3164,-22.81,-9.4135,16.047,0.42237,-2.4357,9.7182,17.973,-5.6465,-5.4843,15.91,4.5396,22.964,-7.4141,9.1061,-5.3725,25.086,-17.946,0,14.586,10.807,-5.9806,-1.383,4.2237,-20.38,-21.274,-3.371,-6.5303,3.4446,1.8554,1.6726,-2.8269,-12.932,-10.453,7.6709,-3.276,-12.826,14.648,-22.188,0.74945,12.126,2.042,5.8713,-16.598,-4.1834,-0.39249,3.3172,20.755,-0.90519,-12.713,-3.8342,-6.8148,-9.3605,-10.518,-7.6426,-2.5622,13.509,1.9008,-5.8684,8.2267,10.586,6.6228,2.0159,-3.1734,-11.358,6.0905,5.6085,8.8584,-6.3638,30.819,1.8764,17.413,-7.5598,14.586,0,-6.3628,-1.0804,-14.396,4.1852,-11.849,-1.3495,-0.67508,-6.2924,-3.7403,0.93137,6.2532,-1.3431,-14.49,3.4002,6.986,4.3933,-2.2878,9.5515,-14.841,1.5399,16.199,-0.046624,11.856,-2.3507,1.4264,-1.8562,0.41153,15.205,-0.35092,-2.3359,-5.2064,-2.1416,-3.0299,-4.1389,1.4238,4.3146,-0.0046991,-2.6018,-5.4012,1.3102,-18.43,-1.7295,21.257,-2.0125,5.5471,4.7938,1.2049,8.38,-0.60502,-9.3406,-9.2023,2.0846,-4.9781,10.807,-6.3628,0,-3.0078,13.156,3.1473,-8.8272,-21.91,-9.4194,0.65738,9.4688,0.96833,-6.9483,-7.3468,-0.31175,-19.606,-3.2551,-7.3852,-18.156,3.1509,-5.3414,-4.4161,-4.5558,3.462,-1.8887,-14.793,-7.3202,1.3592,5.8852,7.9601,1.7884,-8.261,-2.3671,-7.0234,-5.4248,-7.78,-11.446,-6.1074,13.013,0.83989,2.4721,12.414,-7.1767,-7.8231,-6.2559,15.127,-1.2182,-11.392,-1.9481,-14.161,16.36,-4.4166,7.1574,-7.2417,14.459,-5.9806,-1.0804,-3.0078,0,7.7985,7.2481,4.0667,10.522,-3.2139,17.617,-4.9003,-4.3068,-2.0583,-0.93218,4.7568,17.439,-4.7865,1.07,-0.086978,-4.086,1.7576,0.42864,-10.921,1.2218,11.261,1.5669,0.17364,20.228,4.1009,0.094207,-3.9025,10.573,-9.7177,-0.86545,33.42,7.001,3.7651,-6.4781,-20.023,-11.894,4.6894,3.7067,-16.166,-2.1483,1.5808,1.7941,2.9631,-1.4517,1.0688,-5.1405,12.051,-26.955,1.6152,-4.625,2.7552,-1.383,-14.396,13.156,7.7985,0,-4.3508,5.4849,-7.0767,1.9266,11.111,-3.4255,-9.8863,-13.158,4.9513,12.409,-0.71877,-5.5198,-15.028,-8.39,1.3797,5.8822,-3.5987,-7.687,-5.1384,-3.7129,-4.2631,-6.2234,15.893,-3.4878,-2.0663,-11.586,1.2325,-1.0564,3.9917,5.5392,6.9701,-12.539,-7.514,-1.1989,5.3846,7.705,0.43156,-11.344,-2.6281,12.035,11.331,8.8011,0.057377,-6.7626,5.061,2.9068,5.59,-1.5932,0.29794,2.0945,4.2237,4.1852,3.1473,7.2481,-4.3508,0,-7.5137,2.4563,-11.555,-1.1215,15.161,13.356,10.866,-11.236,-6.6328,-0.96893,4.8653,9.003,0.45581,-0.2666,-16.114,10.621,-6.9637,16.663,7.6438,-13.082,-3.6076,2.6642,28.028,3.1027,14.759,-7.3939,-13.58,-32.164,7.0523,-10.465,14.127,-13.842,0.64656,-24.553,-7.2114,28.728,1.603,-3.9488,-14.386,-3.1518,8.6089,-9.1561,3.5955,-15.029,15.975,-10.145,17.65,-14.181,11.082,-20.38,-11.849,-8.8272,4.0667,5.4849,-7.5137,0,11.629,13.076,-0.11089,-10.813,-11.329,-7.2351,13.862,28.188,11.347,-4.764,-8.8592,8.2173,-0.2513,16.628,2.0114,-2.1666,-12.856,-14.852,10.598,-6.4005,6.5751,-11.623,-23.02,-8.8192,5.1599,-1.4806,9.982,3.8682,24.085,0.80791,0.083424,-11.875,6.6962,8.817,-9.9546,6.9173,-8.2823,-18.462,8.7464,1.2263,-15.586,-3.7933,-18.238,6.421,2.3426,8.1518,-13.714,17.623,-21.274,-1.3495,-21.91,10.522,-7.0767,2.4563,11.629,0,1.2135,4.9681,-4.2926,0.69356,4.2464,0.33126,4.6475,19.782,-3.7336,9.7069,15.028,-10.999,9.1588,2.3592,-7.0749,0.71084,2.6656,15.174,5.7496,1.1083,0.45559,-10.834,3.313,13.258,-1.7573,2.6381,13.766,7.8498,15.563,2.7822,-20.976,-9.2132,2.1411,-4.7678,6.2247,15.352,-9.4208,-5.9833,-1.8928,8.1309,0.90663,0.39962,3.9975,-2.4688,10.938,5.0137,-6.848,-3.371,-0.67508,-9.4194,-3.2139,1.9266,-11.555,13.076,1.2135,0,-4.0081,-11.874,-7.8249,0.74537,46.984,7.5834,7.8146,10.331,-9.5969,10.438,9.1881,3.8057,9.0301,11.357,-11.599,-10.428,2.2848,-2.1846,5.7917,-15.091,-12.132,-16.307,-3.9342,5.3117,10.046,-2.3982,11.539,-1.5218,-2.3683,-0.82174,17.54,-3.8524,-15.72,-5.4832,-5.1937,-7.6949,17.981,-8.5952,-7.4072,-8.3091,-12.853,3.7506,-10.085,-4.7477,-6.2447,8.2401,-6.5303,-6.2924,0.65738,17.617,11.111,-1.1215,-0.11089,4.9681,-4.0081,0,-2.238,-1.02,-1.7831,-2.5137,0.2204,8.0988,-5.3764,4.1451,0.17679,-13.34,7.2909,-5.2469,-15.3,4.3268,12.586,4.1526,11.431,9.8038,2.5422,1.0062,-3.3235,14.965,4.5746,4.0149,21.698,1.2393,-0.40542,-2.0774,-9.5264,-6.0928,2.0359,-2.3787,-11.009,0.42775,16.412,8.4276,8.6564,5.5457,-14.678,10.379,-8.485,-0.043839,-16.451,0.2272,-4.4994,3.4446,-3.7403,9.4688,-4.9003,-3.4255,15.161,-10.813,-4.2926,-11.874,-2.238,0,27.879,12.65,-13.671,-9.9955,-15.04,5.7877,11.511,1.8632,-6.5716,-9.5875,7.2542,-9.4833,26.837,1.3348,-12.877,2.6875,-8.3527,26.357,0.26702,24.833,-10.84,1.5737,-24.445,-1.6547,-24.907,10.165,-9.8826,13.973,-11.496,-11.904,17.342,-3.5185,4.0566,8.2927,12.03,2.2944,6.7262,-21.325,9.3388,-12.97,5.2059,-16.533,2.7946,-5.7698,1.8554,0.93137,0.96833,-4.3068,-9.8863,13.356,-11.329,0.69356,-7.8249,-1.02,27.879,0,24.952,-10.563,-16.459,-7.8412,10.599,21.627,8.8024,-8.9394,-9.6612,10.139,-6.5955,34.899,5.4761,-8.0267,9.9039,-10.161,23.35,-0.48062,24.592,-7.5718,5.4209,-18.967,0.72443,-26.69,17.61,-7.4174,10.36,-12.612,-20.16,10.008,1.3456,11.176,2.4489,11.757,-1.6379,10.034,-19.897,8.9849,-9.8385,9.5083,-7.5859,7.3964,-8.2085,1.6726,6.2532,-6.9483,-2.0583,-13.158,10.866,-7.2351,4.2464,0.74537,-1.7831,12.65,24.952,0,-1.6193,-15.918,0.27159,20.638,18.722,16.516,-3.8421,-11.319,18.304,-0.32962,19.489,6.4472,-6.46,10.445,-5.1254,14.014,-2.6431,12.091,-7.7571,4.9832,-13.297,2.9761,-15.045,22.7,-8.6267,5.8583,-8.984,-32.261,4.22,3.9216,13.687,-8.7772,-5.8703,-1.502,7.1234,2.3362,-0.56837,6.87,-4.3014,12.836,4.5214,-5.6699,-2.8269,-1.3431,-7.3468,-0.93218,4.9513,-11.236,13.862,0.33126,46.984,-2.5137,-13.671,-10.563,-1.6193,0,9.6914,8.5951,8.6271,-12.777,7.6266,10.666,3.8707,8.0067,10.429,-13.46,-10.015,1.3983,-4.1662,9.2224,-15.816,-10.962,-20.496,-3.4701,3.1977,10.446,-1.0536,13.86,-3.5164,-3.449,-2.0196,17.602,-1.8561,-14.172,-3.9253,-7.6204,-7.0803,-5.8628,11.606,-10.262,8.4214,-13.299,21.534,-15.11,16.626,-14.826,11.873,-12.932,-14.49,-0.31175,4.7568,12.409,-6.6328,28.188,4.6475,7.5834,0.2204,-9.9955,-16.459,-15.918,9.6914,0,5.9979,-9.8868,-16.459,-0.74314,2.4495,14.636,-2.2783,-3.3861,-15.595,-15.953,6.2821,-13.111,9.2547,-11.094,-13.627,-10.379,3.9171,-5.6434,8.7181,2.1251,24.286,-5.7147,-0.58494,-9.5058,7.2191,15.976,-4.8695,6.1912,-1.8549,-20.498,6.4992,-5.1623,-9.1492,0.89145,-15.649,12.035,1.7891,15.408,-4.6104,10.872,-10.453,3.4002,-19.606,17.439,-0.71877,-0.96893,11.347,19.782,7.8146,8.0988,-15.04,-7.8412,0.27159,8.5951,5.9979,0,-0.76712,0.97344,8.8864,-1.2824,5.8197,2.6734,-0.37315,-6.0145,5.5803,10.585,2.5211,12.292,-5.5977,-5.5675,-8.8101,12.307,-4.3266,7.4954,17.097,14.938,5.9247,0.48842,-27.792,-3.0829,2.999,-8.0951,-0.30608,30.179,4.7735,3.6441,-2.061,24.745,-11.13,16.183,-5.9893,6.1263,-2.4356,17.162,-19.556,7.6709,6.986,-3.2551,-4.7865,-5.5198,4.8653,-4.764,-3.7336,10.331,-5.3764,5.7877,10.599,20.638,8.6271,-9.8868,-0.76712,0,3.5654,11.106,7.2517,-14.604,24.728,8.0357,7.6365,0.7377,-12.696,2.7427,0.89007,5.056,-2.609,0.60762,-16.781,4.1383,-8.507,-1.7853,-8.5594,8.6125,-12.816,10.262,1.6097,-31.064,1.2054,4.4119,-1.813,-1.7499,14.729,-4.5313,-1.9761,-15.345,-0.14409,-12.018,9.3801,-12.032,-1.1662,1.8108,-3.276,4.3933,-7.3852,1.07,-15.028,9.003,-8.8592,9.7069,-9.5969,4.1451,11.511,21.627,18.722,-12.777,-16.459,0.97344,3.5654,0,10.354,-16.483,-3.096,2.9371,-7.4181,20.862,12.865,2.7548,18.984,-10.418,14.708,1.3287,19.779,4.1484,5.7826,-8.2818,6.1604,-14.517,19.429,1.2289,-0.3576,-16.878,-11.103,3.4227,6.0373,6.9123,-11.014,8.2989,0.74343,1.7181,-14.725,-3.0709,-1.8292,1.5982,1.4226,-2.6465,0.12195,-12.826,-2.2878,-18.156,-0.086978,-8.39,0.45581,8.2173,15.028,10.438,0.17679,1.8632,8.8024,16.516,7.6266,-0.74314,8.8864,11.106,10.354,0,-7.0611,3.3873,14.628,-1.9443,5.5383,-2.2972,5.0432,9.4378,-2.4291,1.644,-18.211,3.6903,0.051464,8.295,-0.69493,5.619,0.17713,20.19,-4.0401,-2.9757,-1.7878,-12.494,-7.0938,-0.45262,10.449,7.529,-14.173,1.7739,11.184,12.904,11.704,4.9141,5.0226,11.074,14.227,-10.818,14.648,9.5515,3.1509,-4.086,1.3797,-0.2666,-0.2513,-10.999,9.1881,-13.34,-6.5716,-8.9394,-3.8421,10.666,2.4495,-1.2824,7.2517,-16.483,-7.0611,0,-11.199,5.3553,20.524,-10.762,-5.6736,-10.177,-17.655,6.693,-6.7552,4.5642,-11.116,-13.79,-10.006,-0.47948,-9.4527,4.7706,-8.4147,-3.9693,4.7323,9.8536,0.0025507,1.8337,5.249,-10.145,-18.479,-1.7293,-0.090839,-14.746,2.3035,-22.033,4.463,-12.153,3.4363,-18.55,13.422,-22.188,-14.841,-5.3414,1.7576,5.8822,-16.114,16.628,9.1588,3.8057,7.2909,-9.5875,-9.6612,-11.319,3.8707,14.636,5.8197,-14.604,-3.096,3.3873,-11.199,0,-11.091,-6.9853,-9.6891,-7.2704,22.82,3.9351,-0.97788,-12.605,-11.07,-5.5843,17.421,7.8643,18.87,2.9936,13.898,-4.1527,10.626,-10.243,6.4913,13.416,-15.758,-5.0427,14.273,3.7993,6.5471,6.8547,11.749,-11.664,8.4493,2.2744,2.3003,3.0703,5.9874,-7.6342,0.74945,1.5399,-4.4161,0.42864,-3.5987,10.621,2.0114,2.3592,9.0301,-5.2469,7.2542,10.139,18.304,8.0067,-2.2783,2.6734,24.728,2.9371,14.628,5.3553,-11.091,0,1.7606,8.0144,-2.6901,-11.906,-2.2728,4.544,8.1874,-9.6262,2.936,-15.609,-2.0739,-12.8,2.9586,-4.0775,15.214,-20.701,4.2959,-3.1108,-19.367,5.2569,12.807,13.279,0.67214,-17.831,-6.5743,11.742,11.642,11.203,-4.6856,13.077,6.4947,18.163,-14.011,12.126,16.199,-4.5558,-10.921,-7.687,-6.9637,-2.1666,-7.0749,11.357,-15.3,-9.4833,-6.5955,-0.32962,10.429,-3.3861,-0.37315,8.0357,-7.4181,-1.9443,20.524,-6.9853,1.7606,0,-11.271,-3.4237,-1.2498,-4.9349,-2.5623,-11.889,5.4797,-9.2013,-7.4985,-0.58263,5.6357,-14.624,2.9384,-6.6024,5.7998,5.0115,13.642,-2.3804,-6.9302,-7.7428,1.3255,8.7775,18.547,1.3584,4.0992,-22.736,6.369,-8.9758,2.5452,-17.25,1.3413,-2.8485,2.042,-0.046624,3.462,1.2218,-5.1384,16.663,-12.856,0.71084,-11.599,4.3268,26.837,34.899,19.489,-13.46,-15.595,-6.0145,7.6365,20.862,5.5383,-10.762,-9.6891,8.0144,-11.271,0,9.9459,-9.265,10.083,-5.0725,32.584,1.8239,21.629,-4.7152,3.1267,-20.617,5.6753,-25.345,15.422,-9.7063,7.1117,-17.859,-16.152,13.29,0.84849,-1.3763,-0.39216,13.905,-15.091,-1.5975,-5.0776,-0.81885,-4.524,8.5763,-6.9442,5.3665,1.1453,5.8713,11.856,-1.8887,11.261,-3.7129,7.6438,-14.852,2.6656,-10.428,12.586,1.3348,5.4761,6.4472,-10.015,-15.953,5.5803,0.7377,12.865,-2.2972,-5.6736,-7.2704,-2.6901,-3.4237,9.9459,0,-0.8707,12.104,2.8308,9.0851,15.202,3.5393,7.6034,-1.1326,-3.8787,11.981,-8.1146,3.9928,0.4639,-5.0576,-14.07,-4.4538,4.402,16.852,-9.8701,-26.237,-2.4917,-5.8157,-16.318,4.8341,-19.857,0.41601,0.31058,4.8461,-11.932,13.261,-16.598,-2.3507,-14.793,1.5669,-4.2631,-13.082,10.598,15.174,2.2848,4.1526,-12.877,-8.0267,-6.46,1.3983,6.2821,10.585,-12.696,2.7548,5.0432,-10.177,22.82,-11.906,-1.2498,-9.265,-0.8707,0,7.5682,-4.8637,-12.491,-5.1687,-3.216,23.974,5.8355,19.268,2.5849,11.972,-0.34898,20.368,-14.803,2.891,11.116,-17.843,7.9917,2.4011,-8.5719,11.816,-15.905,0.30706,-14.435,-2.8883,-14.645,2.8733,-14.379,0.97697,-1.3324,-4.1834,1.4264,-7.3202,0.17364,-6.2234,-3.6076,-6.4005,5.7496,-2.1846,11.431,2.6875,9.9039,10.445,-4.1662,-13.111,2.5211,2.7427,18.984,9.4378,-17.655,3.9351,-2.2728,-4.9349,10.083,12.104,7.5682,0,-7.4158,3.0978,1.1311,5.1732,9.5765,19.153,3.2327,5.8549,-8.469,6.6697,5.3883,-0.44271,-3.9311,-8.8195,-7.7772,-10.519,1.1635,-2.264,5.9138,0.53179,-1.5021,1.5488,-5.8921,21.897,-8.3479,11.797,-0.38614,4.1494,-0.39249,-1.8562,1.3592,20.228,15.893,2.6642,6.5751,1.1083,5.7917,9.8038,-8.3527,-10.161,-5.1254,9.2224,9.2547,12.292,0.89007,-10.418,-2.4291,6.693,-0.97788,4.544,-2.5623,-5.0725,2.8308,-4.8637,-7.4158,0,-1.731,-1.4711,-14.276,1.1923,-9.8344,0.94058,14.571,10.793,-3.1355,-12.127,-9.986,-0.58528,3.2985,1.7712,-12.252,-1.9598,12.729,16.195,5.903,1.6626,-14.418,5.9344,-3.308,2.5303,-10.846,-0.15405,0.00027858,3.3172,0.41153,5.8852,4.1009,-3.4878,28.028,-11.623,0.45559,-15.091,2.5422,26.357,23.35,14.014,-15.816,-11.094,-5.5977,5.056,14.708,1.644,-6.7552,-12.605,8.1874,-11.889,32.584,9.0851,-12.491,3.0978,-1.731,0,3.0716,21.618,-6.1779,-4.1394,-31.304,6.4599,-19.488,14.21,-12.506,5.0159,-24.06,-10.823,23.502,0.84914,-0.94398,9.1763,-2.1861,-11.237,2.7995,6.8638,7.6225,-7.2004,10.033,-6.8006,11.63,-5.1853,20.755,15.205,7.9601,0.094207,-2.0663,3.1027,-23.02,-10.834,-12.132,1.0062,0.26702,-0.48062,-2.6431,-10.962,-13.627,-5.5675,-2.609,1.3287,-18.211,4.5642,-11.07,-9.6262,5.4797,1.8239,15.202,-5.1687,1.1311,-1.4711,3.0716,0,0.69264,0.58282,-4.2076,-2.2741,-3.2033,-8.2369,-8.5738,5.3876,3.6523,-3.5172,1.4752,6.4469,-2.665,-5.7625,8.2531,7.4111,6.9798,-1.855,-10.073,4.2342,-9.3326,5.8278,-12.264,-4.0313,1.8597,-0.90519,-0.35092,1.7884,-3.9025,-11.586,14.759,-8.8192,3.313,-16.307,-3.3235,24.833,24.592,12.091,-20.496,-10.379,-8.8101,0.60762,19.779,3.6903,-11.116,-5.5843,2.936,-9.2013,21.629,3.5393,-3.216,5.1732,-14.276,21.618,0.69264,0,-3.2091,0.067177,-17.401,-0.76737,-18.211,14.912,-1.5978,5.8905,-17.042,-7.0156,13.231,7.6711,-14.422,-19.323,4.6458,-8.9909,-21.308,2.6291,-26.054,2.9373,-2.2768,1.8354,-12.416,18.005,-12.713,-2.3359,-8.261,10.573,1.2325,-7.3939,5.1599,13.258,-3.9342,14.965,-10.84,-7.5718,-7.7571,-3.4701,3.9171,12.307,-16.781,4.1484,0.051464,-13.79,17.421,-15.609,-7.4985,-4.7152,7.6034,23.974,9.5765,1.1923,-6.1779,0.58282,-3.2091,0,2.8485,14.032,10.937,8.9872,-1.5934,13.653,-19.933,-3.1808,12.51,-9.8883,7.014,7.6261,-6.2956,1.7222,-9.8693,6.1787,-10.608,1.0318,-15.856,-3.7654,-13.709,2.0645,-7.6018,-3.8342,-5.2064,-2.3671,-9.7177,-1.0564,-13.58,-1.4806,-1.7573,5.3117,4.5746,1.5737,5.4209,4.9832,3.1977,-5.6434,-4.3266,4.1383,5.7826,8.295,-10.006,7.8643,-2.0739,-0.58263,3.1267,-1.1326,5.8355,19.153,-9.8344,-4.1394,-4.2076,0.067177,2.8485,0,7.9456,-3.6691,-5.3594,-0.61833,5.368,7.3591,8.4113,-7.5367,-14.073,13.13,-1.3982,-18.746,-8.7888,-10.227,-5.6169,9.5286,-11.258,1.5156,-4.0314,6.1793,-3.0453,3.522,-6.8148,-2.1416,-7.0234,-0.86545,3.9917,-32.164,9.982,2.6381,10.046,4.0149,-24.445,-18.967,-13.297,10.446,8.7181,7.4954,-8.507,-8.2818,-0.69493,-0.47948,18.87,-12.8,5.6357,-20.617,-3.8787,19.268,3.2327,0.94058,-31.304,-2.2741,-17.401,14.032,7.9456,0,-1.7067,16.679,-12.32,16.115,-8.1796,16.161,11.629,-29.54,-6.078,-5.5748,-8.365,24.185,-2.2116,-9.6342,-8.7054,-14.188,10.709,-4.9565,2.9734,-7.9763,12.782,-9.3605,-3.0299,-5.4248,33.42,5.5392,7.0523,3.8682,13.766,-2.3982,21.698,-1.6547,0.72443,2.9761,-1.0536,2.1251,17.097,-1.7853,6.1604,5.619,-9.4527,2.9936,2.9586,-14.624,5.6753,11.981,2.5849,5.8549,14.571,6.4599,-3.2033,-0.76737,10.937,-3.6691,-1.7067,0,3.6278,8.5898,-7.4723,-16.88,-13.474,-0.040251,1.9787,4.2992,-4.9687,-15.133,-7.0666,1.7513,-10.427,12.876,-15.72,18.554,-6.1422,25.25,-8.5029,10.913,-10.518,-4.1389,-7.78,7.001,6.9701,-10.465,24.085,7.8498,11.539,1.2393,-24.907,-26.69,-15.045,13.86,24.286,14.938,-8.5594,-14.517,0.17713,4.7706,13.898,-4.0775,2.9384,-25.345,-8.1146,11.972,-8.469,10.793,-19.488,-8.2369,-18.211,8.9872,-5.3594,16.679,3.6278,0,-6.5194,4.6655,-16.962,8.809,16.095,-11.638,0.56391,0.73432,-2.3501,14.22,4.7999,-1.269,-15.54,-0.86907,-1.372,6.4541,-1.0083,-3.5409,3.4109,-7.6426,1.4238,-11.446,3.7651,-12.539,14.127,0.80791,15.563,-1.5218,-0.40542,10.165,17.61,22.7,-3.5164,-5.7147,5.9247,8.6125,19.429,20.19,-8.4147,-4.1527,15.214,-6.6024,15.422,3.9928,-0.34898,6.6697,-3.1355,14.21,-8.5738,14.912,-1.5934,-0.61833,-12.32,8.5898,-6.5194,0,-7.2961,-3.0458,-15.737,-12.826,5.2314,20.687,-7.6034,-9.4825,-10.786,-9.2388,-8.4439,11.483,-6.212,-7.3838,6.4062,-0.31603,-2.7699,4.3164,-2.5622,4.3146,-6.1074,-6.4781,-7.514,-13.842,0.083424,2.7822,-2.3683,-2.0774,-9.8826,-7.4174,-8.6267,-3.449,-0.58494,0.48842,-12.816,1.2289,-4.0401,-3.9693,10.626,-20.701,5.7998,-9.7063,0.4639,20.368,5.3883,-12.127,-12.506,5.3876,-1.5978,13.653,5.368,16.115,-7.4723,4.6655,-7.2961,0,-4.3601,5.6828,11.198,-12.449,-4.2677,11.78,18.427,-5.1457,2.062,21.059,-4.6924,26.57,-14.795,0.64424,-14.432,12.149,-22.81,13.509,-0.0046991,13.013,-20.023,-1.1989,0.64656,-11.875,-20.976,-0.82174,-9.5264,13.973,10.36,5.8583,-2.0196,-9.5058,-27.792,10.262,-0.3576,-2.9757,4.7323,-10.243,4.2959,5.0115,7.1117,-5.0576,-14.803,-0.44271,-9.986,5.0159,3.6523,5.8905,-19.933,7.3591,-8.1796,-16.88,-16.962,-3.0458,-4.3601,0,5.6861,-11.417,5.2723,6.356,9.5291,-3.6022,-17.996,-3.3519,7.889,8.3411,3.103,-1.3946,-4.9222,4.0105,5.5721,-9.4135,1.9008,-2.6018,0.83989,-11.894,5.3846,-24.553,6.6962,-9.2132,17.54,-6.0928,-11.496,-12.612,-8.984,17.602,7.2191,-3.0829,1.6097,-16.878,-1.7878,9.8536,6.4913,-3.1108,13.642,-17.859,-14.07,2.891,-3.9311,-0.58528,-24.06,-3.5172,-17.042,-3.1808,8.4113,16.161,-13.474,8.809,-15.737,5.6828,5.6861,0,3.2618,-16.294,0.7904,-19.514,-5.3103,-8.76,3.0505,-19.004,19.194,-14.559,11.116,-6.2902,9.3572,-13.024,16.047,-5.8684,-5.4012,2.4721,4.6894,7.705,-7.2114,8.817,2.1411,-3.8524,2.0359,-11.904,-20.16,-32.261,-1.8561,15.976,2.999,-31.064,-11.103,-12.494,0.0025507,13.416,-19.367,-2.3804,-16.152,-4.4538,11.116,-8.8195,3.2985,-10.823,1.4752,-7.0156,12.51,-7.5367,11.629,-0.040251,16.095,-12.826,11.198,-11.417,3.2618,0,-3.1251,-17.24,-4.3131,22.032,5.9646,11.201,1.0209,-2.8705,7.7705,2.3973,1.7409,-4.0738,0.54789,0.42237,8.2267,1.3102,12.414,3.7067,0.43156,28.728,-9.9546,-4.7678,-15.72,-2.3787,17.342,10.008,4.22,-14.172,-4.8695,-8.0951,1.2054,3.4227,-7.0938,1.8337,-15.758,5.2569,-6.9302,13.29,4.402,-17.843,-7.7772,1.7712,23.502,6.4469,13.231,-9.8883,-14.073,-29.54,1.9787,-11.638,5.2314,-12.449,5.2723,-16.294,-3.1251,0
