0,7.4386,4.0408,7.4389,-49.566,-11.173,-9.3006,9.957,-22.876,4.6556,-18.777,-13.039,-10.39,3.9137,-9.5796,-11.14,11.921,12.773,-2.6068,-0.59112,-24.132,-16.733,17.43,3.6097,-16.203,19.62,14.556,-5.118,12.988,-10.344,-30.481,-3.9243,0.0085259,5.9222,-1.9883,2.0279,13.762,10.694,14.441,17.544,13.881,39.852,4.0389,-8.4716,8.6016,-6.7482,-17.783,-6.8815,-14.414,-14.491,1.0432,-18.82,-6.3758,8.3534,-6.3724,7.4386,0,-14.269,16.043,-9.5671,-5.539,-22.985,-3.818,-10.173,-7.8843,-24.872,-14.625,-12.443,-5.8987,-15.158,3.0298,19.082,10.287,-11.114,17.266,-16.584,4.7011,16.411,17.083,-3.6445,8.4383,12.312,0.78795,8.7177,-10.725,-14.011,-6.0743,-4.8956,5.9003,21.103,-4.2448,19.823,8.4075,24.016,4.9416,19.787,9.9159,-1.2624,0.92701,-14.369,4.4804,-16.655,10.987,-0.35459,5.6998,2.6687,-15.151,-5.1958,3.9718,-4.7187,4.0408,-14.269,0,-1.1343,-2.1722,6.3115,18.71,4.1479,0.2643,16.149,5.1514,1.3317,1.7352,10.861,16.124,-4.8466,-5.6514,-12.284,1.9776,-5.7371,3.5085,-10.123,-2.4374,-25.919,-11.782,-2.2321,-12.47,-4.574,-7.2873,0.52118,-0.053594,3.323,0.4318,4.3376,-10.849,4.8051,-10.706,-3.3355,-8.8975,0.35141,-7.7481,2.6824,8.6231,-16.62,21.842,-8.1061,3.6263,-40.534,-10.778,-15.787,10.122,7.4181,-2.4196,-5.3672,-0.7861,7.4389,16.043,-1.1343,0,-9.8693,-7.1841,-5.8964,-13.046,-14.047,0.22344,-12.961,-7.8036,-12.143,0.35734,-1.6805,-3.1721,8.0849,3.9021,-5.8549,13.143,-15.927,-1.7128,23.522,3.0532,-6.5894,2.5659,3.3121,-0.94653,3.2703,-21.15,-8.8859,-13.62,-14.777,24.206,13.931,4.104,13.368,7.9652,12.187,7.5909,18.962,8.202,-5.6411,-6.2129,-7.5894,7.1843,-18.638,-0.18552,-0.56135,3.7109,6.5621,-11.313,-21.313,4.1725,-4.7263,-49.566,-9.5671,-2.1722,-9.8693,0,13.286,11.058,-6.935,25.938,-3.0039,20.571,13.516,10.345,-2.0106,10.143,10.752,-12.865,-14.744,3.4105,-1.0058,28.476,15.268,-21.79,-5.1937,15.239,-17.964,-16.496,4.013,-13.181,12.293,29.227,6.8115,2.2718,-7.8923,-0.14446,-1.6135,-17.196,-11.615,-16.082,-17.858,-18.055,-36.23,-2.0579,6.7131,-6.3111,4.3755,20.219,5.1363,12.874,11.175,0.17811,23.404,8.5713,-8.9087,7.1039,-11.173,-5.539,6.3115,-7.1841,13.286,0,10.565,1.5259,18.307,2.5376,5.6125,-0.59113,5.8773,-1.4086,10.881,16.62,-0.049582,-28.038,-9.2091,6.0317,16.624,12.185,-14.874,-9.4777,-3.3431,-9.3842,-19.017,0.49256,-18.226,11.233,7.349,11.407,3.8475,-6.6137,3.2807,-9.6424,-15.737,-13.506,-8.4922,-19.122,-15.026,-8.6408,16,-4.7294,2.6651,-3.2035,16.712,-5.6337,-4.2972,-1.6762,13.707,19.843,13.226,-21.61,-0.54471,-9.3006,-22.985,18.71,-5.8964,11.058,10.565,0,-2.7834,8.2161,14.547,20.658,14.462,5.7505,7.9968,21.216,-2.0112,-12.743,-21.157,6.0593,-8.3243,14.115,-3.0853,-13.337,-20.107,0.89718,-9.9501,-21.191,-5.528,-17.434,3.2164,14.764,3.5291,-2.347,2.2783,-9.7266,5.9139,-17.565,-14.137,-16.588,-5.0339,-15.976,-9.4852,1.0393,-8.4232,10.839,1.2106,14.732,-15.332,-0.92108,-5.4722,6.4324,20.58,2.3505,-5.6925,-0.18737,9.957,-3.818,4.1479,-13.046,-6.935,1.5259,-2.7834,0,-0.80852,3.9213,-3.877,-4.9178,-1.6244,6.1417,-7.2082,-3.0723,3.0542,3.3828,1.9523,-8.9832,-1.3601,-7.1548,-4.6389,-0.16911,-5.6017,13.103,5.0087,-4.2802,7.8476,7.4748,-10.058,15.361,19.686,-14.568,-12.163,-1.6134,-2.7068,1.9859,1.8089,3.8095,-5.8886,9.6972,13.215,-4.2076,12.158,-18.556,0.38611,-4.5015,-9.408,-17.045,0.66836,-0.17987,12.758,1.4884,1.5995,-22.876,-10.173,0.2643,-14.047,25.938,18.307,8.2161,-0.80852,0,-6.871,13.792,4.5562,17.115,-4.864,11.99,18.668,-10.784,-15.135,-1.2259,1.278,37.433,18.376,-20.277,-8.6379,7.0684,-19.18,-17.029,10.351,-11.388,25.78,16.979,10.629,8.2186,-14.757,-0.86255,-8.5181,-22.882,-7.194,-20.214,-31.451,-20.714,-24.323,6.6116,7.8424,-2.1745,-3.8648,21.751,2.4031,6.4282,7.8924,0.44356,19.463,10.914,-18.319,9.7526,4.6556,-7.8843,16.149,0.22344,-3.0039,2.5376,14.547,3.9213,-6.871,0,4.2079,7.9812,-9.5156,16.801,2.959,-14.1,0.24329,-7.2527,5.6407,-9.9282,-2.4584,-16.388,-3.4904,-6.5889,-4.9321,7.5066,-4.3197,-26.03,-5.4411,-9.114,-0.76436,2.6577,-3.5881,7.7214,-9.0937,12.108,-2.1745,-10.24,1.4814,10.2,-4.12,6.6393,0.67113,-24.732,13.861,1.5915,1.3345,-17.298,-8.3482,-19.649,10.857,6.563,1.8772,5.9025,-8.8994,-18.777,-24.872,5.1514,-12.961,20.571,5.6125,20.658,-3.877,13.792,4.2079,0,26.276,11.606,3.1154,13.228,-0.5371,-22.312,-10.943,12.403,-12.831,21.512,1.4031,-20.388,-9.9393,13.297,-13.298,-13.493,-0.31134,-11.367,8.8578,30.568,3.742,0.97812,-4.6078,-11.47,5.1926,-17.514,-11.861,-22.499,-7.4318,-18.833,-20.974,-5.7035,3.6237,3.3209,3.4715,19.714,-2.2686,8.8701,3.0401,-4.2205,19.412,5.096,-2.5999,5.3432,-13.039,-14.625,1.3317,-7.8036,13.516,-0.59113,14.462,-4.9178,4.5562,7.9812,26.276,0,2.3842,6.8224,4.6037,-7.9639,-15.302,-4.6767,18.444,-16.493,9.5347,-3.3609,-13.848,-2.5871,18.171,-4.6962,-5.9094,-7.561,-6.1635,0.30626,20.045,1.1639,-2.2501,-0.25939,-10.697,12.541,-7.5349,-11.443,-9.3582,1.2756,-10.654,-12.548,-13.927,1.345,0.4536,9.0863,10.377,0.789,11.175,2.1485,-4.768,12.59,3.3332,6.766,1.7749,-10.39,-12.443,1.7352,-12.143,10.345,5.8773,5.7505,-1.6244,17.115,-9.5156,11.606,2.3842,0,-12.765,13.144,11.192,-9.936,-5.4551,-1.9744,-1.0807,18.1,8.092,-8.6094,-8.0589,2.1027,-19.94,-7.084,16.597,-9.2053,19.544,13.377,-1.0996,2.1932,-8.6213,-3.2624,-11.875,-11.187,-3.408,-21.294,-18.376,-8.1692,-14.714,3.5326,14.317,3.9903,-2.4337,16.807,-0.80646,0.99023,6.1851,-10.394,5.4318,3.3724,-14.947,4.7353,3.9137,-5.8987,10.861,0.35734,-2.0106,-1.4086,7.9968,6.1417,-4.864,16.801,3.1154,6.8224,-12.765,0,0.3989,-14.407,-6.8098,-2.7939,15.278,-11.786,-2.4755,-12.038,-2.5528,-7.4021,1.3857,8.4392,-4.7276,-13.115,5.4288,-4.9338,-3.0633,10.593,6.5163,1.4451,-13.2,24.238,-5.6515,1.8219,-0.027294,10.761,-7.2935,4.332,-1.2734,-17.031,5.2292,-6.6365,-4.9795,-7.9153,2.1124,-10.709,9.8971,6.4456,-1.2521,9.6332,5.7962,-9.5796,-15.158,16.124,-1.6805,10.143,10.881,21.216,-7.2082,11.99,2.959,13.228,4.6037,13.144,0.3989,0,5.8241,-12.973,-19.874,-0.38086,0.5227,15.447,3.4588,-6.3752,-28.499,-2.7217,-22.087,-25.761,6.3195,-16.481,6.9902,12.766,-0.30203,-2.9852,2.6521,-3.1881,-0.99002,-17.796,-5.356,-22.711,-12.995,-10.735,-12.2,3.9799,-2.5336,6.7138,-1.7102,11.528,-12.919,-0.45667,1.168,4.7692,12.952,-3.6991,-15.309,4.0264,-11.14,3.0298,-4.8466,-3.1721,10.752,16.62,-2.0112,-3.0723,18.668,-14.1,-0.5371,-7.9639,11.192,-14.407,5.8241,0,2.0524,-9.3686,-15.76,16.435,12.071,31.441,-5.3594,-1.7464,-1.1471,-13.787,-8.3454,14.777,-8.8307,14.151,5.0395,3.9275,3.0308,-8.3106,12.455,-21.939,-7.0177,-2.5911,-5.8699,-30.358,-4.7025,-10.517,11.159,8.0593,-6.96,-2.1928,9.2692,5.1765,0.70012,10.279,3.0806,5.8577,6.5295,-25.636,3.3291,11.921,19.082,-5.6514,8.0849,-12.865,-0.049582,-12.743,3.0542,-10.784,0.24329,-22.312,-15.302,-9.936,-6.8098,-12.973,2.0524,0,5.4496,-18.261,12.091,-14.635,-0.49167,10.269,13.42,-12.584,12.328,12.132,-5.7111,1.6519,-9.3969,-15.784,-4.8363,-5.7668,5.1052,14.157,-9.3907,17.832,-0.80702,23.925,5.2274,15.345,16.738,6.2999,-4.6043,-1.0508,3.5792,-7.6487,1.1919,-13.984,-5.2931,5.0829,-11.84,2.2799,0.79819,-17.594,12.773,10.287,-12.284,3.9021,-14.744,-28.038,-21.157,3.3828,-15.135,-7.2527,-10.943,-4.6767,-5.4551,-2.7939,-19.874,-9.3686,5.4496,0,3.8421,-2.7963,-17.349,-7.2573,13.598,16.781,2.1044,13.065,32.833,1.3245,23.468,-6.7204,-11.613,-7.3119,0.50971,0.57133,-0.33828,2.5209,19.204,14.337,12.749,14.622,16.064,10.963,-8.8909,7.9468,-4.3238,0.45722,-15.882,10.347,2.074,1.6885,-14.749,-25.189,-6.0059,16.614,-0.10844,-2.6068,-11.114,1.9776,-5.8549,3.4105,-9.2091,6.0593,1.9523,-1.2259,5.6407,12.403,18.444,-1.9744,15.278,-0.38086,-15.76,-18.261,3.8421,0,-24.447,2.0852,-9.5324,-5.682,-2.7696,14.893,2.363,-0.4395,-4.9288,7.2628,-0.13485,6.0016,4.6036,5.8093,-2.7366,-19.89,23.318,-5.292,2.4298,-6.0614,8.4592,-7.6158,-4.2354,-13.004,0.42894,1.194,-1.3683,-0.52407,1.2058,12.738,-0.64413,-6.4626,4.5292,-1.7146,14.453,10.522,-0.59112,17.266,-5.7371,13.143,-1.0058,6.0317,-8.3243,-8.9832,1.278,-9.9282,-12.831,-16.493,-1.0807,-11.786,0.5227,16.435,12.091,-2.7963,-24.447,0,-2.9654,14.809,9.0421,3.2482,-7.8076,-4.9063,-1.3163,8.2869,-3.5926,-2.296,-4.7546,-5.4378,-6.6726,5.37,33.283,-13.249,5.4779,2.9202,6.3909,-8.4067,9.16,0.77632,5.9708,1.13,-10.663,3.0696,-4.372,4.0943,-2.6031,8.7074,7.6088,-4.7056,-4.4976,-11.186,-3.3664,-24.132,-16.584,3.5085,-15.927,28.476,16.624,14.115,-1.3601,37.433,-2.4584,21.512,9.5347,18.1,-2.4755,15.447,12.071,-14.635,-17.349,2.0852,-2.9654,0,11.904,-25.079,-11.432,7.9443,-19.969,-19.54,6.7965,-14.392,21.442,23.079,9.1414,6.0538,-11.808,-4.6185,-4.9194,-27.208,-10.522,-26.749,-23.037,-25.131,-26.561,4.1833,5.8872,1.1696,-2.1037,28.459,-0.73717,5.9803,5.3599,-0.31007,24.292,10.294,-14.86,7.9687,-16.733,4.7011,-10.123,-1.7128,15.268,12.185,-3.0853,-7.1548,18.376,-16.388,1.4031,-3.3609,8.092,-12.038,3.4588,31.441,-0.49167,-7.2573,-9.5324,14.809,11.904,0,-5.9098,1.3997,5.7317,-14.159,-7.6425,13.598,-6.4935,11.228,8.1022,3.5613,2.2254,-7.607,13.775,-13.318,-5.9975,-1.8988,-4.9553,-24.055,-4.5423,-15.122,3.8402,10.89,-15.117,1.5989,7.5451,11.758,8.1762,18.321,1.4903,6.6406,5.0777,-15.24,6.1277,17.43,16.411,-2.4374,23.522,-21.79,-14.874,-13.337,-4.6389,-20.277,-3.4904,-20.388,-13.848,-8.6094,-2.5528,-6.3752,-5.3594,10.269,13.598,-5.682,9.0421,-25.079,-5.9098,0,5.8587,-10.042,7.1645,12.236,2.3422,10.762,-15.69,-17.219,-15.002,-8.9274,14.837,8.6731,1.0301,20.075,15.788,14.437,11.235,30.095,15.551,-3.528,-1.868,-3.1699,1.5624,-26.644,0.26063,-4.3799,0.6109,-0.74918,-27.275,-20.562,6.3279,-4.2187,3.6097,17.083,-25.919,3.0532,-5.1937,-9.4777,-20.107,-0.16911,-8.6379,-6.5889,-9.9393,-2.5871,-8.0589,-7.4021,-28.499,-1.7464,13.42,16.781,-2.7696,3.2482,-11.432,1.3997,5.8587,0,5.4484,11.369,22.709,-3.4768,8.8107,-7.2765,-5.9766,-5.3229,-3.147,-0.18366,9.0241,-2.7046,20.635,1.4874,19.315,7.6911,13.341,6.0474,-7.7354,7.6704,-11.603,9.4634,-7.2392,18.762,2.7099,5.0814,-7.8151,-12.404,2.8809,11.282,-7.0992,-16.203,-3.6445,-11.782,-6.5894,15.239,-3.3431,0.89718,-5.6017,7.0684,-4.9321,13.297,18.171,2.1027,1.3857,-2.7217,-1.1471,-12.584,2.1044,14.893,-7.8076,7.9443,5.7317,-10.042,5.4484,0,-4.5372,-0.80895,0.88958,1.8948,3.8449,14.899,3.0239,2.8972,-6.5125,-3.4289,7.4231,-4.0127,-2.2838,-5.296,-1.7588,-6.9387,-15.83,-16.181,11.7,-12.555,7.0254,5.0383,16.365,29.188,13.8,-9.3763,6.8819,3.4443,7.0246,9.4466,19.62,8.4383,-2.2321,2.5659,-17.964,-9.3842,-9.9501,13.103,-19.18,7.5066,-13.298,-4.6962,-19.94,8.4392,-22.087,-13.787,12.328,13.065,2.363,-4.9063,-19.969,-14.159,7.1645,11.369,-4.5372,0,17.246,-14.64,14.775,-10.783,-19.871,2.5511,3.4536,1.0402,-3.0732,6.2703,13.398,4.46,21.144,22.827,8.1892,24.653,0.27866,-8.5598,3.2006,-2.9431,-13.569,0.16137,-6.8894,-13.339,1.8112,-10.489,2.1529,16.915,-6.3445,14.556,12.312,-12.47,3.3121,-16.496,-19.017,-21.191,5.0087,-17.029,-4.3197,-13.493,-5.9094,-7.084,-4.7276,-25.761,-8.3454,12.132,32.833,-0.4395,-1.3163,-19.54,-7.6425,12.236,22.709,-0.80895,17.246,0,-2.6699,15.972,-8.4454,-13.348,-7.6786,-1.5872,1.2559,1.9732,-0.67188,25.657,7.7229,18.525,15.118,18.23,14.772,-5.8399,5.3482,-2.3515,2.8008,-12.828,8.6773,-2.8329,-1.5903,-11.513,-24.813,-1.8251,14.998,-6.6815,-5.118,0.78795,-4.574,-0.94653,4.013,0.49256,-5.528,-4.2802,10.351,-26.03,-0.31134,-7.561,16.597,-13.115,6.3195,14.777,-5.7111,1.3245,-4.9288,8.2869,6.7965,13.598,2.3422,-3.4768,0.88958,-14.64,-2.6699,0,1.3848,12.991,3.0003,-2.2054,3.8765,-6.3175,4.5366,-11.267,-4.2963,10.332,-9.3473,-14.768,-0.0072019,-8.9627,2.7644,17.015,-6.0446,-5.8727,1.4473,6.1501,5.524,14.51,-7.9318,-2.7874,-4.8971,-12.165,12.141,12.988,8.7177,-7.2873,3.2703,-13.181,-18.226,-17.434,7.8476,-11.388,-5.4411,-11.367,-6.1635,-9.2053,5.4288,-16.481,-8.8307,1.6519,23.468,7.2628,-3.5926,-14.392,-6.4935,10.762,8.8107,1.8948,14.775,15.972,1.3848,0,-3.6639,-15.249,1.8629,8.8806,-3.1226,-3.6658,6.9244,9.3332,23.336,9.9868,13.415,7.9075,10.923,-4.1149,2.628,-4.399,-8.1288,-20.16,7.9516,4.3102,-0.35278,-6.0537,-14.559,-5.4712,14.728,8.1083,-10.344,-10.725,0.52118,-21.15,12.293,11.233,3.2164,7.4748,25.78,-9.114,8.8578,0.30626,19.544,-4.9338,6.9902,14.151,-9.3969,-6.7204,-0.13485,-2.296,21.442,11.228,-15.69,-7.2765,3.8449,-10.783,-8.4454,12.991,-3.6639,0,8.3403,13.091,16.585,-25.912,-5.8419,-10.277,-18.353,-1.499,-17.548,-19.894,-17.65,-12.885,10.35,9.9964,2.3082,-11.939,15.636,1.7418,2.6809,3.1915,-4.0455,10.635,12.29,-14.621,11.983,-30.481,-14.011,-0.053594,-8.8859,29.227,7.349,14.764,-10.058,16.979,-0.76436,30.568,20.045,13.377,-3.0633,12.766,5.0395,-15.784,-11.613,6.0016,-4.7546,23.079,8.1022,-17.219,-5.9766,14.899,-19.871,-13.348,3.0003,-15.249,8.3403,0,0.22797,-2.9429,-3.0552,-2.8641,0.47407,-13.379,-13.224,-18.667,-12.403,-13.352,-31.947,-6.8524,7.702,-2.584,8.5582,20.928,2.3048,11.179,9.8464,-4.5344,17.16,4.3537,-5.7305,3.5997,-3.9243,-6.0743,3.323,-13.62,6.8115,11.407,3.5291,15.361,10.629,2.6577,3.742,1.1639,-1.0996,10.593,-0.30203,3.9275,-4.8363,-7.3119,4.6036,-5.4378,9.1414,3.5613,-15.002,-5.3229,3.0239,2.5511,-7.6786,-2.2054,1.8629,13.091,0.22797,0,26.439,-19.22,-8.4924,1.3556,-15.081,-1.4171,-5.1295,-5.0989,-20.039,-3.0235,11.284,-4.3867,2.2949,-15.645,5.8711,-0.64665,1.9021,-5.533,7.9567,13.929,15.598,-3.6762,10.84,0.0085259,-4.8956,0.4318,-14.777,2.2718,3.8475,-2.347,19.686,8.2186,-3.5881,0.97812,-2.2501,2.1932,6.5163,-2.9852,3.0308,-5.7668,0.50971,5.8093,-6.6726,6.0538,2.2254,-8.9274,-3.147,2.8972,3.4536,-1.5872,3.8765,8.8806,16.585,-2.9429,26.439,0,-26.535,-10.752,-0.34253,-10.705,6.0067,-5.1106,-3.6377,-13.176,-1.1099,9.7989,1.8107,2.2715,-23.796,2.1525,2.171,2.61,-3.6281,0.073328,5.4053,10.848,-1.9387,15.935,5.9222,5.9003,4.3376,24.206,-7.8923,-6.6137,2.2783,-14.568,-14.757,7.7214,-4.6078,-0.25939,-8.6213,1.4451,2.6521,-8.3106,5.1052,0.57133,-2.7366,5.37,-11.808,-7.607,14.837,-0.18366,-6.5125,1.0402,1.2559,-6.3175,-3.1226,-25.912,-3.0552,-19.22,-26.535,0,7.2538,6.6295,10.826,-0.054653,7.4902,9.4803,14.432,6.6416,-8.3828,-8.9073,-0.32352,12.796,-9.5121,-6.3741,-3.6079,-0.71478,4.7749,-7.1937,-18.356,5.2882,-11.145,-1.9883,21.103,-10.849,13.931,-0.14446,3.2807,-9.7266,-12.163,-0.86255,-9.0937,-11.47,-10.697,-3.2624,-13.2,-3.1881,12.455,14.157,-0.33828,-19.89,33.283,-4.6185,13.775,8.6731,9.0241,-3.4289,-3.0732,1.9732,4.5366,-3.6658,-5.8419,-2.8641,-8.4924,-10.752,7.2538,0,-10.871,9.7557,0.12572,9.9023,-5.315,12.043,0.34269,0.54302,2.792,-14.87,9.7329,-4.3685,8.2279,-0.26268,11.012,4.7575,-5.7391,-3.6412,-5.9173,-6.781,2.0279,-4.2448,4.8051,4.104,-1.6135,-9.6424,5.9139,-1.6134,-8.5181,12.108,5.1926,12.541,-11.875,24.238,-0.99002,-21.939,-9.3907,2.5209,23.318,-13.249,-4.9194,-13.318,1.0301,-2.7046,7.4231,6.2703,-0.67188,-11.267,6.9244,-10.277,0.47407,1.3556,-0.34253,6.6295,-10.871,0,-0.44366,3.1119,0.83933,15.347,-1.7129,1.8265,-13.148,-8.6414,0.24805,1.4871,-7.4575,-2.4645,8.3611,-3.342,1.9474,2.0057,-7.4988,18.189,4.9575,13.762,19.823,-10.706,13.368,-17.196,-15.737,-17.565,-2.7068,-22.882,-2.1745,-17.514,-7.5349,-11.187,-5.6515,-17.796,-7.0177,17.832,19.204,-5.292,5.4779,-27.208,-5.9975,20.075,20.635,-4.0127,13.398,25.657,-4.2963,9.3332,-18.353,-13.379,-15.081,-10.705,10.826,9.7557,-0.44366,0,5.6917,26.678,14.964,35.13,15.733,-7.3167,1.0787,-5.1297,9.1518,-16.552,6.3684,-4.0589,0.26695,-4.8669,-26.552,-7.3097,12.412,-12.323,10.694,8.4075,-3.3355,7.9652,-11.615,-13.506,-14.137,1.9859,-7.194,-10.24,-11.861,-11.443,-3.408,1.8219,-5.356,-2.5911,-0.80702,14.337,2.4298,2.9202,-10.522,-1.8988,15.788,1.4874,-2.2838,4.46,7.7229,10.332,23.336,-1.499,-13.224,-1.4171,6.0067,-0.054653,0.12572,3.1119,5.6917,0,4.3015,5.6049,8.6212,7.067,-1.3225,3.6026,-4.9673,-10.427,-20.18,4.5217,3.9592,3.6958,-3.9387,-14.443,-13.519,4.8435,12.057,14.441,24.016,-8.8975,12.187,-16.082,-8.4922,-16.588,1.8089,-20.214,1.4814,-22.499,-9.3582,-21.294,-0.027294,-22.711,-5.8699,23.925,12.749,-6.0614,6.3909,-26.749,-4.9553,14.437,19.315,-5.296,21.144,18.525,-9.3473,9.9868,-17.548,-18.667,-5.1295,-5.1106,7.4902,9.9023,0.83933,26.678,4.3015,0,15.172,19.495,19.893,-2.0826,-5.0601,-5.3161,4.9494,-17.391,5.2701,-5.3063,-3.5358,2.9652,-15.834,-2.2798,11.657,-11.093,17.544,4.9416,0.35141,7.5909,-17.858,-19.122,-5.0339,3.8095,-31.451,10.2,-7.4318,1.2756,-18.376,10.761,-12.995,-30.358,5.2274,14.622,8.4592,-8.4067,-23.037,-24.055,11.235,7.6911,-1.7588,22.827,15.118,-14.768,13.415,-19.894,-12.403,-5.0989,-3.6377,9.4803,-5.315,15.347,14.964,5.6049,15.172,0,11.35,18.504,-9.0172,-8.2669,3.2075,2.4498,-16.801,-1.8285,-2.7522,-9.6197,-1.5155,-12.231,-6.9354,29.339,-5.9532,13.881,19.787,-7.7481,18.962,-18.055,-15.026,-15.976,-5.8886,-20.714,-4.12,-18.833,-10.654,-8.1692,-7.2935,-10.735,-4.7025,15.345,16.064,-7.6158,9.16,-25.131,-4.5423,30.095,13.341,-6.9387,8.1892,18.23,-0.0072019,7.9075,-17.65,-13.352,-20.039,-13.176,14.432,12.043,-1.7129,35.13,8.6212,19.495,11.35,0,14.191,-6.1435,1.2298,-5.0344,7.8601,-18.461,4.0726,-4.5168,2.05,-3.9521,-30.678,-13.151,7.9237,-10.203,39.852,9.9159,2.6824,8.202,-36.23,-8.6408,-9.4852,9.6972,-24.323,6.6393,-20.974,-12.548,-14.714,4.332,-12.2,-10.517,16.738,10.963,-4.2354,0.77632,-26.561,-15.122,15.551,6.0474,-15.83,24.653,14.772,-8.9627,10.923,-12.885,-31.947,-3.0235,-1.1099,6.6416,0.34269,1.8265,15.733,7.067,19.893,18.504,14.191,0,4.3555,-10.993,7.0171,-4.2366,-16.986,-5.9418,-15.443,-15.527,3.8122,-16.4,-3.8016,8.9678,-9.6435,4.0389,-1.2624,8.6231,-5.6411,-2.0579,16,1.0393,13.215,6.6116,0.67113,-5.7035,-13.927,3.5326,-1.2734,3.9799,11.159,6.2999,-8.8909,-13.004,5.9708,4.1833,3.8402,-3.528,-7.7354,-16.181,0.27866,-5.8399,2.7644,-4.1149,10.35,-6.8524,11.284,9.7989,-8.3828,0.54302,-13.148,-7.3167,-1.3225,-2.0826,-9.0172,-6.1435,4.3555,0,-6.4275,9.6044,-16.053,4.6759,-9.5727,-15.511,-10.178,10.839,4.0568,9.3811,-16.59,-0.63886,-8.4716,0.92701,-16.62,-6.2129,6.7131,-4.7294,-8.4232,-4.2076,7.8424,-24.732,3.6237,1.345,14.317,-17.031,-2.5336,8.0593,-4.6043,7.9468,0.42894,1.13,5.8872,10.89,-1.868,7.6704,11.7,-8.5598,5.3482,17.015,2.628,9.9964,7.702,-4.3867,1.8107,-8.9073,2.792,-8.6414,1.0787,3.6026,-5.0601,-8.2669,1.2298,-10.993,-6.4275,0,-9.8062,3.0902,4.3598,17.812,10.782,18.312,-22.915,-3.8328,1.1723,-2.0281,6.3517,8.6016,-14.369,21.842,-7.5894,-6.3111,2.6651,10.839,12.158,-2.1745,13.861,3.3209,0.4536,3.9903,5.2292,6.7138,-6.96,-1.0508,-4.3238,1.194,-10.663,1.1696,-15.117,-3.1699,-11.603,-12.555,3.2006,-2.3515,-6.0446,-4.399,2.3082,-2.584,2.2949,2.2715,-0.32352,-14.87,0.24805,-5.1297,-4.9673,-5.3161,3.2075,-5.0344,7.0171,9.6044,-9.8062,0,-8.1966,5.2897,-25.586,-18.221,-24.865,1.7445,2.2108,3.4184,-2.3071,-5.8374,-6.7482,4.4804,-8.1061,7.1843,4.3755,-3.2035,1.2106,-18.556,-3.8648,1.5915,3.4715,9.0863,-2.4337,-6.6365,-1.7102,-2.1928,3.5792,0.45722,-1.3683,3.0696,-2.1037,1.5989,1.5624,9.4634,7.0254,-2.9431,2.8008,-5.8727,-8.1288,-11.939,8.5582,-15.645,-23.796,12.796,9.7329,1.4871,9.1518,-10.427,4.9494,2.4498,7.8601,-4.2366,-16.053,3.0902,-8.1966,0,1.7882,6.0713,4.4886,8.2353,-3.4781,-1.2744,-3.1343,5.2144,-12.546,-17.783,-16.655,3.6263,-18.638,20.219,16.712,14.732,0.38611,21.751,1.3345,19.714,10.377,16.807,-4.9795,11.528,9.2692,-7.6487,-15.882,-0.52407,-4.372,28.459,7.5451,-26.644,-7.2392,5.0383,-13.569,-12.828,1.4473,-20.16,15.636,20.928,5.8711,2.1525,-9.5121,-4.3685,-7.4575,-16.552,-20.18,-17.391,-16.801,-18.461,-16.986,4.6759,4.3598,5.2897,1.7882,0,-2.7863,0.064716,0.77412,-1.3809,19.742,15.384,-12.669,-0.69146,-6.8815,10.987,-40.534,-0.18552,5.1363,-5.6337,-15.332,-4.5015,2.4031,-17.298,-2.2686,0.789,-0.80646,-7.9153,-12.919,5.1765,1.1919,10.347,1.2058,4.0943,-0.73717,11.758,0.26063,18.762,16.365,0.16137,8.6773,6.1501,7.9516,1.7418,2.3048,-0.64665,2.171,-6.3741,8.2279,-2.4645,6.3684,4.5217,5.2701,-1.8285,4.0726,-5.9418,-9.5727,17.812,-25.586,6.0713,-2.7863,0,16.431,19.203,-9.8589,-4.3172,2.1545,5.0377,5.4627,-14.414,-0.35459,-10.778,-0.56135,12.874,-4.2972,-0.92108,-9.408,6.4282,-8.3482,8.8701,11.175,0.99023,2.1124,-0.45667,0.70012,-13.984,2.074,12.738,-2.6031,5.9803,8.1762,-4.3799,2.7099,29.188,-6.8894,-2.8329,5.524,4.3102,2.6809,11.179,1.9021,2.61,-3.6079,-0.26268,8.3611,-4.0589,3.9592,-5.3063,-2.7522,-4.5168,-15.443,-15.511,10.782,-18.221,4.4886,0.064716,16.431,0,19.955,-6.2501,4.7443,-2.9574,5.0939,15.637,-14.491,5.6998,-15.787,3.7109,11.175,-1.6762,-5.4722,-17.045,7.8924,-19.649,3.0401,2.1485,6.1851,-10.709,1.168,10.279,-5.2931,1.6885,-0.64413,8.7074,5.3599,18.321,0.6109,5.0814,13.8,-13.339,-1.5903,14.51,-0.35278,3.1915,9.8464,-5.533,-3.6281,-0.71478,11.012,-3.342,0.26695,3.6958,-3.5358,-9.6197,2.05,-15.527,-10.178,18.312,-24.865,8.2353,0.77412,19.203,19.955,0,-7.354,-0.17131,-5.0479,-2.9073,8.1754,1.0432,2.6687,10.122,6.5621,0.17811,13.707,6.4324,0.66836,0.44356,10.857,-4.2205,-4.768,-10.394,9.8971,4.7692,3.0806,5.0829,-14.749,-6.4626,7.6088,-0.31007,1.4903,-0.74918,-7.8151,-9.3763,1.8112,-11.513,-7.9318,-6.0537,-4.0455,-4.5344,7.9567,0.073328,4.7749,4.7575,1.9474,-4.8669,-3.9387,2.9652,-1.5155,-3.9521,3.8122,10.839,-22.915,1.7445,-3.4781,-1.3809,-9.8589,-6.2501,-7.354,0,8.2517,1.264,-5.9978,-2.3239,-18.82,-15.151,7.4181,-11.313,23.404,19.843,20.58,-0.17987,19.463,6.563,19.412,12.59,5.4318,6.4456,12.952,5.8577,-11.84,-25.189,4.5292,-4.7056,24.292,6.6406,-27.275,-12.404,6.8819,-10.489,-24.813,-2.7874,-14.559,10.635,17.16,13.929,5.4053,-7.1937,-5.7391,2.0057,-26.552,-14.443,-15.834,-12.231,-30.678,-16.4,4.0568,-3.8328,2.2108,-1.2744,19.742,-4.3172,4.7443,-0.17131,8.2517,0,11.212,-8.8918,5.3192,-6.3758,-5.1958,-2.4196,-21.313,8.5713,13.226,2.3505,12.758,10.914,1.8772,5.096,3.3332,3.3724,-1.2521,-3.6991,6.5295,2.2799,-6.0059,-1.7146,-4.4976,10.294,5.0777,-20.562,2.8809,3.4443,2.1529,-1.8251,-4.8971,-5.4712,12.29,4.3537,15.598,10.848,-18.356,-3.6412,-7.4988,-7.3097,-13.519,-2.2798,-6.9354,-13.151,-3.8016,9.3811,1.1723,3.4184,-3.1343,15.384,2.1545,-2.9574,-5.0479,1.264,11.212,0,-4.7514,-2.1708,8.3534,3.9718,-5.3672,4.1725,-8.9087,-21.61,-5.6925,1.4884,-18.319,5.9025,-2.5999,6.766,-14.947,9.6332,-15.309,-25.636,0.79819,16.614,14.453,-11.186,-14.86,-15.24,6.3279,11.282,7.0246,16.915,14.998,-12.165,14.728,-14.621,-5.7305,-3.6762,-1.9387,5.2882,-5.9173,18.189,12.412,4.8435,11.657,29.339,7.9237,8.9678,-16.59,-2.0281,-2.3071,5.2144,-12.669,5.0377,5.0939,-2.9073,-5.9978,-8.8918,-4.7514,0,-1.7532,-6.3724,-4.7187,-0.7861,-4.7263,7.1039,-0.54471,-0.18737,1.5995,9.7526,-8.8994,5.3432,1.7749,4.7353,5.7962,4.0264,3.3291,-17.594,-0.10844,10.522,-3.3664,7.9687,6.1277,-4.2187,-7.0992,9.4466,-6.3445,-6.6815,12.141,8.1083,11.983,3.5997,10.84,15.935,-11.145,-6.781,4.9575,-12.323,12.057,-11.093,-5.9532,-10.203,-9.6435,-0.63886,6.3517,-5.8374,-12.546,-0.69146,5.4627,15.637,8.1754,-2.3239,5.3192,-2.1708,-1.7532,0
