0,-11.847,-7.4306,22.338,13.804,2.2876,-8.2789,-5.0012,13.25,19.441,3.4003,-23.66,10.191,-0.91211,-2.2391,-16.187,3.5987,15.641,-5.4921,16.817,18.345,-11.001,-9.6969,17.081,23.596,-12.068,-2.0245,-3.5116,27.434,-6.5988,23.447,-17.615,-5.832,-3.255,-13.335,4.7893,9.5123,-13.839,5.4553,23.019,15.694,4.0146,0.016813,28.1,-6.008,-0.1295,-6.9727,17.176,26.126,-11.463,-1.3308,-6.3472,3.3414,17.299,-3.8109,-11.847,0,-4.9843,-20.678,-6.3191,-12.079,-0.28692,11.327,-18.711,-9.853,-23.493,3.7449,-23.072,-4.3143,-6.3863,18.107,8.3346,-3.6644,19.405,-4.4193,-23.839,19.44,8.4379,-3.3259,-8.9261,15.958,10.583,-10.183,-18.05,-3.8122,-10.154,6.1425,-3.9691,9.6932,14.852,2.8443,-2.0483,6.0421,5.4397,-17.222,0.95363,-17.26,0.63628,-12.579,-5.5543,-1.7739,-2.506,-13.514,-7.5698,0.76812,2.5699,-3.1746,-9.3372,-8.0513,-7.5778,-7.4306,-4.9843,0,4.5505,-5.8554,11.933,13.284,8.8532,2.3394,0.58196,6.7317,7.6737,-1.354,11.917,17.954,7.0479,-17.756,-8.3308,-1.2202,-8.1922,3.3382,2.1092,-1.3595,-24.967,-3.9714,6.2714,-12.386,30.162,-0.89504,3.8487,-9.1313,7.5736,14.927,-19.528,1.2137,1.9806,-1.5176,2.0609,-18.781,0.87378,-3.8135,18.956,-14.325,-8.823,27.015,-10.542,19.019,-7.3931,-3.9231,9.634,-9.8886,9.1165,6.5038,-8.007,9.6978,22.338,-20.678,4.5505,0,12.13,9.6205,-2.019,-1.6115,21.562,20.458,11.102,-12.673,12.126,4.9627,6.0406,-13.749,-5.6856,7.6136,-9.1166,10.139,27.639,-10.52,-10.281,4.7551,18.092,-10.301,-11.834,7.2998,33.059,-5.2569,15.089,-12.305,1.7999,-14.299,-15.372,4.4334,7.7623,-11.081,-3.7446,26.501,11.218,15.7,-5.154,16.681,4.7465,-4.834,2.5203,14.305,20.409,-5.3347,-7.4689,0.81317,10.362,12.475,3.5925,13.804,-6.3191,-5.8554,12.13,0,-5.4849,-10.592,-2.3147,20.692,5.7707,6.44,-8.8312,10.738,-9.4535,-5.9238,-17.398,6.1096,-1.677,-5.7601,16.646,6.7893,-1.3198,-5.4126,10.092,6.7559,-15.252,-7.4161,-7.6458,15.352,-23.393,24.319,-15.995,-9.0087,1.3182,-8.4361,-0.77577,-0.22477,1.463,6.9227,5.476,10.602,-1.7421,6.9683,10.907,-5.1728,0.049675,-2.9374,22.663,15.988,-12.482,-6.0531,4.3881,13.268,27.821,5.6363,2.2876,-12.079,11.933,9.6205,-5.4849,0,10.846,2.2561,6.0674,15.002,13.506,1.399,-0.2158,31.09,22.156,0.54807,-26.418,6.1391,-3.9915,-11.821,17.715,-3.6911,-0.68686,-4.7781,10.36,4.6434,-15.943,19.847,9.1542,10.497,-6.0627,5.0475,27.477,-21.561,-15.181,7.9864,5.3155,-12.617,-27.859,13.355,1.368,25.311,-6.1998,1.451,20.031,-7.2843,16.412,-1.3341,4.218,4.233,-7.4141,-2.0352,8.8687,-4.6496,-2.3943,-8.2789,-0.28692,13.284,-2.019,-10.592,10.846,0,11.216,-6.3761,0.60558,2.7158,1.5504,-6.2221,9.4766,26.655,13.526,-7.0137,-6.7483,9.9938,-9.9896,2.5567,7.9403,-8.8545,-19.296,-5.6242,11.588,-5.7088,17.717,-4.5284,10.222,-10.937,26.971,18.556,-5.4221,3.8424,13.075,-11.948,4.2888,-14.369,-4.0086,-0.35017,12.839,-16.737,-16.048,19.751,-18.577,19.18,-17.249,-2.0994,-2.1513,-14.943,-7.1278,4.7738,-4.9436,-5.3499,-5.0012,11.327,8.8532,-1.6115,-2.3147,2.2561,11.216,0,-5.2203,3.37,-7.9451,-2.0436,-19.481,6.6131,10.764,18.639,-2.609,-4.3601,21.351,-4.4721,-2.9254,23.7,-1.7207,-12.838,-0.96074,20.179,-5.2908,5.3067,-3.1504,-6.0296,-7.7497,8.3321,8.3403,-6.5349,4.9769,18.119,-1.9319,1.3897,-7.7682,-4.2518,11.424,3.1181,-13.71,-12.311,10.871,-25.025,13.546,-13.06,3.68,-3.3706,-16.318,-3.6813,4.2538,-3.0015,-6.3451,13.25,-18.711,2.3394,21.562,20.692,6.0674,-6.3761,-5.2203,0,11.036,19.575,-3.5405,15.407,1.2078,1.6062,-21.36,-6.1345,0.67567,-15.549,7.0389,16.893,-7.861,-3.1294,6.1092,11.019,-15.283,-17.835,2.7177,24.142,-9.569,14.76,-13.74,0.61897,-9.2234,-19.228,-2.301,4.0215,-4.2625,-3.4633,13.958,5.2836,8.9679,5.0756,13.33,3.4097,0.56732,3.3415,24.714,13.312,-3.5149,-6.157,8.5895,19.02,14.489,10.119,19.441,-9.853,0.58196,20.458,5.7707,15.002,0.60558,3.37,11.036,0,5.7602,-14.02,0.84367,12.982,8.8044,-5.5091,-7.4347,16.435,-0.98133,2.4155,25.43,-3.81,-5.3354,6.9363,34.717,-0.21157,-10.645,4.7523,25.05,-2.0196,6.8029,-6.7925,7.4753,-13.943,-20.649,14.027,11.932,-22.69,-7.5301,27.296,18.389,12.392,-4.4814,13.271,5.3045,-8.1086,4.8722,7.177,24,-6.6924,-7.919,-7.8431,8.1971,6.9853,-8.0442,3.4003,-23.493,6.7317,11.102,6.44,13.506,2.7158,-7.9451,19.575,5.7602,0,4.1608,14.832,5.9237,8.5658,-13.311,-12.908,-3.1565,-16.915,-2.8784,15.53,-8.5045,-2.4893,-0.39189,3.948,-10.55,-19.582,10.117,11.878,2.7042,3.9912,-0.99267,9.3517,-8.8939,-16.472,-3.4015,-2.459,-0.92597,-11.225,8.244,-4.0312,14.602,4.1643,4.4062,10.336,0.87174,9.5527,10.935,3.4816,0.81615,-5.9258,7.1506,18.639,5.6471,9.4114,-23.66,3.7449,7.6737,-12.673,-8.8312,1.399,1.5504,-2.0436,-3.5405,-14.02,4.1608,0,-3.2235,3.3739,0.056202,5.3373,-9.876,-11.414,-5.0034,-18.148,-10.631,2.9719,17.364,-10.027,-13.581,4.749,-2.8183,3.9448,-13.476,6.2676,-16.992,7.6527,6.2425,-0.99481,3.5715,-12.53,-2.9458,7.9211,-7.8938,-11.311,-22.293,-1.675,6.8999,-11.943,5.8712,7.0673,5.9829,-5.6092,-23.791,20.17,5.3295,15.219,-0.046855,-16.145,10.725,10.191,-23.072,-1.354,12.126,10.738,-0.2158,-6.2221,-19.481,15.407,0.84367,14.832,-3.2235,0,-7.3415,-3.5542,-27.03,1.511,-0.61627,-22.181,11.86,10.097,-20.986,-8.1702,6.9476,2.2027,-36.95,-2.6116,1.118,10.923,-0.49959,16.966,-10.041,-6.6717,0.58597,-6.4942,-10.889,-1.9384,1.4285,5.0023,7.8899,-4.3903,4.8778,4.7389,12.811,-3.5895,8.6595,-5.9899,18.471,3.8636,-2.4519,2.7261,6.0586,4.7451,12.343,12.171,-0.91211,-4.3143,11.917,4.9627,-9.4535,31.09,9.4766,6.6131,1.2078,12.982,5.9237,3.3739,-7.3415,0,18.151,6.2666,-27.126,7.4491,0.25082,-16.53,10.094,0.51149,4.4819,-6.1542,9.5053,11.782,-11.889,16.058,4.5654,9.5507,-11.727,5.704,27.319,-22.185,-10.784,9.0011,9.1571,-14.601,-28.144,10.036,1.9284,16.533,-6.7007,-1.0411,18.227,-7.5811,15.601,-5.5796,1.6334,7.8753,-5.1357,-1.9091,4.464,-10.576,-4.5484,-2.2391,-6.3863,17.954,6.0406,-5.9238,22.156,26.655,10.764,1.6062,8.8044,8.5658,0.056202,-3.5542,18.151,0,7.3606,-15.521,-2.2175,4.2734,-9.7359,10.901,4.1843,-7.477,-14.709,2.2948,8.8691,-14.711,26.349,3.689,7.533,-7.5375,13.585,28.475,-15.748,-4.6519,14.538,-4.0783,-2.5893,-24.989,4.4075,3.258,25.175,-15.755,-7.4898,32.463,-19.986,27.57,-8.565,3.494,-0.79741,-18.497,-4.1269,10.643,-2.9862,-3.1287,-16.187,18.107,7.0479,-13.749,-17.398,0.54807,13.526,18.639,-21.36,-5.5091,-13.311,5.3373,-27.03,6.2666,7.3606,0,-1.9634,-4.3543,21.537,-12.48,-11.672,17.601,3.3931,-16.116,-8.8405,34.056,3.9841,4.721,-17.054,5.2814,-22.06,18.35,8.1631,-0.73026,13.473,8.9564,-3.6215,3.6355,-6.1904,-11.76,-0.66205,-1.2457,-11.228,-21.727,7.2914,-10.716,8.0726,-38.017,-8.8873,4.299,-3.8218,-4.9387,-6.4442,-15.924,-7.9365,3.5987,8.3346,-17.756,-5.6856,6.1096,-26.418,-7.0137,-2.609,-6.1345,-7.4347,-12.908,-9.876,1.511,-27.126,-15.521,-1.9634,0,-1.0668,6.7437,16.477,-9.0115,1.9746,-6.6314,8.6798,-4.8808,-5.7049,17.58,-19.643,-4.2717,-7.7128,10.487,-3.8497,-23.856,25.269,11.096,-1.2008,-6.6349,8.0655,32.505,-7.904,3.9035,-18.467,3.1262,1.5675,-21.748,3.566,-17.497,1.6669,1.9274,-13.11,4.3115,-7.1096,-8.2511,9.9975,-4.843,15.641,-3.6644,-8.3308,7.6136,-1.677,6.1391,-6.7483,-4.3601,0.67567,16.435,-3.1565,-11.414,-0.61627,7.4491,-2.2175,-4.3543,-1.0668,0,-1.7899,2.4058,9.9594,-9.6996,1.0634,15.381,23.467,-0.26376,4.0618,-3.347,10.302,3.9999,4.071,-9.2241,-0.72043,-3.8634,-10.615,4.8313,20.611,-32.553,1.4927,18.8,8.3519,1.2444,0.62882,17.894,-6.171,3.64,-7.9373,4.8436,9.374,-0.85905,7.3778,-10.735,-6.9732,-0.024362,-11.914,-5.4921,19.405,-1.2202,-9.1166,-5.7601,-3.9915,9.9938,21.351,-15.549,-0.98133,-16.915,-5.0034,-22.181,0.25082,4.2734,21.537,6.7437,-1.7899,0,-2.4655,-8.1031,22.405,-3.3754,-6.4269,-3.816,19.37,5.2367,-2.3415,-8.7999,-2.0058,-7.149,11.636,2.2874,4.5643,10.783,17.593,-5.6764,3.3108,0.59564,-9.3802,9.4496,-4.9028,-9.8483,-12.975,1.3581,-15.202,4.0379,-17.8,1.1394,-8.025,-8.1673,-13.462,-3.5394,-2.5864,-16.252,16.817,-4.4193,-8.1922,10.139,16.646,-11.821,-9.9896,-4.4721,7.0389,2.4155,-2.8784,-18.148,11.86,-16.53,-9.7359,-12.48,16.477,2.4058,-2.4655,0,3.5069,-6.5281,-12.995,10.349,4.2133,-16.011,5.3733,-8.5004,9.135,-12.961,30.347,-15.406,-20.233,5.9923,1.3267,-1.2887,0.027024,1.2206,18.759,4.9752,9.2144,-3.9672,-0.62267,12.689,-12.612,1.4838,-13.427,12.574,12.13,-13.037,0.12714,-1.6103,-0.86975,20.723,2.3571,18.345,-23.839,3.3382,27.639,6.7893,17.715,2.5567,-2.9254,16.893,25.43,15.53,-10.631,10.097,10.094,10.901,-11.672,-9.0115,9.9594,-8.1031,3.5069,0,-10.408,-9.8049,5.045,20.148,-7.263,-13.481,9.3519,29.494,1.4674,9.5371,-5.5158,7.9432,-13.562,-22.268,7.4798,5.7106,-13.929,-8.3818,27.564,9.093,19.655,-3.9263,13.685,7.4726,-5.3121,5.691,10.57,18.064,-5.9546,-8.0369,-4.1498,11.662,9.555,-1.5961,-11.001,19.44,2.1092,-10.52,-1.3198,-3.6911,7.9403,23.7,-7.861,-3.81,-8.5045,2.9719,-20.986,0.51149,4.1843,17.601,1.9746,-9.6996,22.405,-6.5281,-10.408,0,2.6226,-9.6107,-7.1025,17.704,-2.3765,-1.9671,-9.1929,-7.0345,-9.1997,10.91,4.7084,2.4524,7.4777,10.847,-7.6477,8.2091,-3.4404,-13.949,5.8988,-5.1959,-3.3714,-18.444,5.1327,-13.414,9.9261,-12.452,-1.22,-4.3223,-11.34,-2.6117,4.1038,-2.6103,-6.3173,-9.6969,8.4379,-1.3595,-10.281,-5.4126,-0.68686,-8.8545,-1.7207,-3.1294,-5.3354,-2.4893,17.364,-8.1702,4.4819,-7.477,3.3931,-6.6314,1.0634,-3.3754,-12.995,-9.8049,2.6226,0,1.3753,-1.7243,6.267,0.6546,-5.1842,-7.5298,0.87843,-11.683,-2.0036,1.2309,-0.68493,-1.3706,-9.6458,9.5528,-2.7525,-2.8994,-4.2222,-8.6363,-8.2996,13.131,-1.9695,-2.2471,11.351,-1.2574,-0.84864,-11.519,17.749,11.835,9.9366,-4.3471,-14.48,3.2874,17.081,-3.3259,-24.967,4.7551,10.092,-4.7781,-19.296,-12.838,6.1092,6.9363,-0.39189,-10.027,6.9476,-6.1542,-14.709,-16.116,8.6798,15.381,-6.4269,10.349,5.045,-9.6107,1.3753,0,13.391,-11.814,5.4214,-17.754,10.404,-4.6945,14.91,-17.409,-12.107,7.4052,-10.076,-3.1105,9.2651,-9.9202,12.652,9.3191,5.949,-8.7987,14.468,22.666,-19.488,12.167,-17.265,17.397,9.5486,-6.9224,9.8455,-5.2186,-2.742,10.502,-5.3958,23.596,-8.9261,-3.9714,18.092,6.7559,10.36,-5.6242,-0.96074,11.019,34.717,3.948,-13.581,2.2027,9.5053,2.2948,-8.8405,-4.8808,23.467,-3.816,4.2133,20.148,-7.1025,-1.7243,13.391,0,-2.8717,-6.352,-0.16662,24.629,-2.7824,8.8661,-12.426,2.5916,-10.081,-21.864,8.2417,17.895,-29.425,-3.0075,30.674,15.625,6.8679,0.32109,20.689,-0.38833,-1.7643,-0.90882,11.101,20.953,-4.8162,-1.6182,-6.4652,4.2684,6.7745,-7.3171,-12.068,15.958,6.2714,-10.301,-15.252,4.6434,11.588,20.179,-15.283,-0.21157,-10.55,4.749,-36.95,11.782,8.8691,34.056,-5.7049,-0.26376,19.37,-16.011,-7.263,17.704,6.267,-11.814,-2.8717,0,0.32033,4.6611,-10.851,4.614,-22.611,14.631,12.008,-4.1866,6.0753,11.875,0.86777,-1.6713,-9.9535,-6.6053,2.2832,0.28204,-8.6726,-15.488,8.8196,-11.211,10.319,-24.363,-5.208,4.5372,-4.5684,-5.6945,-3.6634,-15.841,-10.611,-2.0245,10.583,-12.386,-11.834,-7.4161,-15.943,-5.7088,-5.2908,-17.835,-10.645,-19.582,-2.8183,-2.6116,-11.889,-14.711,3.9841,17.58,4.0618,5.2367,5.3733,-13.481,-2.3765,0.6546,5.4214,-6.352,0.32033,0,-12.325,-12.148,4.0344,-0.3021,-0.261,-15.519,17.531,15.57,-5.1628,-0.20623,2.5789,19.353,-7.5629,-4.3695,-16.583,1.1785,0.0057176,-19.312,9.2392,-21.427,-5.5972,-7.8343,0.26693,16.372,-6.7969,-31.103,-4.0721,-5.8617,-3.5116,-10.183,30.162,7.2998,-7.6458,19.847,17.717,5.3067,2.7177,4.7523,10.117,3.9448,1.118,16.058,26.349,4.721,-19.643,-3.347,-2.3415,-8.5004,9.3519,-1.9671,-5.1842,-17.754,-0.16662,4.6611,-12.325,0,2.3911,9.664,-7.6043,9.2367,19.954,-20.232,-2.5267,4.7506,-1.5,-1.8439,-22.096,5.2324,-3.0028,30.929,-15.885,-5.4901,29.319,-10.86,18.834,-6.6908,-1.2953,6.5359,-10.01,2.9297,6.5403,-6.4242,4.7822,27.434,-18.05,-0.89504,33.059,15.352,9.1542,-4.5284,-3.1504,24.142,25.05,11.878,-13.476,10.923,4.5654,3.689,-17.054,-4.2717,10.302,-8.7999,9.135,29.494,-9.1929,-7.5298,10.404,24.629,-10.851,-12.148,2.3911,0,-6.3934,16.91,-13.841,1.3888,-10.18,-23.423,5.2418,8.4631,-13.351,-2.6753,27.425,13.525,10.797,0.26928,20.465,1.8727,-2.8408,1.2921,18.931,26.115,-8.2067,-6.4641,-1.5482,12.248,15.589,0.094391,-6.5988,-3.8122,3.8487,-5.2569,-23.393,10.497,10.222,-6.0296,-9.569,-2.0196,2.7042,6.2676,-0.49959,9.5507,7.533,5.2814,-7.7128,3.9999,-2.0058,-12.961,1.4674,-7.0345,0.87843,-4.6945,-2.7824,4.614,4.0344,9.664,-6.3934,0,-12.412,12.74,10.134,-1.562,0.96714,-1.1027,-1.0721,-3.5507,-7.6564,0.36888,-12.593,6.4651,-3.6928,-4.0002,5.1808,3.0373,2.2721,-10.136,-10.798,8.6974,6.1681,-5.5992,-7.8473,-13.998,-4.3353,23.447,-10.154,-9.1313,15.089,24.319,-6.0627,-10.937,-7.7497,14.76,6.8029,3.9912,-16.992,16.966,-11.727,-7.5375,-22.06,10.487,4.071,-7.149,30.347,9.5371,-9.1997,-11.683,14.91,8.8661,-22.611,-0.3021,-7.6043,16.91,-12.412,0,-18.245,-13.832,3.5633,-6.4039,-1.2521,1.0872,-1.6593,12.597,9.5774,9.7859,-1.0339,3.5483,18.418,-10.039,2.6048,-9.9737,22.227,17.038,-14.417,-1.2636,-1.0462,4.8265,30.552,2.6429,-17.615,6.1425,7.5736,-12.305,-15.995,5.0475,26.971,8.3321,-13.74,-6.7925,-0.99267,7.6527,-10.041,5.704,13.585,18.35,-3.8497,-9.2241,11.636,-15.406,-5.5158,10.91,-2.0036,-17.409,-12.426,14.631,-0.261,9.2367,-13.841,12.74,-18.245,0,13.804,1.3616,8.4582,7.1407,-14.667,8.4013,-9.8553,-12.395,-6.1741,3.669,-8.207,-25.7,11.717,-9.6262,12.934,-24.218,-10.002,0.99299,-6.9957,-6.1268,0.029196,-10.046,-6.0633,-5.832,-3.9691,14.927,1.7999,-9.0087,27.477,18.556,8.3403,0.61897,7.4753,9.3517,6.2425,-6.6717,27.319,28.475,8.1631,-23.856,-0.72043,2.2874,-20.233,7.9432,4.7084,1.2309,-12.107,2.5916,12.008,-15.519,19.954,1.3888,10.134,-13.832,13.804,0,-15.796,-7.4978,10.035,-0.62229,-4.8376,-41.581,3.3674,-0.46779,17.832,-7.3267,-7.9761,28.947,-11.613,28.071,-8.5606,-0.54796,4.5881,-11.101,-1.7449,9.4688,-8.4668,-3.3221,-3.255,9.6932,-19.528,-14.299,1.3182,-21.561,-5.4221,-6.5349,-9.2234,-13.943,-8.8939,-0.99481,0.58597,-22.185,-15.748,-0.73026,25.269,-3.8634,4.5643,5.9923,-13.562,2.4524,-0.68493,7.4052,-10.081,-4.1866,17.531,-20.232,-10.18,-1.562,3.5633,1.3616,-15.796,0,10.743,-5.4056,-10.225,11.417,20.932,-14.233,-3.9215,-23.589,9.4684,-2.6721,-19.527,8.5552,-14.557,-0.5501,-5.3731,-7.4446,8.0376,-5.3806,-8.4706,4.2597,-4.3714,-13.335,14.852,1.2137,-15.372,-8.4361,-15.181,3.8424,4.9769,-19.228,-20.649,-16.472,3.5715,-6.4942,-10.784,-4.6519,13.473,11.096,-10.615,10.783,1.3267,-22.268,7.4777,-1.3706,-10.076,-21.864,6.0753,15.57,-2.5267,-23.423,0.96714,-6.4039,8.4582,-7.4978,10.743,0,-2.9982,-9.8884,15.744,8.6568,-20.536,-6.4993,-9.5232,-6.5299,-14.516,-4.1572,-0.85628,-4.5527,-15.087,-13.307,2.0376,3.2209,0.11202,-13.182,-6.6762,1.059,4.7893,2.8443,1.9806,4.4334,-0.77577,7.9864,13.075,18.119,-2.301,14.027,-3.4015,-12.53,-10.889,9.0011,14.538,8.9564,-1.2008,4.8313,17.593,-1.2887,7.4798,10.847,-9.6458,-3.1105,8.2417,11.875,-5.1628,4.7506,5.2418,-1.1027,-1.2521,7.1407,10.035,-5.4056,-2.9982,0,-1.0656,-6.1198,-7.072,4.3129,20.088,7.1046,-13.266,-3.1758,8.3026,-26.055,10.402,-7.4319,13.454,-12.842,-17.686,-17.694,5.5792,3.4615,-18.371,9.5123,-2.0483,-1.5176,7.7623,-0.22477,5.3155,-11.948,-1.9319,4.0215,11.932,-2.459,-2.9458,-1.9384,9.1571,-4.0783,-3.6215,-6.6349,20.611,-5.6764,0.027024,5.7106,-7.6477,9.5528,9.2651,17.895,0.86777,-0.20623,-1.5,8.4631,-1.0721,1.0872,-14.667,-0.62229,-10.225,-9.8884,-1.0656,0,-25.299,-1.3992,16.213,4.9507,1.2572,2.2936,15.198,-3.1526,5.6259,-5.2493,6.3523,4.9955,8.1436,8.6529,1.7942,-5.0824,-4.4099,-1.3114,-13.839,6.0421,2.0609,-11.081,1.463,-12.617,4.2888,1.3897,-4.2625,-22.69,-0.92597,7.9211,1.4285,-14.601,-2.5893,3.6355,8.0655,-32.553,3.3108,1.2206,-13.929,8.2091,-2.7525,-9.9202,-29.425,-1.6713,2.5789,-1.8439,-13.351,-3.5507,-1.6593,8.4013,-4.8376,11.417,15.744,-6.1198,-25.299,0,5.0706,-24.659,-8.7307,-6.586,0.90099,-15.694,-0.29985,-0.62316,1.4434,-4.897,-10.221,-1.9809,-3.3245,6.4006,1.8777,1.649,8.3734,5.4553,5.4397,-18.781,-3.7446,6.9227,-27.859,-14.369,-7.7682,-3.4633,-7.5301,-11.225,-7.8938,5.0023,-28.144,-24.989,-6.1904,32.505,1.4927,0.59564,18.759,-8.3818,-3.4404,-2.8994,12.652,-3.0075,-9.9535,19.353,-22.096,-2.6753,-7.6564,12.597,-9.8553,-41.581,20.932,8.6568,-7.072,-1.3992,5.0706,0,-4.6076,1.1398,-19.721,6.5166,6.4486,-32.913,10.067,-29.014,5.9592,0.65036,-7.2393,10.493,-2.5013,-10.953,8.5441,-0.6617,23.019,-17.222,0.87378,26.501,5.476,13.355,-4.0086,-4.2518,13.958,27.296,8.244,-11.311,7.8899,10.036,4.4075,-11.76,-7.904,18.8,-9.3802,4.9752,27.564,-13.949,-4.2222,9.3191,30.674,-6.6053,-7.5629,5.2324,27.425,0.36888,9.5774,-12.395,3.3674,-14.233,-20.536,4.3129,16.213,-24.659,-4.6076,0,9.4949,12.889,-2.3282,22.51,2.2718,-0.63914,-0.24237,12.147,16.412,-1.5395,-1.0235,-2.7318,4.2913,5.8975,-1.6068,15.694,0.95363,-3.8135,11.218,10.602,1.368,-0.35017,11.424,5.2836,18.389,-4.0312,-22.293,-4.3903,1.9284,3.258,-0.66205,3.9035,8.3519,9.4496,9.2144,9.093,5.8988,-8.6363,5.949,15.625,2.2832,-4.3695,-3.0028,13.525,-12.593,9.7859,-6.1741,-0.46779,-3.9215,-6.4993,20.088,4.9507,-8.7307,1.1398,9.4949,0,2.1711,-6.0481,6.7814,-0.22124,-13.65,1.6713,3.7899,28.974,-16.964,-11.995,-10.716,6.2218,12.555,-11.222,4.0146,-17.26,18.956,15.7,-1.7421,25.311,12.839,3.1181,8.9679,12.392,14.602,-1.675,4.8778,16.533,25.175,-1.2457,-18.467,1.2444,-4.9028,-3.9672,19.655,-5.1959,-8.2996,-8.7987,6.8679,0.28204,-16.583,30.929,10.797,6.4651,-1.0339,3.669,17.832,-23.589,-9.5232,7.1046,1.2572,-6.586,-19.721,12.889,2.1711,0,-13.026,1.2347,22.987,-10.989,16.24,-0.22702,5.9934,1.6633,-11.978,0.59525,10.679,-0.1183,2.9612,0.016813,0.63628,-14.325,-5.154,6.9683,-6.1998,-16.737,-13.71,5.0756,-4.4814,4.1643,6.8999,4.7389,-6.7007,-15.755,-11.228,3.1262,0.62882,-9.8483,-0.62267,-3.9263,-3.3714,13.131,14.468,0.32109,-8.6726,1.1785,-15.885,0.26928,-3.6928,3.5483,-8.207,-7.3267,9.4684,-6.5299,-13.266,2.2936,0.90099,6.5166,-2.3282,-6.0481,-13.026,0,6.0617,-11.913,19.7,-8.5608,12.516,-3.1324,1.9833,11.285,6.1226,1.1137,2.7242,3.4304,28.1,-12.579,-8.823,16.681,10.907,1.451,-16.048,-12.311,13.33,13.271,4.4062,-11.943,12.811,-1.0411,-7.4898,-21.727,1.5675,17.894,-12.975,12.689,13.685,-18.444,-1.9695,22.666,20.689,-15.488,0.0057176,-5.4901,20.465,-4.0002,18.418,-25.7,-7.9761,-2.6721,-14.516,-3.1758,15.198,-15.694,6.4486,22.51,6.7814,1.2347,6.0617,0,-9.4512,8.5951,-11.644,22.734,13.397,-3.1926,6.6889,-0.89603,-0.22201,10.39,0.41929,-6.008,-5.5543,27.015,4.7465,-5.1728,20.031,19.751,10.871,3.4097,5.3045,10.336,5.8712,-3.5895,18.227,32.463,7.2914,-21.748,-6.171,1.3581,-12.612,7.4726,5.1327,-2.2471,-19.488,-0.38833,8.8196,-19.312,29.319,1.8727,5.1808,-10.039,11.717,28.947,-19.527,-4.1572,8.3026,-3.1526,-0.29985,-32.913,2.2718,-0.22124,22.987,-11.913,-9.4512,0,-15.539,37.466,-7.4961,-0.048462,4.3069,-16.329,3.0351,12.549,-5.6131,2.8064,-0.1295,-1.7739,-10.542,-4.834,0.049675,-7.2843,-18.577,-25.025,0.56732,-8.1086,0.87174,7.0673,8.6595,-7.5811,-19.986,-10.716,3.566,3.64,-15.202,1.4838,-5.3121,-13.414,11.351,12.167,-1.7643,-11.211,9.2392,-10.86,-2.8408,3.0373,2.6048,-9.6262,-11.613,8.5552,-0.85628,-26.055,5.6259,-0.62316,10.067,-0.63914,-13.65,-10.989,19.7,8.5951,-15.539,0,-17.505,9.2529,-9.0598,9.1018,29.724,7.4784,-9.347,-2.6965,6.8814,-6.9727,-2.506,19.019,2.5203,-2.9374,16.412,19.18,13.546,3.3415,4.8722,9.5527,5.9829,-5.9899,15.601,27.57,8.0726,-17.497,-7.9373,4.0379,-13.427,5.691,9.9261,-1.2574,-17.265,-0.90882,10.319,-21.427,18.834,1.2921,2.2721,-9.9737,12.934,28.071,-14.557,-4.5527,10.402,-5.2493,1.4434,-29.014,-0.24237,1.6713,16.24,-8.5608,-11.644,37.466,-17.505,0,-7.3347,0.98909,1.3477,-20.353,1.9374,16.271,-3.6993,0.77454,17.176,-13.514,-7.3931,14.305,22.663,-1.3341,-17.249,-13.06,24.714,7.177,10.935,-5.6092,18.471,-5.5796,-8.565,-38.017,1.6669,4.8436,-17.8,12.574,10.57,-12.452,-0.84864,17.397,11.101,-24.363,-5.5972,-6.6908,18.931,-10.136,22.227,-24.218,-8.5606,-0.5501,-15.087,-7.4319,6.3523,-4.897,5.9592,12.147,3.7899,-0.22702,12.516,22.734,-7.4961,9.2529,-7.3347,0,11.256,-4.3865,2.7158,6.249,7.9068,16.493,7.6121,26.126,-7.5698,-3.9231,20.409,15.988,4.218,-2.0994,3.68,13.312,24,3.4816,-23.791,3.8636,1.6334,3.494,-8.8873,1.9274,9.374,1.1394,12.13,18.064,-1.22,-11.519,9.5486,20.953,-5.208,-7.8343,-1.2953,26.115,-10.798,17.038,-10.002,-0.54796,-5.3731,-13.307,13.454,4.9955,-10.221,0.65036,16.412,28.974,5.9934,-3.1324,13.397,-0.048462,-9.0598,0.98909,11.256,0,-17.72,-11.037,-8.0475,10.341,19.707,-6.5547,-11.463,0.76812,9.634,-5.3347,-12.482,4.233,-2.1513,-3.3706,-3.5149,-6.6924,0.81615,20.17,-2.4519,7.8753,-0.79741,4.299,-13.11,-0.85905,-8.025,-13.037,-5.9546,-4.3223,17.749,-6.9224,-4.8162,4.5372,0.26693,6.5359,-8.2067,8.6974,-14.417,0.99299,4.5881,-7.4446,2.0376,-12.842,8.1436,-1.9809,-7.2393,-1.5395,-16.964,1.6633,1.9833,-3.1926,4.3069,9.1018,1.3477,-4.3865,-17.72,0,11.32,14.241,-6.8644,-23.383,10.276,-1.3308,2.5699,-9.8886,-7.4689,-6.0531,-7.4141,-14.943,-16.318,-6.157,-7.919,-5.9258,5.3295,2.7261,-5.1357,-18.497,-3.8218,4.3115,7.3778,-8.1673,0.12714,-8.0369,-11.34,11.835,9.8455,-1.6182,-4.5684,16.372,-10.01,-6.4641,6.1681,-1.2636,-6.9957,-11.101,8.0376,3.2209,-17.686,8.6529,-3.3245,10.493,-1.0235,-11.995,-11.978,11.285,6.6889,-16.329,29.724,-20.353,2.7158,-11.037,11.32,0,3.2069,-19.724,-7.9539,2.1481,-6.3472,-3.1746,9.1165,0.81317,4.3881,-2.0352,-7.1278,-3.6813,8.5895,-7.8431,7.1506,15.219,6.0586,-1.9091,-4.1269,-4.9387,-7.1096,-10.735,-13.462,-1.6103,-4.1498,-2.6117,9.9366,-5.2186,-6.4652,-5.6945,-6.7969,2.9297,-1.5482,-5.5992,-1.0462,-6.1268,-1.7449,-5.3806,0.11202,-17.694,1.7942,6.4006,-2.5013,-2.7318,-10.716,0.59525,6.1226,-0.89603,3.0351,7.4784,1.9374,6.249,-8.0475,14.241,3.2069,0,4.4726,-3.2795,33.941,3.3414,-9.3372,6.5038,10.362,13.268,8.8687,4.7738,4.2538,19.02,8.1971,18.639,-0.046855,4.7451,4.464,10.643,-6.4442,-8.2511,-6.9732,-3.5394,-0.86975,11.662,4.1038,-4.3471,-2.742,4.2684,-3.6634,-31.103,6.5403,12.248,-7.8473,4.8265,0.029196,9.4688,-8.4706,-13.182,5.5792,-5.0824,1.8777,-10.953,4.2913,6.2218,10.679,1.1137,-0.22201,12.549,-9.347,16.271,7.9068,10.341,-6.8644,-19.724,4.4726,0,10.869,4.6767,17.299,-8.0513,-8.007,12.475,27.821,-4.6496,-4.9436,-3.0015,14.489,6.9853,5.6471,-16.145,12.343,-10.576,-2.9862,-15.924,9.9975,-0.024362,-2.5864,20.723,9.555,-2.6103,-14.48,10.502,6.7745,-15.841,-4.0721,-6.4242,15.589,-13.998,30.552,-10.046,-8.4668,4.2597,-6.6762,3.4615,-4.4099,1.649,8.5441,5.8975,12.555,-0.1183,2.7242,10.39,-5.6131,-2.6965,-3.6993,16.493,19.707,-23.383,-7.9539,-3.2795,10.869,0,0.12872,-3.8109,-7.5778,9.6978,3.5925,5.6363,-2.3943,-5.3499,-6.3451,10.119,-8.0442,9.4114,10.725,12.171,-4.5484,-3.1287,-7.9365,-4.843,-11.914,-16.252,2.3571,-1.5961,-6.3173,3.2874,-5.3958,-7.3171,-10.611,-5.8617,4.7822,0.094391,-4.3353,2.6429,-6.0633,-3.3221,-4.3714,1.059,-18.371,-1.3114,8.3734,-0.6617,-1.6068,-11.222,2.9612,3.4304,0.41929,2.8064,6.8814,0.77454,7.6121,-6.5547,10.276,2.1481,33.941,4.6767,0.12872,0
