0,-7.7233,-8.0498,-1.1302,-6.5721,0.048206,0.81629,4.0492,5.1619,-9.0441,0.35968,-7.1338,5.6674,4.8875,1.8343,-12.517,-11.137,-0.5073,15.2,3.2573,3.8075,-7.7233,0,0.66345,0.89092,0.64172,-2.7538,-3.221,1.7423,-1.3516,9.2741,3.8,11.801,-1.5415,-2.666,-3.7376,5.1336,2.4858,-1.5605,-3.1215,-2.4719,-8.6313,-8.0498,0.66345,0,-6.3054,8.7763,1.8841,2.2014,-18.286,-5.7948,5.0956,-6.4734,-0.4076,-8.257,-1.9952,-0.63838,13.452,12.835,4.6892,-15.213,0.79323,2.6005,-1.1302,0.89092,-6.3054,0,0.4617,0.14338,-0.56167,10.089,0.8827,-2.3395,2.8472,3.1156,2.3446,-0.80547,1.2726,-3.293,-3.1549,-8.051,1.3444,-3.7262,-3.4798,-6.5721,0.64172,8.7763,0.4617,0,0.044685,7.2829,-6.053,-9.3026,0.2943,-12.125,-1.7588,-12.268,2.4952,-2.4882,10.308,4.338,-3.6955,-10.321,3.0365,-0.18241,0.048206,-2.7538,1.8841,0.14338,0.044685,0,-7.4023,-1.1345,8.5572,4.0349,1.402,2.6945,5.9091,-9.2858,20.823,-2.4148,4.8892,6.5665,-1.8969,-9.9804,12.658,0.81629,-3.221,2.2014,-0.56167,7.2829,-7.4023,0,-3.1113,-12.731,-8.4967,-12.838,-10.211,-11.619,14.544,-8.8627,3.8534,-3.3231,-7.3322,-1.0865,15.381,-2.7951,4.0492,1.7423,-18.286,10.089,-6.053,-1.1345,-3.1113,0,5.2043,-2.734,7.1531,3.2626,7.3233,0.30331,0.97572,-9.2736,-8.913,-6.061,8.9664,-2.8262,-3.9435,5.1619,-1.3516,-5.7948,0.8827,-9.3026,8.5572,-12.731,5.2043,0,2.1585,8.7754,3.7692,21.279,-6.9914,11.893,-10.443,-1.3304,5.2485,6.0047,-9.1203,5.975,-9.0441,9.2741,5.0956,-2.3395,0.2943,4.0349,-8.4967,-2.734,2.1585,0,4.4042,12.878,0.87544,-10.92,2.6286,5.2745,10.438,6.2806,-6.6883,-7.9962,-0.25016,0.35968,3.8,-6.4734,2.8472,-12.125,1.402,-12.838,7.1531,8.7754,4.4042,0,8.6602,11.3,-7.5695,3.4731,-5.6655,-0.41513,3.1973,4.1861,-8.6884,-1.8369,-7.1338,11.801,-0.4076,3.1156,-1.7588,2.6945,-10.211,3.2626,3.7692,12.878,8.6602,0,3.537,-10.001,2.5005,1.5626,4.5967,1.7168,-2.8384,-10.61,-3.2205,5.6674,-1.5415,-8.257,2.3446,-12.268,5.9091,-11.619,7.3233,21.279,0.87544,11.3,3.537,0,-6.0824,9.2705,-13.069,-2.6431,3.9115,7.692,-8.3729,3.9539,4.8875,-2.666,-1.9952,-0.80547,2.4952,-9.2858,14.544,0.30331,-6.9914,-10.92,-7.5695,-10.001,-6.0824,0,-9.3143,0.035815,-8.7901,-8.4052,3.7969,18.992,-3.7104,1.8343,-3.7376,-0.63838,1.2726,-2.4882,20.823,-8.8627,0.97572,11.893,2.6286,3.4731,2.5005,9.2705,-9.3143,0,-5.2713,2.8747,6.3151,0.47638,-11.014,11.862,-12.517,5.1336,13.452,-3.293,10.308,-2.4148,3.8534,-9.2736,-10.443,5.2745,-5.6655,1.5626,-13.069,0.035815,-5.2713,0,8.6915,0.16114,-15.007,2.3066,-3.1437,-11.137,2.4858,12.835,-3.1549,4.338,4.8892,-3.3231,-8.913,-1.3304,10.438,-0.41513,4.5967,-2.6431,-8.7901,2.8747,8.6915,0,7.5812,-14.707,-5.2051,2.77,-0.5073,-1.5605,4.6892,-8.051,-3.6955,6.5665,-7.3322,-6.061,5.2485,6.2806,3.1973,1.7168,3.9115,-8.4052,6.3151,0.16114,7.5812,0,-2.1286,-5.0504,7.6175,15.2,-3.1215,-15.213,1.3444,-10.321,-1.8969,-1.0865,8.9664,6.0047,-6.6883,4.1861,-2.8384,7.692,3.7969,0.47638,-15.007,-14.707,-2.1286,0,1.6956,-0.16118,3.2573,-2.4719,0.79323,-3.7262,3.0365,-9.9804,15.381,-2.8262,-9.1203,-7.9962,-8.6884,-10.61,-8.3729,18.992,-11.014,2.3066,-5.2051,-5.0504,1.6956,0,-3.2992,3.8075,-8.6313,2.6005,-3.4798,-0.18241,12.658,-2.7951,-3.9435,5.975,-0.25016,-1.8369,-3.2205,3.9539,-3.7104,11.862,-3.1437,2.77,7.6175,-0.16118,-3.2992,0
