0,-3.1754,-14.643,0.95493,2.0691,2.8653,-2.7679,-0.70212,6.4615,-3.8525,-2.4936,-2.4359,3.0072,1.0512,2.2636,-6.2335,-7.5238,-4.0818,0.35582,-4.5595,3.9269,-3.1754,0,1.5092,-3.41,-2.9316,-5.7563,0.14311,3.0583,-4.7912,-1.4687,-1.4593,1.0571,-1.1747,-0.22655,-6.589,3.0594,0.92034,-1.1143,6.395,-1.5542,4.3873,-14.643,1.5092,0,-1.5226,-2.6999,-1.6452,2.9786,-0.65104,-3.9911,6.4646,2.6835,1.1861,-1.2331,-1.8308,-2.3786,4.4279,8.8968,4.0356,-3.0554,4.1782,-3.7393,0.95493,-3.41,-1.5226,0,-2.1649,-1.719,3.6228,8.3686,-3.4978,-1.4699,0.41541,-0.99128,-1.7535,2.6393,1.5811,-2.703,-1.3182,-0.87317,-1.8406,2.282,-5.8533,2.0691,-2.9316,-2.6999,-2.1649,0,7.6127,0.87281,-4.2757,-0.024634,0.45352,0.73202,-1.331,-6.5188,0.36408,-0.40182,-2.4006,-6.326,-0.13631,-0.28598,2.6781,-1.6917,2.8653,-5.7563,-1.6452,-1.719,7.6127,0,-0.57738,-6.6117,3.7242,0.60989,0.36547,-3.6973,0.41036,-4.3064,2.7348,-7.4475,-1.9408,2.4753,-2.5849,0.41732,0.29052,-2.7679,0.14311,2.9786,3.6228,0.87281,-0.57738,0,3.2609,-5.4236,0.69776,-3.859,-3.5549,-4.5842,-1.5248,-3.3787,-1.7066,-0.032982,-3.5373,-1.488,8.8554,-1.7642,-0.70212,3.0583,-0.65104,8.3686,-4.2757,-6.6117,3.2609,0,-5.8129,-2.2094,-0.5793,-0.62497,-2.4306,3.2446,-2.0328,0.15633,-0.78009,-2.6046,4.5631,0.50546,-1.9897,6.4615,-4.7912,-3.9911,-3.4978,-0.024634,3.7242,-5.4236,-5.8129,0,-0.52087,-0.71282,-2.1561,7.721,-1.3211,3.151,-1.495,-0.073073,-0.97613,-2.975,-4.2471,4.9014,-3.8525,-1.4687,6.4646,-1.4699,0.45352,0.60989,0.69776,-2.2094,-0.52087,0,3.075,3.2808,0.17638,-3.0793,-2.3555,1.5541,1.7556,1.0191,-4.162,1.7045,-4.754,-2.4936,-1.4593,2.6835,0.41541,0.73202,0.36547,-3.859,-0.5793,-0.71282,3.075,0,2.1971,-1.8179,1.1263,2.7442,2.8045,3.8133,7.1135,-1.3238,-1.2442,-5.1668,-2.4359,1.0571,1.1861,-0.99128,-1.331,-3.6973,-3.5549,-0.62497,-2.1561,3.2808,2.1971,0,-1.3641,1.8878,1.0996,4.6065,0.49747,1.163,0.28583,-1.6875,-3.8804,3.0072,-1.1747,-1.2331,-1.7535,-6.5188,0.41036,-4.5842,-2.4306,7.721,0.17638,-1.8179,-1.3641,0,-4.1071,2.0253,-1.0102,1.9887,-0.92241,-1.4066,-4.7859,5.2939,1.0512,-0.22655,-1.8308,2.6393,0.36408,-4.3064,-1.5248,3.2446,-1.3211,-3.0793,1.1263,1.8878,-4.1071,0,-0.93138,3.0316,-1.5995,0.82904,2.2691,-1.0074,-1.9734,2.2636,-6.589,-2.3786,1.5811,-0.40182,2.7348,-3.3787,-2.0328,3.151,-2.3555,2.7442,1.0996,2.0253,-0.93138,0,-1.7814,2.5082,3.5186,-2.045,-1.2693,-2.3686,-6.2335,3.0594,4.4279,-2.703,-2.4006,-7.4475,-1.7066,0.15633,-1.495,1.5541,2.8045,4.6065,-1.0102,3.0316,-1.7814,0,3.7819,1.4406,1.2626,1.8087,-1.4389,-7.5238,0.92034,8.8968,-1.3182,-6.326,-1.9408,-0.032982,-0.78009,-0.073073,1.7556,3.8133,0.49747,1.9887,-1.5995,2.5082,3.7819,0,5.9948,-2.0605,1.3419,-0.77818,-4.0818,-1.1143,4.0356,-0.87317,-0.13631,2.4753,-3.5373,-2.6046,-0.97613,1.0191,7.1135,1.163,-0.92241,0.82904,3.5186,1.4406,5.9948,0,-0.56887,-1.4533,-2.0155,0.35582,6.395,-3.0554,-1.8406,-0.28598,-2.5849,-1.488,4.5631,-2.975,-4.162,-1.3238,0.28583,-1.4066,2.2691,-2.045,1.2626,-2.0605,-0.56887,0,-2.576,3.2259,-4.5595,-1.5542,4.1782,2.282,2.6781,0.41732,8.8554,0.50546,-4.2471,1.7045,-1.2442,-1.6875,-4.7859,-1.0074,-1.2693,1.8087,1.3419,-1.4533,-2.576,0,-4.0366,3.9269,4.3873,-3.7393,-5.8533,-1.6917,0.29052,-1.7642,-1.9897,4.9014,-4.754,-5.1668,-3.8804,5.2939,-1.9734,-2.3686,-1.4389,-0.77818,-2.0155,3.2259,-4.0366,0
