0,-8.8023,1.0658,8.0416,-4.6813,-4.0679,-0.59481,-0.36483,-2.5155,-13.692,-7.4382,-6.2566,3.1942,9.2267,-0.053967,-25.303,29.27,-9.7555,-11.235,-7.7311,4.174,5.3409,6.8118,9.1585,15.081,-7.6887,4.5268,10.459,-7.2059,-5.9253,18.107,-8.4644,1.3721,3.8995,-12.377,-10.251,12.657,-3.2254,-1.2504,10.616,0.74624,-8.2579,-2.8738,8.5443,-0.26737,3.2529,-0.5739,10.621,-10.01,18.329,3.9654,-15.267,-6.0093,-9.6605,6.1871,-8.8023,0,-0.89441,4.5103,4.0181,6.1357,7.5475,-3.8912,3.8393,6.8982,-4.0179,-9.9152,-4.7917,-1.566,1.6149,6.2348,-15.744,6.1684,2.784,36.14,-3.9824,11.121,-24.092,-18.002,-16.319,3.0935,16.924,-2.1376,-11.9,25.065,-16.838,27.407,-18.071,11.905,4.7621,-2.6431,-22.12,-9.8298,3.0958,-13.871,9.7847,4.5814,6.166,-10.003,7.6536,-15.427,26.483,-19.775,10.709,-5.0485,-3.724,9.5951,0.95425,19.343,-10.5,1.0658,-0.89441,0,-14.673,6.8179,-4.7177,-7.1685,12.367,9.9878,-5.589,9.1922,0.58941,8.0901,8.812,-28.547,9.0022,2.2985,-13.227,13.849,-7.1207,-5.2474,-7.1591,-1.7082,-10.208,-0.75788,-7.5487,-8.0065,3.837,2.6824,1.4251,2.9525,5.2603,-0.73916,-3.8349,-4.0861,3.5479,-0.1416,-18.541,-9.9899,-1.8531,-4.3172,-8.7938,4.6051,3.2334,-3.6186,-4.7447,-0.44428,4.1357,19.858,7.0205,14.303,6.1688,-9.1165,11.004,-14.418,8.0416,4.5103,-14.673,0,-16.302,-5.8873,4.2354,-20.472,-16.502,4.6708,-27.696,-15.161,-15.403,-6.4367,22.512,-18.623,0.9947,12.947,-14.384,8.9063,-2.4717,20.709,-7.9747,3.8268,0.51807,10.372,19.322,-1.8441,-11.5,4.587,-2.7396,-2.1917,-5.4548,22.185,-5.8334,-3.0377,3.5753,3.5377,19.774,9.312,19.122,10.406,-4.0978,-4.4409,15.251,-6.2043,6.9814,-4.0229,-13.186,-1.4496,0.33385,-9.1122,8.6648,-2.8148,2.917,-4.6813,4.0181,6.8179,-16.302,0,15.167,10.632,12.363,32.056,-4.4226,19.632,3.6361,14.686,5.6698,-16.935,9.224,-0.22767,-14.722,5.0149,1.6974,14.443,-10.355,3.7289,-2.2785,-1.111,-20.675,-4.4396,3.4859,-3.4719,4.5438,2.971,8.0598,-7.1971,-14.894,3.5412,-6.238,-12.049,-5.0434,-21.904,-26.386,-18.769,-9.3653,14.696,4.3062,-16.026,7.4394,4.4438,-6.2552,8.7918,7.916,-10.454,6.3334,-9.8765,5.0067,2.3053,-4.0679,6.1357,-4.7177,-5.8873,15.167,0,5.6942,10.532,14.321,-7.2716,7.6834,8.8511,12.658,10.099,-2.0712,4.4258,-1.1608,-7.4509,-0.6544,7.2498,8.91,-1.2039,5.1959,-2.2936,-2.2744,-10.843,3.4322,6.6743,-1.4444,0.27747,-0.26871,8.6751,-0.46752,-7.4488,14.177,-13.907,-13.872,-0.10279,-14.273,-19.28,-9.7299,-11.802,0.58444,0.45337,-10.132,5.3141,6.5103,-2.0949,1.7245,0.70717,-25.71,4.8166,-8.8899,-2.707,6.6912,-0.59481,7.5475,-7.1685,4.2354,10.632,5.6942,0,-6.7385,6.667,6.1333,1.9426,-11.536,-2.8175,-7.8405,1.3938,-4.0636,-1.5622,0.35842,-6.4878,9.9736,19.856,0.35962,-3.3474,5.2543,-1.3757,-6.3335,6.3187,-4.2876,-18.857,11.177,-0.44385,3.5067,-20.248,-1.1425,-3.5701,-4.6532,-8.4817,2.423,-0.02013,-12.267,-4.0238,6.178,18.085,-0.53143,-2.1533,6.2819,10.003,-18.914,-4.3667,5.7589,-12.201,-1.3439,3.4827,3.2313,8.9519,-0.36483,-3.8912,12.367,-20.472,12.363,10.532,-6.7385,0,19.473,-10.54,19.364,14.283,16.047,20.224,-17.456,9.1764,3.6944,-20.387,13.564,-6.9504,0.58537,-13.412,9.3174,-5.8658,-1.7761,-11.617,-10.271,4.5934,6.541,-9.279,3.3596,5.2757,8.1267,-13.654,10.939,-1.9704,-5.2901,-9.0326,-20.377,-7.3997,-16.261,-21.514,-4.0264,0.27503,-8.9675,6.0117,-1.2712,10.803,10.757,2.6728,-2.5756,10.382,-9.9091,-0.33496,-0.16307,-2.5155,3.8393,9.9878,-16.502,32.056,14.321,6.667,19.473,0,-5.0774,21.952,3.7267,13.049,10.715,-19.809,8.9464,0.45087,-18.809,9.8609,1.1153,9.3893,-11.417,3.1217,-5.7425,-4.2398,-18.256,-4.5779,2.1237,-3.9933,1.7413,1.4156,11.129,-5.0634,-12.533,6.5948,-4.4668,-13.8,-10.437,-20.842,-21.496,-17.978,-12.551,8.3875,-0.019659,-10.26,6.486,6.7174,-2.3147,11.822,6.7058,-7.8387,10.843,-8.4891,6.0642,1.1124,-13.692,6.8982,-5.589,4.6708,-4.4226,-7.2716,6.1333,-10.54,-5.0774,0,-0.36654,-7.1412,-24.134,-22.814,7.6547,5.5377,-19.718,19.074,6.4819,8.4635,-3.6855,-1.8171,-12.587,-3.1787,-16.046,17.468,-0.2698,-32.112,-2.8498,6.558,-19.788,3.6904,-6.8477,4.6145,3.3806,19.619,-6.6333,3.9932,17.39,-0.81249,5.9324,29.809,2.6724,-17.124,13.716,-2.3639,3.6867,-13.467,1.3028,-16.276,1.2044,9.6133,28.136,9.366,-1.9198,-7.4382,-4.0179,9.1922,-27.696,19.632,7.6834,1.9426,19.364,21.952,-0.36654,0,11.005,9.6205,4.1212,-17.454,13.972,-1.5039,-12.408,15.093,-6.4386,7.3866,-30.251,8.2736,-1.3078,-3.609,-10.083,-18.362,-4.0038,5.3991,-5.4138,0.90705,2.9302,2.6195,-25.291,8.438,4.6417,-7.0731,-2.275,-15.448,-12.011,-27.35,-7.0821,4.8793,-0.53013,-11.3,12.628,-3.524,1.5539,9.1208,0.65058,-4.9585,12.251,-2.4608,2.143,3.1851,-6.2566,-9.9152,0.58941,-15.161,3.6361,8.8511,-11.536,14.283,3.7267,-7.1412,11.005,0,12.513,7.0259,-3.5025,9.4675,0.73497,-5.0512,5.2356,-10.149,-0.68123,-11.348,16.247,1.894,2.9269,-2.7613,-14.313,3.919,24.911,-15.909,3.1498,-4.6857,22.275,-16.554,12.746,0.072061,1.799,6.8716,-11.131,-1.1792,-12.054,-10.367,-9.2617,3.9655,-12.032,8.1608,-14.025,12.733,0.96955,-5.2585,-5.4728,3.271,-5.9516,-10.042,3.8221,3.1942,-4.7917,8.0901,-15.403,14.686,12.658,-2.8175,16.047,13.049,-24.134,9.6205,12.513,0,16.783,-14.586,3.718,10.104,-21.644,-0.91837,-7.5101,7.3413,-5.3018,13.292,1.2071,10.672,-24.143,-5.393,20.497,5.8763,-4.1951,14.241,-0.5812,5.0237,-13.792,0.61915,-14.247,0.74951,-2.862,-37.749,-7.5757,-14.267,-27.217,3.0709,16.697,-26.982,5.3439,-4.665,7.3122,4.0047,12.455,-5.0329,-3.1908,-30.757,-5.0302,1.3157,9.2267,-1.566,8.812,-6.4367,5.6698,10.099,-7.8405,20.224,10.715,-22.814,4.1212,7.0259,16.783,0,-10.017,-0.75898,10.493,-20.449,2.8049,-3.6599,-1.2168,-0.081662,6.7895,-5.4168,3.2501,-12.724,0.95851,15.326,0.94457,-6.3291,7.5684,5.0156,6.0491,-2.7222,4.8093,-12.327,-1.6639,-12.391,-15.923,-2.7757,-5.6324,-35.21,-6.8208,3.8598,-5.8467,-0.04338,2.9682,13.129,5.6176,8.437,-1.3394,1.5573,-17.222,-2.8911,-1.191,-0.053967,1.6149,-28.547,22.512,-16.935,-2.0712,1.3938,-17.456,-19.809,7.6547,-17.454,-3.5025,-14.586,-10.017,0,-9.9546,-3.7444,20.971,-11.807,7.1653,-2.8331,12.298,-3.0565,6.047,-0.93902,16.12,10.302,-5.0457,-1.6802,-0.64501,-5.8534,-5.0636,1.7592,11.421,1.8956,0.23854,3.0006,13.598,19.487,8.3425,13.106,12.625,-8.8384,-5.9065,11.066,-1.9382,0.56471,-2.4249,-16.475,-10.271,-4.8385,-6.1369,12.277,-7.7322,6.5914,-25.303,6.2348,9.0022,-18.623,9.224,4.4258,-4.0636,9.1764,8.9464,5.5377,13.972,9.4675,3.718,-0.75898,-9.9546,0,-16.898,0.38257,19.957,2.4696,-5.7429,-9.6125,-4.2177,-14.114,-12.548,1.3332,-8.9452,-4.9665,9.7441,3.6769,-11.426,10.689,0.72527,-7.5723,11.382,8.7516,-11.796,-4.0626,-6.1977,-11.814,-4.9015,-0.18202,2.9846,-5.0716,-3.5465,-3.7329,-0.32253,-4.5897,21.022,-10.296,0.31675,19.157,-0.96184,12.267,-11.025,29.27,-15.744,2.2985,0.9947,-0.22767,-1.1608,-1.5622,3.6944,0.45087,-19.718,-1.5039,0.73497,10.104,10.493,-3.7444,-16.898,0,-15.067,-10.654,-14.858,8.3566,-0.6029,15.934,13.946,24.441,-13.393,-1.9887,13.863,-1.2093,-10.521,33.928,-13.34,5.6563,-4.1876,-11.057,-11.28,15.67,0.51913,-7.6114,8.359,-6.2828,-12.918,-1.5008,15.97,-8.5244,9.1033,-6.9687,14.413,-10.336,21.949,1.5066,-17.076,-10.471,-14.976,9.3119,-9.7555,6.1684,-13.227,12.947,-14.722,-7.4509,0.35842,-20.387,-18.809,19.074,-12.408,-5.0512,-21.644,-20.449,20.971,0.38257,-15.067,0,-2.8246,9.3695,-8.4559,8.6387,-11.497,-0.96719,-7.7556,28.206,6.0651,-11.891,0.85284,5.6721,-15.078,-0.62132,-1.9318,11.827,1.4556,9.5176,-0.37286,9.5244,25.798,5.5508,16.676,26.282,-3.3142,-9.6003,14.155,-8.0219,0.72004,-8.9477,-4.7431,-18.232,1.4227,0.50898,17.253,2.5708,-2.8287,-11.235,2.784,13.849,-14.384,5.0149,-0.6544,-6.4878,13.564,9.8609,6.4819,15.093,5.2356,-0.91837,2.8049,-11.807,19.957,-10.654,-2.8246,0,-0.8276,-8.932,-12.926,-4.313,-15.408,-16.688,2.9925,-10.481,-10.24,5.6152,-1.4056,-11.306,10.714,2.1826,-4.9004,11.307,14.947,-9.7581,-10.69,-2.8046,-5.3837,-4.7733,-0.99211,-2.1851,-12.399,3.7065,-2.0853,1.7667,1.1155,21.117,-9.0679,5.513,28.968,3.9328,12.571,-9.5789,-7.7311,36.14,-7.1207,8.9063,1.6974,7.2498,9.9736,-6.9504,1.1153,8.4635,-6.4386,-10.149,-7.5101,-3.6599,7.1653,2.4696,-14.858,9.3695,-0.8276,0,-1.9255,13.011,-19.807,-11.673,-15.011,5.0802,20.633,-3.6401,-13.359,19.895,-16.946,19.661,-16.358,12.949,5.8862,-3.4954,-19.99,-4.7346,6.0852,-11.789,10.55,6.9003,4.0271,-11.432,9.1676,-11.439,25.256,-20.028,4.4774,-6.6785,-7.5876,7.1212,4.025,12.266,-4.8861,4.174,-3.9824,-5.2474,-2.4717,14.443,8.91,19.856,0.58537,9.3893,-3.6855,7.3866,-0.68123,7.3413,-1.2168,-2.8331,-5.7429,8.3566,-8.4559,-8.932,-1.9255,0,-6.3569,10.544,15.029,9.023,-16.455,-2.0404,2.6692,-7.2089,-0.28342,11.381,-5.1636,-5.7788,-12.275,-3.9882,-9.1442,-0.60267,6.9925,-9.2256,-8.7228,-15.688,-3.0472,12.899,9.1005,-14.304,19.062,-0.72378,-4.554,-8.8614,12.568,-14.865,-6.8814,-3.672,-7.2062,18.64,5.3409,11.121,-7.1591,20.709,-10.355,-1.2039,0.35962,-13.412,-11.417,-1.8171,-30.251,-11.348,-5.3018,-0.081662,12.298,-9.6125,-0.6029,8.6387,-12.926,13.011,-6.3569,0,-11.663,-3.8743,0.64353,5.5792,30.82,7.2815,-8.7951,10.847,-2.822,4.0568,-6.8052,26.611,-5.2128,-9.7439,0.24281,-2.4378,9.056,3.7594,24.376,3.1114,-2.1533,-0.01995,8.9423,-16.994,10.155,-5.0278,-3.7729,0.56642,1.3574,-8.0248,-1.9071,1.9278,-5.7644,6.8118,-24.092,-1.7082,-7.9747,3.7289,5.1959,-3.3474,9.3174,3.1217,-12.587,8.2736,16.247,13.292,6.7895,-3.0565,-4.2177,15.934,-11.497,-4.313,-19.807,10.544,-11.663,0,17.079,16.158,-10.424,-13.325,6.8742,10.231,-22.697,18.753,-16.374,16.281,-19.357,0.8843,-5.0727,10.745,10.182,-11.58,3.5246,-18.175,-11.774,-4.5387,12.198,-16.51,22.422,-17.322,16.374,-10.087,6.8384,-6.1669,-7.8602,-6.6814,-24.245,16.493,9.1585,-18.002,-10.208,3.8268,-2.2785,-2.2936,5.2543,-5.8658,-5.7425,-3.1787,-1.3078,1.894,1.2071,-5.4168,6.047,-14.114,13.946,-0.96719,-15.408,-11.673,15.029,-3.8743,17.079,0,19.122,-4.0104,-5.3199,1.6321,1.4355,-10.3,16.241,-27.306,5.3107,-7.7506,-8.3928,-3.3009,15.678,19.461,0.45102,8.0261,-7.0542,1.4885,1.0972,11.441,-7.8605,18.641,-13.501,5.0502,-26.889,7.4133,-4.9609,-18.393,1.5029,-22.309,22.305,15.081,-16.319,-0.75788,0.51807,-1.111,-2.2744,-1.3757,-1.7761,-4.2398,-16.046,-3.609,2.9269,10.672,3.2501,-0.93902,-12.548,24.441,-7.7556,-16.688,-15.011,9.023,0.64353,16.158,19.122,0,-10.526,-3.183,15.737,3.4892,-7.4486,34.873,-20.538,6.0982,-5.5193,-14.716,-10.766,21.54,7.7969,-6.4137,8.6368,-4.6509,-7.5361,1.7384,30.383,-13.649,7.7352,-13.506,9.5504,-12.979,17.135,1.0616,-29.003,-11.397,-16.905,8.0015,-7.6887,3.0935,-7.5487,10.372,-20.675,-10.843,-6.3335,-11.617,-18.256,17.468,-10.083,-2.7613,-24.143,-12.724,16.12,1.3332,-13.393,28.206,2.9925,5.0802,-16.455,5.5792,-10.424,-4.0104,-10.526,0,2.6477,-14.494,3.831,0.39791,-16.703,-0.24287,3.0206,12.163,4.1301,15.372,0.89593,4.9665,27.837,10.077,16.544,18.95,-10.239,-14.772,21.27,-8.7415,-0.49552,-2.0639,-1.8489,-23.264,6.3465,4.365,20.162,2.7771,-5.0941,4.5268,16.924,-8.0065,19.322,-4.4396,3.4322,6.3187,-10.271,-4.5779,-0.2698,-18.362,-14.313,-5.393,0.95851,10.302,-8.9452,-1.9887,6.0651,-10.481,20.633,-2.0404,30.82,-13.325,-5.3199,-3.183,2.6477,0,4.7136,-16.571,13.908,-4.9445,9.2705,-12.316,22.362,-2.0561,-11.395,-6.1324,-4.9111,6.923,-2.2062,16.61,2.4827,0.5585,-3.5485,9.1956,-12.844,19.351,-9.1459,-2.3937,1.2578,-3.5909,-3.7281,-0.77349,4.3045,-2.9885,10.459,-2.1376,3.837,-1.8441,3.4859,6.6743,-4.2876,4.5934,2.1237,-32.112,-4.0038,3.919,20.497,15.326,-5.0457,-4.9665,13.863,-11.891,-10.24,-3.6401,2.6692,7.2815,6.8742,1.6321,15.737,-14.494,4.7136,0,1.3637,-0.33982,15.766,-2.0676,2.6578,-0.67694,-5.9924,-24.171,5.6549,-3.2838,-13.7,-0.34857,-1.0877,-19.076,0.54102,20.052,-12.907,-2.5399,-1.6663,6.9008,-0.85609,15.281,-0.93109,-12.286,-32.987,-6.1192,-1.4441,-7.2059,-11.9,2.6824,-11.5,-3.4719,-1.4444,-18.857,6.541,-3.9933,-2.8498,5.3991,24.911,5.8763,0.94457,-1.6802,9.7441,-1.2093,0.85284,5.6152,-13.359,-7.2089,-8.7951,10.231,1.4355,3.4892,3.831,-16.571,1.3637,0,-13.539,1.6227,-8.4982,24.207,-10.021,5.8999,6.5388,7.7893,7.9005,-3.6461,6.0119,-4.5384,-3.3466,-9.6126,4.2445,-6.6739,2.5864,-21.919,12.595,1.3931,-7.9524,3.627,1.0882,-2.3462,-7.1523,-1.9529,-5.9253,25.065,1.4251,4.587,4.5438,0.27747,11.177,-9.279,1.7413,6.558,-5.4138,-15.909,-4.1951,-6.3291,-0.64501,3.6769,-10.521,5.6721,-1.4056,19.895,-0.28342,10.847,-22.697,-10.3,-7.4486,0.39791,13.908,-0.33982,-13.539,0,-8.7712,14.336,-28.711,10.623,-5.0976,-2.6004,-11.318,-7.5973,3.0882,-10.612,9.5733,7.4137,15.974,-2.2179,3.8906,-14.388,16.619,-27.216,8.3102,1.0851,0.49102,2.399,-0.74575,19.994,-11.314,18.107,-16.838,2.9525,-2.7396,2.971,-0.26871,-0.44385,3.3596,1.4156,-19.788,0.90705,3.1498,14.241,7.5684,-5.8534,-11.426,33.928,-15.078,-11.306,-16.946,11.381,-2.822,18.753,16.241,34.873,-16.703,-4.9445,15.766,1.6227,-8.7712,0,-15.599,5.3304,-8.457,-12.654,-11.387,16.321,3.315,-11.008,5.6228,-9.2441,-12.334,2.5662,25.961,-15.573,10.54,-10.724,11.258,-9.2772,23.616,0.51587,-19.203,-13.58,-14.623,8.8064,-8.4644,27.407,5.2603,-2.1917,8.0598,8.6751,3.5067,5.2757,11.129,3.6904,2.9302,-4.6857,-0.5812,5.0156,-5.0636,10.689,-13.34,-0.62132,10.714,19.661,-5.1636,4.0568,-16.374,-27.306,-20.538,-0.24287,9.2705,-2.0676,-8.4982,14.336,-15.599,0,-11.832,6.2009,9.6892,-1.1873,-29.596,-17.418,-2.333,-16.873,3.5967,-1.6035,3.3465,-12.215,5.7571,-11.674,24.472,-10.885,19.066,-4.5066,-2.8546,18.168,-1.2886,21.051,-11.434,1.3721,-18.071,-0.73916,-5.4548,-7.1971,-0.46752,-20.248,8.1267,-5.0634,-6.8477,2.6195,22.275,5.0237,6.0491,1.7592,0.72527,5.6563,-1.9318,2.1826,-16.358,-5.7788,-6.8052,16.281,5.3107,6.0982,3.0206,-12.316,2.6578,24.207,-28.711,5.3304,-11.832,0,-7.719,6.7432,2.91,11.089,7.7126,-2.4468,11.202,-4.6895,-7.0174,-20.076,2.8382,-3.7009,6.3947,-19.081,26.182,-4.726,-5.1922,1.6945,-1.7037,-1.3931,-15.905,4.3163,3.8995,11.905,-3.8349,22.185,-14.894,-7.4488,-1.1425,-13.654,-12.533,4.6145,-25.291,-16.554,-13.792,-2.7222,11.421,-7.5723,-4.1876,11.827,-4.9004,12.949,-12.275,26.611,-19.357,-7.7506,-5.5193,12.163,22.362,-0.67694,-10.021,10.623,-8.457,6.2009,-7.719,0,-4.3405,-0.77365,-0.88245,-6.1149,16.88,6.5205,36.869,8.0958,-3.8576,-7.4933,21.054,-20.884,12.252,-5.2876,-0.46368,-3.4849,7.1134,-2.0708,5.1037,6.9428,-9.3149,-12.377,4.7621,-4.0861,-5.8334,3.5412,14.177,-3.5701,10.939,6.5948,3.3806,8.438,12.746,0.61915,4.8093,1.8956,11.382,-11.057,1.4556,11.307,5.8862,-3.9882,-5.2128,0.8843,-8.3928,-14.716,4.1301,-2.0561,-5.9924,5.8999,-5.0976,-12.654,9.6892,6.7432,-4.3405,0,2.7932,-14.477,0.15401,-2.5025,-8.6617,-4.4149,-3.0886,-10.453,-13.85,1.9157,2.0492,3.5218,1.5272,5.3714,-16.112,-11.161,18.326,3.7259,0.33568,1.8644,-10.251,-2.6431,3.5479,-3.0377,-6.238,-13.907,-4.6532,-1.9704,-4.4668,19.619,4.6417,0.072061,-14.247,-12.327,0.23854,8.7516,-11.28,9.5176,14.947,-3.4954,-9.1442,-9.7439,-5.0727,-3.3009,-10.766,15.372,-11.395,-24.171,6.5388,-2.6004,-11.387,-1.1873,2.91,-0.77365,2.7932,0,0.51023,1.5047,11.018,5.5906,1.6207,14.29,-2.5312,-12.215,10.101,-0.51414,-5.1818,-0.84128,4.819,-14.258,10.225,10.783,18.743,6.5592,-4.9163,12.657,-22.12,-0.1416,3.5753,-12.049,-13.872,-8.4817,-5.2901,-13.8,-6.6333,-7.0731,1.799,0.74951,-1.6639,3.0006,-11.796,15.67,-0.37286,-9.7581,-19.99,-0.60267,0.24281,10.745,15.678,21.54,0.89593,-6.1324,5.6549,7.7893,-11.318,16.321,-29.596,11.089,-0.88245,-14.477,0.51023,0,8.5858,3.0772,24.992,1.4128,-0.25892,-4.6916,13.394,-2.8435,3.9742,-19.661,13.679,-12.729,6.6698,10.262,-20.082,-1.6778,-14.444,3.8173,-3.2254,-9.8298,-18.541,3.5377,-5.0434,-0.10279,2.423,-9.0326,-10.437,3.9932,-2.275,6.8716,-2.862,-12.391,13.598,-4.0626,0.51913,9.5244,-10.69,-4.7346,6.9925,-2.4378,10.182,19.461,7.7969,4.9665,-4.9111,-3.2838,7.9005,-7.5973,3.315,-17.418,7.7126,-6.1149,0.15401,1.5047,8.5858,0,5.005,5.3952,-2.6426,7.891,-2.1937,4.6367,-4.6678,11.19,-14.157,0.70797,-19.426,-5.1571,-8.0069,-9.3958,6.4312,-16.479,14.717,-1.2504,3.0958,-9.9899,19.774,-21.904,-14.273,-0.02013,-20.377,-20.842,17.39,-15.448,-11.131,-37.749,-15.923,19.487,-6.1977,-7.6114,25.798,-2.8046,6.0852,-9.2256,9.056,-11.58,0.45102,-6.4137,27.837,6.923,-13.7,-3.6461,3.0882,-11.008,-2.333,-2.4468,16.88,-2.5025,11.018,3.0772,5.005,0,11.912,19.261,24.559,-5.3834,-11.744,24.823,-7.1186,2.178,-4.8175,-6.7901,-11.711,6.2531,-1.0156,22.621,1.9511,-1.6667,10.616,-13.871,-1.8531,9.312,-26.386,-19.28,-12.267,-7.3997,-21.496,-0.81249,-12.011,-1.1792,-7.5757,-2.7757,8.3425,-11.814,8.359,5.5508,-5.3837,-11.789,-8.7228,3.7594,3.5246,8.0261,8.6368,10.077,-2.2062,-0.34857,6.0119,-10.612,5.6228,-16.873,11.202,6.5205,-8.6617,5.5906,24.992,5.3952,11.912,0,8.7062,4.1684,-12.077,2.3061,7.6252,-1.2395,-11.662,13.294,-10.615,-0.71918,14.062,-11.014,5.3595,-9.6486,0.585,0.74624,9.7847,-4.3172,19.122,-18.769,-9.7299,-4.0238,-16.261,-17.978,5.9324,-27.35,-12.054,-14.267,-5.6324,13.106,-4.9015,-6.2828,16.676,-4.7733,10.55,-15.688,24.376,-18.175,-7.0542,-4.6509,16.544,16.61,-1.0877,-4.5384,9.5733,-9.2441,3.5967,-4.6895,36.869,-4.4149,1.6207,1.4128,-2.6426,19.261,8.7062,0,10.561,-4.6895,-6.0027,18.843,-23.32,7.0134,-4.764,-0.62067,-6.4715,8.9647,-2.8287,5.6627,6.0729,-11.269,-8.2579,4.5814,-8.7938,10.406,-9.3653,-11.802,6.178,-21.514,-12.551,29.809,-7.0821,-10.367,-27.217,-35.21,12.625,-0.18202,-12.918,26.282,-0.99211,6.9003,-3.0472,3.1114,-11.774,1.4885,-7.5361,18.95,2.4827,-19.076,-3.3466,7.4137,-12.334,-1.6035,-7.0174,8.0958,-3.0886,14.29,-0.25892,7.891,24.559,4.1684,10.561,0,3.3795,-9.3531,13.133,-3.692,1.0441,-13.017,-4.1198,-11.495,3.2081,1.0348,23.587,5.4392,-1.1631,-2.8738,6.166,4.6051,-4.0978,14.696,0.58444,18.085,-4.0264,8.3875,2.6724,4.8793,-9.2617,3.0709,-6.8208,-8.8384,2.9846,-1.5008,-3.3142,-2.1851,4.0271,12.899,-2.1533,-4.5387,1.0972,1.7384,-10.239,0.5585,0.54102,-9.6126,15.974,2.5662,3.3465,-20.076,-3.8576,-10.453,-2.5312,-4.6916,-2.1937,-5.3834,-12.077,-4.6895,3.3795,0,6.8744,-8.01,1.0096,4.5397,-17.47,4.2262,10.175,-1.6926,-1.8047,-3.8478,9.5379,-1.629,8.5443,-10.003,3.2334,-4.4409,4.3062,0.45337,-0.53143,0.27503,-0.019659,-17.124,-0.53013,3.9655,16.697,3.8598,-5.9065,-5.0716,15.97,-9.6003,-12.399,-11.432,9.1005,-0.01995,12.198,11.441,30.383,-14.772,-3.5485,20.052,4.2445,-2.2179,25.961,-12.215,2.8382,-7.4933,-13.85,-12.215,13.394,4.6367,-11.744,2.3061,-6.0027,-9.3531,6.8744,0,-20.893,4.5579,-11.112,5.0869,-5.4124,18.227,0.75592,-19.701,-18.452,-9.2217,2.8752,-0.26737,7.6536,-3.6186,15.251,-16.026,-10.132,-2.1533,-8.9675,-10.26,13.716,-11.3,-12.032,-26.982,-5.8467,11.066,-3.5465,-8.5244,14.155,3.7065,9.1676,-14.304,8.9423,-16.51,-7.8605,-13.649,21.27,9.1956,-12.907,-6.6739,3.8906,-15.573,5.7571,-3.7009,21.054,1.9157,10.101,-2.8435,-4.6678,24.823,7.6252,18.843,13.133,-8.01,-20.893,0,-11.126,9.3527,-3.1975,0.53317,-11.408,7.4842,5.9891,17.618,7.3332,-5.934,3.2529,-15.427,-4.7447,-6.2043,7.4394,5.3141,6.2819,6.0117,6.486,-2.3639,12.628,8.1608,5.3439,-0.04338,-1.9382,-3.7329,9.1033,-8.0219,-2.0853,-11.439,19.062,-16.994,22.422,18.641,7.7352,-8.7415,-12.844,-2.5399,2.5864,-14.388,10.54,-11.674,6.3947,-20.884,2.0492,-0.51414,3.9742,11.19,-7.1186,-1.2395,-23.32,-3.692,1.0096,4.5579,-11.126,0,-9.6863,5.7446,-10.667,4.6684,-10.695,-2.9753,1.5044,-14.875,26.639,-0.5739,26.483,-0.44428,6.9814,4.4438,6.5103,10.003,-1.2712,6.7174,3.6867,-3.524,-14.025,-4.665,2.9682,0.56471,-0.32253,-6.9687,0.72004,1.7667,25.256,-0.72378,10.155,-17.322,-13.501,-13.506,-0.49552,19.351,-1.6663,-21.919,16.619,-10.724,24.472,-19.081,12.252,3.5218,-5.1818,-19.661,-14.157,2.178,-11.662,7.0134,1.0441,4.5397,-11.112,9.3527,-9.6863,0,-13.232,7.269,0.049964,-4.4391,8.1701,1.1061,14.294,-5.0662,10.621,-19.775,4.1357,-4.0229,-6.2552,-2.0949,-18.914,10.803,-2.3147,-13.467,1.5539,12.733,7.3122,13.129,-2.4249,-4.5897,14.413,-8.9477,1.1155,-20.028,-4.554,-5.0278,16.374,5.0502,9.5504,-2.0639,-9.1459,6.9008,12.595,-27.216,11.258,-10.885,26.182,-5.2876,1.5272,-0.84128,13.679,0.70797,-4.8175,13.294,-4.764,-13.017,-17.47,5.0869,-3.1975,5.7446,-13.232,0,-4.0269,2.689,5.1626,-4.2059,-5.2678,-14.604,3.6624,-10.01,10.709,19.858,-13.186,8.7918,1.7245,-4.3667,10.757,11.822,1.3028,9.1208,0.96955,4.0047,5.6176,-16.475,21.022,-10.336,-4.7431,21.117,4.4774,-8.8614,-3.7729,-10.087,-26.889,-12.979,-1.8489,-2.3937,-0.85609,1.3931,8.3102,-9.2772,19.066,-4.726,-0.46368,5.3714,4.819,-12.729,-19.426,-6.7901,-10.615,-0.62067,-4.1198,4.2262,-5.4124,0.53317,-10.667,7.269,-4.0269,0,-2.7716,6.3527,18.274,-4.8374,22.842,-20.79,18.329,-5.0485,7.0205,-1.4496,7.916,0.70717,5.7589,2.6728,6.7058,-16.276,0.65058,-5.2585,12.455,8.437,-10.271,-10.296,21.949,-18.232,-9.0679,-6.6785,12.568,0.56642,6.8384,7.4133,17.135,-23.264,1.2578,15.281,-7.9524,1.0851,23.616,-4.5066,-5.1922,-3.4849,-16.112,-14.258,6.6698,-5.1571,-11.711,-0.71918,-6.4715,-11.495,10.175,18.227,-11.408,4.6684,0.049964,2.689,-2.7716,0,1.0895,-13.022,-15.345,-3.4345,3.5625,3.9654,-3.724,14.303,0.33385,-10.454,-25.71,-12.201,-2.5756,-7.8387,1.2044,-4.9585,-5.4728,-5.0329,-1.3394,-4.8385,0.31675,1.5066,1.4227,5.513,-7.5876,-14.865,1.3574,-6.1669,-4.9609,1.0616,6.3465,-3.5909,-0.93109,3.627,0.49102,0.51587,-2.8546,1.6945,7.1134,-11.161,10.225,10.262,-8.0069,6.2531,14.062,8.9647,3.2081,-1.6926,0.75592,7.4842,-10.695,-4.4391,5.1626,6.3527,1.0895,0,-1.2223,1.1342,6.7446,-15.665,-15.267,9.5951,6.1688,-9.1122,6.3334,4.8166,-1.3439,10.382,10.843,9.6133,12.251,3.271,-3.1908,1.5573,-6.1369,19.157,-17.076,0.50898,28.968,7.1212,-6.8814,-8.0248,-7.8602,-18.393,-29.003,4.365,-3.7281,-12.286,1.0882,2.399,-19.203,18.168,-1.7037,-2.0708,18.326,10.783,-20.082,-9.3958,-1.0156,-11.014,-2.8287,1.0348,-1.8047,-19.701,5.9891,-2.9753,8.1701,-4.2059,18.274,-13.022,-1.2223,0,6.154,14.173,-7.0723,-6.0093,0.95425,-9.1165,8.6648,-9.8765,-8.8899,3.4827,-9.9091,-8.4891,28.136,-2.4608,-5.9516,-30.757,-17.222,12.277,-0.96184,-10.471,17.253,3.9328,4.025,-3.672,-1.9071,-6.6814,1.5029,-11.397,20.162,-0.77349,-32.987,-2.3462,-0.74575,-13.58,-1.2886,-1.3931,5.1037,3.7259,18.743,-1.6778,6.4312,22.621,5.3595,5.6627,23.587,-3.8478,-18.452,17.618,1.5044,1.1061,-5.2678,-4.8374,-15.345,1.1342,6.154,0,2.0027,3.4911,-9.6605,19.343,11.004,-2.8148,5.0067,-2.707,3.2313,-0.33496,6.0642,9.366,2.143,-10.042,-5.0302,-2.8911,-7.7322,12.267,-14.976,2.5708,12.571,12.266,-7.2062,1.9278,-24.245,-22.309,-16.905,2.7771,4.3045,-6.1192,-7.1523,19.994,-14.623,21.051,-15.905,6.9428,0.33568,6.5592,-14.444,-16.479,1.9511,-9.6486,6.0729,5.4392,9.5379,-9.2217,7.3332,-14.875,14.294,-14.604,22.842,-3.4345,6.7446,14.173,2.0027,0,-19.913,6.1871,-10.5,-14.418,2.917,2.3053,6.6912,8.9519,-0.16307,1.1124,-1.9198,3.1851,3.8221,1.3157,-1.191,6.5914,-11.025,9.3119,-2.8287,-9.5789,-4.8861,18.64,-5.7644,16.493,22.305,8.0015,-5.0941,-2.9885,-1.4441,-1.9529,-11.314,8.8064,-11.434,4.3163,-9.3149,1.8644,-4.9163,3.8173,14.717,-1.6667,0.585,-11.269,-1.1631,-1.629,2.8752,-5.934,26.639,-5.0662,3.6624,-20.79,3.5625,-15.665,-7.0723,3.4911,-19.913,0
