0,6.9493,-7.9407,-0.49401,0.5982,7.1369,24.311,-1.8136,-17.725,14.979,-0.6048,9.3608,-5.8128,-0.41022,16.927,5.7862,-3.2741,6.1694,13.363,1.1523,-3.5809,1.5125,-1.4252,0.47916,-2.829,5.0186,-9.5944,-14.049,-28.259,-0.31025,-11.02,-2.0232,-13.065,10.519,-7.9508,26.276,-15.816,-4.228,6.785,-7.8911,-1.4007,4.4128,6.9069,-19.952,11.302,5.7997,-1.7761,-18.021,-16.246,-13.652,-27.96,18.517,11.726,0.19,12.425,6.9493,0,1.68,11.699,-15.676,-0.99345,2.4105,7.7055,-13.531,13.171,-22.642,-0.50092,-19.324,-6.4033,-4.1799,11.4,-11.427,36.277,-2.8507,-7.6725,-28.842,-2.4826,10.317,6.3148,6.9749,23.041,3.944,-11.745,-4.2087,-3.2403,-5.2988,-9.0275,-8.8079,7.9018,10.566,3.327,0.16761,1.2766,17.728,-2.915,0.73363,22.26,-9.208,2.9117,-8.4494,-4.9796,8.7122,-5.015,-17.279,-9.4481,-9.0987,11.529,11.271,-7.4316,1.2354,-7.9407,1.68,0,0.059201,0.10462,-0.65942,-7.0824,9.2137,13.502,-12.626,-4.2913,-6.4855,-0.92609,14.414,-11.308,16.445,-5.0864,3.0165,-11.531,11.434,-2.666,17.189,-1.8555,-0.58457,1.1992,4.7693,-2.0505,4.2607,9.4879,-9.2314,2.1197,9.0965,0.32953,3.7885,-1.7584,-4.7901,8.1794,-8.6688,-6.7917,1.8705,9.5288,6.4045,-7.0316,5.2546,-14.45,5.0755,-2.5814,10.877,5.2027,18.869,10.811,-6.6659,5.7343,2.6523,-5.1189,-0.49401,11.699,0.059201,0,-9.6572,1.0753,-5.7964,21.712,-1.3906,12.159,-1.5466,10.314,-15.908,-4.7285,-5.4738,-0.46989,-17.639,6.3989,-10.429,-8.8866,-7.388,-9.1268,15.668,-5.0515,3.9668,12.953,21.738,-8.3069,7.6153,-12.858,-4.6811,1.8689,3.7914,8.9897,5.7693,3.3317,-7.6335,4.3758,5.9656,-12.854,-11.813,7.3299,-5.7846,2.5182,-0.74912,-9.4476,20.182,-9.7431,-6.1899,-5.9236,-4.5923,-6.2148,2.323,-13.966,-9.7997,0.5982,-15.676,0.10462,-9.6572,0,9.4219,6.9353,-0.32281,6.2762,-4.1367,12.875,2.6338,2.7063,1.5753,14.848,0.28111,1.3131,-17.746,13.54,20.249,8.0185,11.894,-0.072672,3.1557,4.1748,-11.097,-12.625,-1.329,-4.1414,1.3822,13.316,15.16,-6.8761,-1.3494,-24.974,6.2951,-6.3191,2.1332,-27.012,7.9226,-5.9211,-24.629,-0.99708,-8.7822,14.334,24.162,-6.426,-3.2527,2.4148,1.1695,5.8467,-2.9853,-2.8665,-3.7047,11.914,7.1369,-0.99345,-0.65942,1.0753,9.4219,0,16.527,6.4331,-5.7811,9.5991,4.0029,18.09,-8.6098,-4.4508,6.4493,1.7738,-14.989,-1.3242,4.5601,13.178,1.4867,2.8788,7.7966,8.5919,10.797,8.6831,-4.7462,-19.389,-7.6711,4.7556,2.983,15.589,-9.4359,20.218,-13.767,14.785,-7.3798,10.187,-4.1849,0.34984,-13.663,-3.7101,2.6372,-19.425,8.5764,12.908,10.276,-13.535,-12.638,-7.7177,-0.25424,2.0251,15.983,-6.7439,3.5727,24.311,2.4105,-7.0824,-5.7964,6.9353,16.527,0,-3.5614,-16.941,12.295,-0.18819,9.566,-5.2824,-3.9275,17.336,4.6578,-4.2065,3.039,17.353,7.9509,-1.7591,3.854,0.52687,8.6689,3.8633,4.6819,-15.323,-17.381,-32.482,7.555,-2.4219,2.3919,-18.545,11.536,-12.131,21.856,-9.8229,2.5857,2.0305,0.45902,-4.1722,-0.76102,5.7859,-25.37,11.737,13.185,-0.32464,-15.02,-17.779,-13.672,-11.723,17.867,14.766,-0.9724,15.737,-1.8136,7.7055,9.2137,21.712,-0.32281,6.4331,-3.5614,0,4.2629,6.114,-0.1732,8.9,-18.16,0.2144,-3.5362,7.4502,-26.112,3.235,-8.1886,3.5684,-7.1019,2.7792,16.316,-1.6698,8.4602,12.352,9.4343,-9.6603,7.6552,-16.56,1.6118,12.339,-1.5377,12.489,-2.8415,5.5285,-7.1161,2.5829,-3.686,-6.7109,-10.493,3.4651,-10.688,-0.045368,-0.76287,1.8955,14.133,-7.7439,-5.4974,-0.60444,1.3364,-8.3155,5.9251,-16.388,-5.0879,-17.725,-13.531,13.502,-1.3906,6.2762,-5.7811,-16.941,4.2629,0,-22.242,10.055,-5.2565,9.6394,13.897,-7.1924,-0.84634,3.9791,-13.958,-9.6905,6.6769,10.588,7.6057,-5.3998,-10.216,-5.3257,-10.555,3.2078,16.513,20.132,-9.663,5.2292,10.738,12.595,-6.8181,-3.6521,-9.9676,4.4849,-6.977,-17.668,0.48923,3.9354,-7.4525,-1.8715,7.9993,-3.8194,1.057,-5.7491,12.497,24.547,25.836,15.998,-24.838,-10.465,3.6098,-8.8719,14.979,13.171,-12.626,12.159,-4.1367,9.5991,12.295,6.114,-22.242,0,-3.7625,14.939,-18.5,-14.905,7.8161,-0.75992,-13.326,9.1684,5.9788,-6.2505,-9.5757,-9.7031,14.321,5.0589,7.7305,13.265,3.9483,-25.989,-11.189,1.0544,-4.4118,-2.6624,-9.2406,12.221,0.43792,15.277,-13.248,9.9622,11.019,-6.44,-15.096,4.4298,-0.74501,-9.4587,8.6781,-1.2989,14.831,-26.596,-26.262,-32.514,-15.821,10.054,9.1268,-13.135,4.6466,-0.6048,-22.642,-4.2913,-1.5466,12.875,4.0029,-0.18819,-0.1732,10.055,-3.7625,0,10.548,9.8265,6.7482,7.929,-11.442,3.577,-29.466,2.1147,5.095,26.188,-0.53625,-5.83,-13.753,-9.1118,-14.173,0.83433,4.5507,2.8632,-4.3771,-1.1279,12.93,9.1784,-0.55927,-14.508,5.0703,-11.478,-2.4046,-14.208,-7.4818,-7.2585,-17.321,11.669,-8.8193,16.806,3.2195,-2.8806,-4.779,10.192,4.0343,0.58959,-12.953,-7.7873,2.5513,-2.8502,9.3608,-0.50092,-6.4855,10.314,2.6338,18.09,9.566,8.9,-5.2565,14.939,10.548,0,-7.0721,-2.6249,6.3875,-5.0535,-13.765,-3.0776,0.37509,1.7912,5.2814,-6.0455,6.2922,-3.9211,1.0094,6.7258,4.9121,-14.866,-4.0173,-2.8946,-6.6957,11.236,0.029669,19.31,-9.3692,18.039,-18.354,5.688,0.21567,-13.81,-18.703,-1.905,8.6077,-18.812,13.889,1.4919,13.658,-23.475,-8.8628,-9.5578,-8.3762,-2.4468,8.6044,-6.1484,-3.1565,-5.8128,-19.324,-0.92609,-15.908,2.7063,-8.6098,-5.2824,-18.16,9.6394,-18.5,9.8265,-7.0721,0,10.816,-1.5077,-9.2888,25.861,-12.997,-0.88746,-0.030852,20.714,0.27767,-26.811,-9.2696,-17.7,-20.707,-3.963,23.725,3.4474,4.6621,-2.9055,-2.1921,13.095,-12.761,-0.70604,-9.0639,6.458,-8.9873,-4.6414,0.90999,11.526,-6.6595,14.072,2.0555,-0.26314,-3.0711,-16.103,13.272,22.211,13.659,4.7399,-5.3176,-11.047,23.57,-4.0666,-0.41022,-6.4033,14.414,-4.7285,1.5753,-4.4508,-3.9275,0.2144,13.897,-14.905,6.7482,-2.6249,10.816,0,-2.5935,7.1485,4.7958,-4.712,-6.1995,7.854,9.3493,12.865,-17.704,-14.973,-16.858,-5.3822,-4.8649,10.887,4.045,-11.728,-8.8684,6.8988,6.5172,0.90665,-6.9574,0.31008,-0.20273,-27.892,-6.8037,-7.8748,14.042,2.6475,7.3516,-1.9637,-3.2734,2.5367,-12.847,7.2542,12.172,21.554,0.62611,-6.2205,0.7594,14.964,-4.6569,16.927,-4.1799,-11.308,-5.4738,14.848,6.4493,17.336,-3.5362,-7.1924,7.8161,7.929,6.3875,-1.5077,-2.5935,0,0.25426,1.8429,-6.5623,30.853,5.9581,2.0143,4.0765,-0.16535,1.1243,-0.20015,-6.8323,-12.797,-7.9078,-19.151,0.84574,1.4296,2.6001,-12.41,0.78995,-16.673,18.17,-18.249,-0.3872,-5.7993,-0.10397,-6.2242,-11.248,2.9396,-15.764,27.118,13.435,-6.2899,-14.927,-6.9203,-11.305,-11.325,8.9851,-0.18404,-4.0436,21.985,5.7862,11.4,16.445,-0.46989,0.28111,1.7738,4.6578,7.4502,-0.84634,-0.75992,-11.442,-5.0535,-9.2888,7.1485,0.25426,0,-7.4375,11.84,1.0299,10.476,-13.563,20.516,1.4309,5.404,4.4917,9.633,-10.17,-5.783,-4.968,-7.4158,0.10031,2.912,-14.614,7.2468,-4.0093,5.407,0.77277,-8.6132,-0.80565,2.2223,8.3925,10.135,-9.7546,-1.2672,-7.0889,10.775,-4.0363,0.76885,-7.4519,3.1057,-1.6759,7.8538,12.976,-1.7086,7.7881,-3.2741,-11.427,-5.0864,-17.639,1.3131,-14.989,-4.2065,-26.112,3.9791,-13.326,3.577,-13.765,25.861,4.7958,1.8429,-7.4375,0,-7.8474,4.806,-4.137,9.4491,-0.63918,-19.646,-4.8628,-13.561,-22.569,-6.0251,20.999,-0.66999,6.5154,-0.57155,-10.489,6.7061,-22.912,2.9329,-9.93,6.8149,-7.8196,-1.2179,4.9065,13.375,-5.9576,7.3803,5.5385,-0.098539,-3.4862,-21.257,12.669,15.005,6.9894,1.4441,1.203,-15.083,16.316,2.4806,6.1694,36.277,3.0165,6.3989,-17.746,-1.3242,3.039,3.235,-13.958,9.1684,-29.466,-3.0776,-12.997,-4.712,-6.5623,11.84,-7.8474,0,-3.6613,-6.7164,-23.593,-1.5565,5.7376,8.0591,5.5305,22.18,1.3584,-8.8926,-4.985,0.61051,-6.1511,-10.959,-8.2252,7.1206,12.231,0.9462,4.6306,0.20158,20.822,-0.76587,4.987,28.179,-6.3362,3.1559,-12.552,-5.143,6.0784,-1.1041,-14.941,-6.6077,-7.2058,13.944,13.404,-2.267,0.5963,13.363,-2.8507,-11.531,-10.429,13.54,4.5601,17.353,-8.1886,-9.6905,5.9788,2.1147,0.37509,-0.88746,-6.1995,30.853,1.0299,4.806,-3.6613,0,5.3505,-1.2511,4.4263,-0.031531,7.541,3.1745,-6.8976,-17.197,-6.5906,-22.047,6.9278,5.5554,-1.8256,-16.711,-2.9989,-10.868,10.908,-8.7033,2.2016,-3.9054,7.0877,-3.0615,-10.47,-0.044697,-10.203,16.418,13.903,-8.1112,-8.7956,-7.6326,-11.958,-7.5614,14.053,-0.66649,-3.3067,33.562,1.1523,-7.6725,11.434,-8.8866,20.249,13.178,7.9509,3.5684,6.6769,-6.2505,5.095,1.7912,-0.030852,7.854,5.9581,10.476,-4.137,-6.7164,5.3505,0,3.838,24.309,-1.4673,5.1582,5.0499,-1.4117,-15.761,-3.3952,-3.4636,-0.60632,8.2565,20.459,-9.2803,6.4497,-22.463,6.6995,-1.4961,-2.0613,-18.629,6.5792,0.16996,-7.4976,-1.5771,-9.6543,3.5804,30.476,-5.0861,-0.067558,-0.20668,6.4089,7.3269,-1.3238,7.5544,-0.13261,7.6703,-3.5809,-28.842,-2.666,-7.388,8.0185,1.4867,-1.7591,-7.1019,10.588,-9.5757,26.188,5.2814,20.714,9.3493,2.0143,-13.563,9.4491,-23.593,-1.2511,3.838,0,-1.3903,-13.822,-12.362,-13.352,-15.596,-0.47219,10.535,3.9872,1.3796,-3.1103,8.1039,14.022,-2.9448,-8.5738,-0.84034,-2.4667,-3.9607,-9.6507,-4.7954,-0.32319,-12.243,18.928,-5.9895,7.9974,-0.010162,-5.8499,2.4632,15.582,9.037,3.6649,-11.608,-7.1735,11.837,-6.5369,1.5125,-2.4826,17.189,-9.1268,11.894,2.8788,3.854,2.7792,7.6057,-9.7031,-0.53625,-6.0455,0.27767,12.865,4.0765,20.516,-0.63918,-1.5565,4.4263,24.309,-1.3903,0,-4.4445,2.8015,1.3879,-1.8382,-17.743,0.79481,-3.0248,-5.4034,5.4378,10.082,-10.125,1.8739,-13.514,3.6355,0.83317,-10.182,-13.452,6.1464,8.5824,-1.7398,-5.4356,-3.2809,-1.6356,21.261,-11.883,4.3981,1.4639,9.9915,4.7334,1.5255,5.366,2.1668,9.5217,-1.4252,10.317,-1.8555,15.668,-0.072672,7.7966,0.52687,16.316,-5.3998,14.321,-5.83,6.2922,-26.811,-17.704,-0.16535,1.4309,-19.646,5.7376,-0.031531,-1.4673,-13.822,-4.4445,0,10.315,24.293,12.399,8.407,-16.005,1.8786,-1.4407,9.712,3.0792,-7.4618,6.4354,2.3028,3.0811,-3.7266,18.43,0.9746,3.0188,-18.899,-0.15547,-16.518,1.9783,1.3428,1.2192,20.838,-9.947,-13.223,-12.84,1.6581,-0.55792,3.3967,-37.83,1.4385,0.47916,6.3148,-0.58457,-5.0515,3.1557,8.5919,8.6689,-1.6698,-10.216,5.0589,-13.753,-3.9211,-9.2696,-14.973,1.1243,5.404,-4.8628,8.0591,7.541,5.1582,-12.362,2.8015,10.315,0,24.301,7.7778,-7.6487,-10.476,-7.5363,15.583,14.097,-2.1014,-17.435,1.8248,1.4643,-0.62657,7.7383,15.054,1.8662,20.833,-2.8893,0.0012846,-10.541,0.20905,-3.4385,8.6523,4.4992,-0.051631,-12.865,-8.8178,5.344,11.37,7.7862,-7.8098,10.568,-2.829,6.9749,1.1992,3.9668,4.1748,10.797,3.8633,8.4602,-5.3257,7.7305,-9.1118,1.0094,-17.7,-16.858,-0.20015,4.4917,-13.561,5.5305,3.1745,5.0499,-13.352,1.3879,24.293,24.301,0,10.438,-0.10781,-13.938,-1.0243,6.0065,17.817,3.7053,-13.158,4.6965,0.27926,0.55002,2.9216,20.738,-1.7365,13.502,-11.231,-1.8946,-17.57,1.5316,-1.5313,7.6496,12.406,-3.9089,-12.648,-9.1785,7.3367,2.9418,5.9763,-20.118,5.852,5.0186,23.041,4.7693,12.953,-11.097,8.6831,4.6819,12.352,-10.555,13.265,-14.173,6.7258,-20.707,-5.3822,-6.8323,9.633,-22.569,22.18,-6.8976,-1.4117,-15.596,-1.8382,12.399,7.7778,10.438,0,4.9103,-17.358,-2.0788,-1.3618,-4.4685,0.28854,-7.0857,19.616,5.2941,5.561,0.16349,5.4408,12.205,-3.8248,-3.9677,18.53,-5.3098,-2.3028,-7.7374,-1.9702,17.222,-6.9129,-18.71,-7.4003,-4.221,6.0094,21.71,-7.5928,-3.4117,-9.5944,3.944,-2.0505,21.738,-12.625,-4.7462,-15.323,9.4343,3.2078,3.9483,0.83433,4.9121,-3.963,-4.8649,-12.797,-10.17,-6.0251,1.3584,-17.197,-15.761,-0.47219,-17.743,8.407,-7.6487,-0.10781,4.9103,0,1.635,16.902,-6.2739,-3.4617,-1.926,15.68,0.34585,13.051,-6.9208,0.23899,5.8211,6.1859,-9.2531,-8.1142,4.1026,-1.8081,9.6135,-4.3134,-20.983,16.049,-0.76878,3.0574,-0.66244,1.6803,-12.849,-5.6707,-6.1629,-20.728,-14.049,-11.745,4.2607,-8.3069,-1.329,-19.389,-17.381,-9.6603,16.513,-25.989,4.5507,-14.866,23.725,10.887,-7.9078,-5.783,20.999,-8.8926,-6.5906,-3.3952,10.535,0.79481,-16.005,-10.476,-13.938,-17.358,1.635,0,12.23,-1.3221,-0.040585,-4.3718,16.644,-19.871,5.3981,-18.863,10.879,-10.196,-4.6064,1.9985,14.122,-3.4774,3.5274,13.291,-7.0077,-7.1448,-13.983,22.753,35.098,20.11,8.9875,-9.8858,-17.522,14.49,-7.3941,-28.259,-4.2087,9.4879,7.6153,-4.1414,-7.6711,-32.482,7.6552,20.132,-11.189,2.8632,-4.0173,3.4474,4.045,-19.151,-4.968,-0.66999,-4.985,-22.047,-3.4636,3.9872,-3.0248,1.8786,-7.5363,-1.0243,-2.0788,16.902,12.23,0,-7.4594,3.7307,3.959,18.908,-5.4277,7.6945,-17,8.4897,0.40755,-4.9347,-1.0845,0.015038,-0.67616,-4.8741,16.671,-10.258,-9.6789,4.6181,11.785,15.727,14.404,15.882,-27.157,-9.7787,-0.84498,-20.6,-0.31025,-3.2403,-9.2314,-12.858,1.3822,4.7556,7.555,-16.56,-9.663,1.0544,-4.3771,-2.8946,4.6621,-11.728,0.84574,-7.4158,6.5154,0.61051,6.9278,-0.60632,1.3796,-5.4034,-1.4407,15.583,6.0065,-1.3618,-6.2739,-1.3221,-7.4594,0,5.9743,-6.6636,-3.8894,-3.5844,3.4474,-4.3056,9.6678,12.27,4.5223,14.079,-0.09701,-3.526,4.0818,-1.5301,-0.44824,1.0874,0.11902,3.1429,-3.4614,-6.2271,3.8556,8.8332,1.4282,3.9721,4.5322,-11.02,-5.2988,2.1197,-4.6811,13.316,2.983,-2.4219,1.6118,5.2292,-4.4118,-1.1279,-6.6957,-2.9055,-8.8684,1.4296,0.10031,-0.57155,-6.1511,5.5554,8.2565,-3.1103,5.4378,9.712,14.097,17.817,-4.4685,-3.4617,-0.040585,3.7307,5.9743,0,4.9028,-6.2673,-7.4151,-2.7704,-6.6039,6.2372,12.536,-13.213,24.42,-5.7021,-13.825,-15.83,6.4107,0.29325,10.244,0.55173,4.5759,1.3988,0.099919,17.553,-3.5206,-6.0885,-11.04,7.1209,-2.0232,-9.0275,9.0965,1.8689,15.16,15.589,2.3919,12.339,10.738,-2.6624,12.93,11.236,-2.1921,6.8988,2.6001,2.912,-10.489,-10.959,-1.8256,20.459,8.1039,10.082,3.0792,-2.1014,3.7053,0.28854,-1.926,-4.3718,3.959,-6.6636,4.9028,0,-0.52023,10.767,-19.858,7.525,-6.8602,0.90573,-19.062,-2.0912,-8.5317,-8.6296,0.41423,-9.608,6.4581,13.481,3.6607,-4.75,1.6517,5.7568,7.0926,-11.687,4.9891,-4.4594,-1.8446,-13.065,-8.8079,0.32953,3.7914,-6.8761,-9.4359,-18.545,-1.5377,12.595,-9.2406,9.1784,0.029669,13.095,6.5172,-12.41,-14.614,6.7061,-8.2252,-16.711,-9.2803,14.022,-10.125,-7.4618,-17.435,-13.158,-7.0857,15.68,16.644,18.908,-3.8894,-6.2673,-0.52023,0,-6.1997,7.3693,-11.979,4.1723,-3.5668,0.13597,-8.5731,1.9325,-0.77932,8.6611,8.1015,-4.0979,-17.369,0.90098,8.4253,19.663,11.507,5.2896,-18.811,-11.603,8.5211,-25.011,10.519,7.9018,3.7885,8.9897,-1.3494,20.218,11.536,12.489,-6.8181,12.221,-0.55927,19.31,-12.761,0.90665,0.78995,7.2468,-22.912,7.1206,-2.9989,6.4497,-2.9448,1.8739,6.4354,1.8248,4.6965,19.616,0.34585,-19.871,-5.4277,-3.5844,-7.4151,10.767,-6.1997,0,-7.0197,16.789,-8.7413,2.0469,3.3883,-9.5914,-7.588,8.1241,3.2895,-15.733,2.2668,4.6928,12.698,-14.203,-14.976,-5.6216,-6.6364,2.6907,27.26,-4.377,-2.1316,-7.9508,10.566,-1.7584,5.7693,-24.974,-13.767,-12.131,-2.8415,-3.6521,0.43792,-14.508,-9.3692,-0.70604,-6.9574,-16.673,-4.0093,2.9329,12.231,-10.868,-22.463,-8.5738,-13.514,2.3028,1.4643,0.27926,5.2941,13.051,5.3981,7.6945,3.4474,-2.7704,-19.858,7.3693,-7.0197,0,-16.072,13.38,3.1896,17.688,1.0969,5.1218,12.318,-4.2245,19.238,-16.526,-23.636,5.1285,8.8836,1.1584,-0.67127,1.3365,1.0734,-4.2108,1.1845,-9.6314,26.276,3.327,-4.7901,3.3317,6.2951,14.785,21.856,5.5285,-9.9676,15.277,5.0703,18.039,-9.0639,0.31008,18.17,5.407,-9.93,0.9462,10.908,6.6995,-0.84034,3.6355,3.0811,-0.62657,0.55002,5.561,-6.9208,-18.863,-17,-4.3056,-6.6039,7.525,-11.979,16.789,-16.072,0,-25.231,-1.3792,-0.40785,-9.3433,-8.4556,-0.33733,4.9592,-28.239,16.706,10.438,2.5314,-27.427,-15.123,-11.771,-16.929,8.1987,12.448,-5.0655,9.7545,-15.816,0.16761,8.1794,-7.6335,-6.3191,-7.3798,-9.8229,-7.1161,4.4849,-13.248,-11.478,-18.354,6.458,-0.20273,-18.249,0.77277,6.8149,4.6306,-8.7033,-1.4961,-2.4667,0.83317,-3.7266,7.7383,2.9216,0.16349,0.23899,10.879,8.4897,9.6678,6.2372,-6.8602,4.1723,-8.7413,13.38,-25.231,0,1.8229,2.8096,13.909,12.206,4.7363,-4.4632,16.347,-23.879,-4.8473,-2.6127,27.251,7.2895,10.316,16.153,-1.1646,-2.1409,7.3641,-5.8464,-4.228,1.2766,-8.6688,4.3758,2.1332,10.187,2.5857,2.5829,-6.977,9.9622,-2.4046,5.688,-8.9873,-27.892,-0.3872,-8.6132,-7.8196,0.20158,2.2016,-2.0613,-3.9607,-10.182,18.43,15.054,20.738,5.4408,5.8211,-10.196,0.40755,12.27,12.536,0.90573,-3.5668,2.0469,3.1896,-1.3792,1.8229,0,1.2322,8.8931,-18.547,-5.8513,-5.9958,0.53513,2.7689,0.016251,17.217,-5.5437,-8.4126,-12.965,5.9051,-0.16768,0.64565,-14.538,0.39435,6.785,17.728,-6.7917,5.9656,-27.012,-4.1849,2.0305,-3.686,-17.668,11.019,-14.208,0.21567,-4.6414,-6.8037,-5.7993,-0.80565,-1.2179,20.822,-3.9054,-18.629,-9.6507,-13.452,0.9746,1.8662,-1.7365,12.205,6.1859,-4.6064,-4.9347,4.5223,-13.213,-19.062,0.13597,3.3883,17.688,-0.40785,2.8096,1.2322,0,-5.807,3.2006,20.357,3.2091,2.0674,-7.2037,-15.601,6.367,-2.3621,-9.7111,-9.3942,-11.99,11.837,6.4118,2.6142,-3.8423,-7.8911,-2.915,1.8705,-12.854,7.9226,0.34984,0.45902,-6.7109,0.48923,-6.44,-7.4818,-13.81,0.90999,-7.8748,-0.10397,2.2223,4.9065,-0.76587,7.0877,6.5792,-4.7954,6.1464,3.0188,20.833,13.502,-3.8248,-9.2531,1.9985,-1.0845,14.079,24.42,-2.0912,-8.5731,-9.5914,1.0969,-9.3433,13.909,8.8931,-5.807,0,2.4888,-7.1457,-11.081,6.9791,-4.6113,8.7627,-4.3107,9.8112,0.43497,0.65463,14.427,3.942,-3.0559,-2.6896,9.5732,-1.4007,0.73363,9.5288,-11.813,-5.9211,-13.663,-4.1722,-10.493,3.9354,-15.096,-7.2585,-18.703,11.526,14.042,-6.2242,8.3925,13.375,4.987,-3.0615,0.16996,-0.32319,8.5824,-18.899,-2.8893,-11.231,-3.9677,-8.1142,14.122,0.015038,-0.09701,-5.7021,-8.5317,1.9325,-7.588,5.1218,-8.4556,12.206,-18.547,3.2006,2.4888,0,8.8308,2.4237,6.7428,-13.508,-1.9355,-18.448,17.979,8.3389,14.01,0.98492,4.6123,-0.51995,19.931,0.015708,4.4128,22.26,6.4045,7.3299,-24.629,-3.7101,-0.76102,3.4651,-7.4525,4.4298,-17.321,-1.905,-6.6595,2.6475,-11.248,10.135,-5.9576,28.179,-10.47,-7.4976,-12.243,-1.7398,-0.15547,0.0012846,-1.8946,18.53,4.1026,-3.4774,-0.67616,-3.526,-13.825,-8.6296,-0.77932,8.1241,12.318,-0.33733,4.7363,-5.8513,20.357,-7.1457,8.8308,0,-0.62661,3.1274,-15.521,-9.3406,4.3937,1.4915,-7.369,-0.14027,-7.2644,7.4458,12.506,3.7402,-6.1806,6.9069,-9.208,-7.0316,-5.7846,-0.99708,2.6372,5.7859,-10.688,-1.8715,-0.74501,11.669,8.6077,14.072,7.3516,2.9396,-9.7546,7.3803,-6.3362,-0.044697,-1.5771,18.928,-5.4356,-16.518,-10.541,-17.57,-5.3098,-1.8081,3.5274,-4.8741,4.0818,-15.83,0.41423,8.6611,3.2895,-4.2245,4.9592,-4.4632,-5.9958,3.2091,-11.081,2.4237,-0.62661,0,-12.126,6.5891,-3.9085,-3.9119,-2.5661,4.179,1.5697,-7.5347,0.1348,1.6805,17.332,-5.1003,-19.952,2.9117,5.2546,2.5182,-8.7822,-19.425,-25.37,-0.045368,7.9993,-9.4587,-8.8193,-18.812,2.0555,-1.9637,-15.764,-1.2672,5.5385,3.1559,-10.203,-9.6543,-5.9895,-3.2809,1.9783,0.20905,1.5316,-2.3028,9.6135,13.291,16.671,-1.5301,6.4107,-9.608,8.1015,-15.733,19.238,-28.239,16.347,0.53513,2.0674,6.9791,6.7428,3.1274,-12.126,0,-16.649,-11.329,-0.76694,17.867,9.9159,7.8086,11.215,-6.504,-12.599,-0.88053,-7.2189,11.302,-8.4494,-14.45,-0.74912,14.334,8.5764,11.737,-0.76287,-3.8194,8.6781,16.806,13.889,-0.26314,-3.2734,27.118,-7.0889,-0.098539,-12.552,16.418,3.5804,7.9974,-1.6356,1.3428,-3.4385,-1.5313,-7.7374,-4.3134,-7.0077,-10.258,-0.44824,0.29325,6.4581,-4.0979,2.2668,-16.526,16.706,-23.879,2.7689,-7.2037,-4.6113,-13.508,-15.521,6.5891,-16.649,0,8.0272,-0.78652,-18.504,-3.6884,-10.613,-9.0862,1.1582,-2.6985,-5.2336,9.68,5.7997,-4.9796,5.0755,-9.4476,24.162,12.908,13.185,1.8955,1.057,-1.2989,3.2195,1.4919,-3.0711,2.5367,13.435,10.775,-3.4862,-5.143,13.903,30.476,-0.010162,21.261,1.2192,8.6523,7.6496,-1.9702,-20.983,-7.1448,-9.6789,1.0874,10.244,13.481,-17.369,4.6928,-23.636,10.438,-4.8473,0.016251,-15.601,8.7627,-1.9355,-9.3406,-3.9085,-11.329,8.0272,0,-5.9084,-4.1845,-4.8067,-0.25747,2.7439,4.2451,6.5515,-3.8507,17.251,-1.7761,8.7122,-2.5814,20.182,-6.426,10.276,-0.32464,14.133,-5.7491,14.831,-2.8806,13.658,-16.103,-12.847,-6.2899,-4.0363,-21.257,6.0784,-8.1112,-5.0861,-5.8499,-11.883,20.838,4.4992,12.406,17.222,16.049,-13.983,4.6181,0.11902,0.55173,3.6607,0.90098,12.698,5.1285,2.5314,-2.6127,17.217,6.367,-4.3107,-18.448,4.3937,-3.9119,-0.76694,-0.78652,-5.9084,0,-9.791,-10.652,-9.9463,0.38359,-3.7719,7.0286,-14.487,-8.8972,-18.021,-5.015,10.877,-9.7431,-3.2527,-13.535,-15.02,-7.7439,12.497,-26.596,-4.779,-23.475,13.272,7.2542,-14.927,0.76885,12.669,-1.1041,-8.7956,-0.067558,2.4632,4.3981,-9.947,-0.051631,-3.9089,-6.9129,-0.76878,22.753,11.785,3.1429,4.5759,-4.75,8.4253,-14.203,8.8836,-27.427,27.251,-5.5437,-2.3621,9.8112,17.979,1.4915,-2.5661,17.867,-18.504,-4.1845,-9.791,0,17.302,20.411,16.176,-5.5556,-7.7982,11.684,-6.2392,-16.246,-17.279,5.2027,-6.1899,2.4148,-12.638,-17.779,-5.4974,24.547,-26.262,10.192,-8.8628,22.211,12.172,-6.9203,-7.4519,15.005,-14.941,-7.6326,-0.20668,15.582,1.4639,-13.223,-12.865,-12.648,-18.71,3.0574,35.098,15.727,-3.4614,1.3988,1.6517,19.663,-14.976,1.1584,-15.123,7.2895,-8.4126,-9.7111,0.43497,8.3389,-7.369,4.179,9.9159,-3.6884,-4.8067,-10.652,17.302,0,22.633,11.528,-16.94,-17.699,11.25,-9.3836,-13.652,-9.4481,18.869,-5.9236,1.1695,-7.7177,-13.672,-0.60444,25.836,-32.514,4.0343,-9.5578,13.659,21.554,-11.305,3.1057,6.9894,-6.6077,-11.958,6.4089,9.037,9.9915,-12.84,-8.8178,-9.1785,-7.4003,-0.66244,20.11,14.404,-6.2271,0.099919,5.7568,11.507,-5.6216,-0.67127,-11.771,10.316,-12.965,-9.3942,0.65463,14.01,-0.14027,1.5697,7.8086,-10.613,-0.25747,-9.9463,20.411,22.633,0,13.239,-13.259,-4.8487,12.579,-9.4943,-27.96,-9.0987,10.811,-4.5923,5.8467,-0.25424,-11.723,1.3364,15.998,-15.821,0.58959,-8.3762,4.7399,0.62611,-11.325,-1.6759,1.4441,-7.2058,-7.5614,7.3269,3.6649,4.7334,1.6581,5.344,7.3367,-4.221,1.6803,8.9875,15.882,3.8556,17.553,7.0926,5.2896,-6.6364,1.3365,-16.929,16.153,5.9051,-11.99,14.427,0.98492,-7.2644,-7.5347,11.215,-9.0862,2.7439,0.38359,16.176,11.528,13.239,0,-13.384,-5.8095,-0.56157,-5.9927,18.517,11.529,-6.6659,-6.2148,-2.9853,2.0251,17.867,-8.3155,-24.838,10.054,-12.953,-2.4468,-5.3176,-6.2205,8.9851,7.8538,1.203,13.944,14.053,-1.3238,-11.608,1.5255,-0.55792,11.37,2.9418,6.0094,-12.849,-9.8858,-27.157,8.8332,-3.5206,-11.687,-18.811,2.6907,1.0734,8.1987,-1.1646,-0.16768,11.837,3.942,4.6123,7.4458,0.1348,-6.504,1.1582,4.2451,-3.7719,-5.5556,-16.94,-13.259,-13.384,0,9.9387,1.1044,16.604,11.726,11.271,5.7343,2.323,-2.8665,15.983,14.766,5.9251,-10.465,9.1268,-7.7873,8.6044,-11.047,0.7594,-0.18404,12.976,-15.083,13.404,-0.66649,7.5544,-7.1735,5.366,3.3967,7.7862,5.9763,21.71,-5.6707,-17.522,-9.7787,1.4282,-6.0885,4.9891,-11.603,27.26,-4.2108,12.448,-2.1409,0.64565,6.4118,-3.0559,-0.51995,12.506,1.6805,-12.599,-2.6985,6.5515,7.0286,-7.7982,-17.699,-4.8487,-5.8095,9.9387,0,-0.65247,1.9415,0.19,-7.4316,2.6523,-13.966,-3.7047,-6.7439,-0.9724,-16.388,3.6098,-13.135,2.5513,-6.1484,23.57,14.964,-4.0436,-1.7086,16.316,-2.267,-3.3067,-0.13261,11.837,2.1668,-37.83,-7.8098,-20.118,-7.5928,-6.1629,14.49,-0.84498,3.9721,-11.04,-4.4594,8.5211,-4.377,1.1845,-5.0655,7.3641,-14.538,2.6142,-2.6896,19.931,3.7402,17.332,-0.88053,-5.2336,-3.8507,-14.487,11.684,11.25,12.579,-0.56157,1.1044,-0.65247,0,-4.5718,12.425,1.2354,-5.1189,-9.7997,11.914,3.5727,15.737,-5.0879,-8.8719,4.6466,-2.8502,-3.1565,-4.0666,-4.6569,21.985,7.7881,2.4806,0.5963,33.562,7.6703,-6.5369,9.5217,1.4385,10.568,5.852,-3.4117,-20.728,-7.3941,-20.6,4.5322,7.1209,-1.8446,-25.011,-2.1316,-9.6314,9.7545,-5.8464,0.39435,-3.8423,9.5732,0.015708,-6.1806,-5.1003,-7.2189,9.68,17.251,-8.8972,-6.2392,-9.3836,-9.4943,-5.9927,16.604,1.9415,-4.5718,0
