0,2.5911,-4.6569,3.841,4.8638,5.9055,9.0918,3.2873,-0.29661,-4.5942,0.16469,-5.9374,0.32713,-3.6827,-0.11212,-4.2464,-12.775,-5.9257,1.5153,6.6104,1.6605,2.5911,0,4.7707,9.7846,-5.8057,-1.1869,9.1287,15.989,-14.854,-21.247,-4.9736,-10.009,-1.5768,12.627,-19.051,-8.2235,-5.3899,-7.231,14.98,-5.5175,-6.1829,-4.6569,4.7707,0,4.9186,-12.303,2.6627,-3.1767,3.328,-4.3742,-4.3513,2.9744,1.9911,7.5937,8.5703,-4.2478,-8.2418,5.7387,0.93532,2.5283,-4.9581,-12.345,3.841,9.7846,4.9186,0,-3.4113,4.4311,7.6394,15.784,-10.664,-13.552,0.19204,-6.7478,0.70572,6.5861,-5.8837,-11.364,-2.2996,-6.2049,10.463,1.4876,-10.279,4.8638,-5.8057,-12.303,-3.4113,0,1.3063,2.2861,-3.3001,7.1673,4.1785,-2.6645,-2.2595,-3.2093,-8.8945,6.221,7.0118,-2.9445,-3.8317,-2.5586,7.6391,11.525,5.9055,-1.1869,2.6627,4.4311,1.3063,0,-0.28583,0.18723,2.6762,-1.2801,8.1321,1.5466,10.734,-3.6836,4.5487,-7.1226,0.3345,-1.2065,-2.3982,8.9654,-3.4661,9.0918,9.1287,-3.1767,7.6394,2.2861,-0.28583,0,11.467,-7.3736,-10.784,-6.3434,-18.59,-5.722,3.1313,-7.0274,-3.4097,-12.45,-11.487,10.845,0.96428,-0.19161,3.2873,15.989,3.328,15.784,-3.3001,0.18723,11.467,0,-15.821,-19.499,-4.2089,-11.707,-2.7493,9.9106,-11.269,-7.6349,-4.5362,-8.7156,19.993,-1.7849,-6.8159,-0.29661,-14.854,-4.3742,-10.664,7.1673,2.6762,-7.3736,-15.821,0,12.984,3.2312,7.1214,3.7028,-12.466,13.187,6.6981,3.0007,3.7511,-14.364,4.5487,8.5418,-4.5942,-21.247,-4.3513,-13.552,4.1785,-1.2801,-10.784,-19.499,12.984,0,3.6095,10.893,0.60282,-9.6275,12.643,10.22,5.8514,8.8035,-14.581,2.5595,6.7085,0.16469,-4.9736,2.9744,0.19204,-2.6645,8.1321,-6.3434,-4.2089,3.2312,3.6095,0,10.207,8.7843,-5.0159,7.471,-4.07,4.1913,8.6041,-7.6302,5.9171,-4.6283,-5.9374,-10.009,1.9911,-6.7478,-2.2595,1.5466,-18.59,-11.707,7.1214,10.893,10.207,0,5.8836,-5.1617,8.8671,2.1729,8.9793,16.549,-13.679,1.1621,-0.3727,0.32713,-1.5768,7.5937,0.70572,-3.2093,10.734,-5.722,-2.7493,3.7028,0.60282,8.7843,5.8836,0,-1.3388,3.2543,-6.2257,4.045,2.4491,-4.8009,1.8228,-4.268,-3.6827,12.627,8.5703,6.5861,-8.8945,-3.6836,3.1313,9.9106,-12.466,-9.6275,-5.0159,-5.1617,-1.3388,0,-15.21,-4.8215,0.63553,-3.8797,11.788,-9.9621,-7.4906,-0.11212,-19.051,-4.2478,-5.8837,6.221,4.5487,-7.0274,-11.269,13.187,12.643,7.471,8.8671,3.2543,-15.21,0,4.6918,4.2958,5.8913,-13.514,9.5014,4.2579,-4.2464,-8.2235,-8.2418,-11.364,7.0118,-7.1226,-3.4097,-7.6349,6.6981,10.22,-4.07,2.1729,-6.2257,-4.8215,4.6918,0,2.1703,2.1993,-4.3809,-0.34924,12.101,-12.775,-5.3899,5.7387,-2.2996,-2.9445,0.3345,-12.45,-4.5362,3.0007,5.8514,4.1913,8.9793,4.045,0.63553,4.2958,2.1703,0,6.1123,-3.9686,-1.0334,-2.9188,-5.9257,-7.231,0.93532,-6.2049,-3.8317,-1.2065,-11.487,-8.7156,3.7511,8.8035,8.6041,16.549,2.4491,-3.8797,5.8913,2.1993,6.1123,0,-9.8282,-0.16633,-0.89626,1.5153,14.98,2.5283,10.463,-2.5586,-2.3982,10.845,19.993,-14.364,-14.581,-7.6302,-13.679,-4.8009,11.788,-13.514,-4.3809,-3.9686,-9.8282,0,-3.7901,-4.5128,6.6104,-5.5175,-4.9581,1.4876,7.6391,8.9654,0.96428,-1.7849,4.5487,2.5595,5.9171,1.1621,1.8228,-9.9621,9.5014,-0.34924,-1.0334,-0.16633,-3.7901,0,1.413,1.6605,-6.1829,-12.345,-10.279,11.525,-3.4661,-0.19161,-6.8159,8.5418,6.7085,-4.6283,-0.3727,-4.268,-7.4906,4.2579,12.101,-2.9188,-0.89626,-4.5128,1.413,0
