0,-9.6954,-9.8566,0.42665,5.161,4.6406,-1.2718,5.2284,10.698,-7.9669,-8.0384,-7.5279,9.1631,1.2881,5.2122,-0.010182,-8.7824,-7.4366,2.4568,3.0194,2.7296,-9.6954,0,9.8873,-2.3762,-2.3726,-5.6689,2.0741,-7.2137,-7.0542,9.4052,7.9509,9.3045,-10.542,0.70138,-9.3917,0.058487,10.796,3.519,-5.1644,-2.767,-0.36113,-9.8566,9.8873,0,-6.1775,-1.7865,-4.5515,4.1728,-14.392,-8.6698,5.4512,9.1747,13.165,-8.7838,-4.062,-6.4422,1.6032,8.3728,6.0554,-10.065,-6.8225,1.3739,0.42665,-2.3762,-6.1775,0,-0.55296,0.64161,-0.2055,8.9435,-1.3699,0.20154,-1.3648,-5.4981,-0.69366,6.5078,4.478,-2.9904,-2.8654,-2.4324,9.112,7.7663,-6.5068,5.161,-2.3726,-1.7865,-0.55296,0,3.9298,5.0425,0.040161,1.4084,-2.5243,-3.3269,-2.2437,-0.82607,2.3738,0.96427,2.8632,-6.1398,-2.5937,-0.65734,2.1051,1.7819,4.6406,-5.6689,-4.5515,0.64161,3.9298,0,1.8252,3.1494,3.9218,-1.2149,-6.777,-5.0243,4.3755,0.54753,1.1306,-0.54095,-5.2182,-7.184,3.8201,6.1861,-2.4341,-1.2718,2.0741,4.1728,-0.2055,5.0425,1.8252,0,-4.3014,-5.394,2.8188,2.461,2.0415,-6.6599,2.2337,-2.102,-0.94062,0.33704,-1.0918,-2.7524,0.6271,-1.4821,5.2284,-7.2137,-14.392,8.9435,0.040161,3.1494,-4.3014,0,5.0804,-3.3071,-6.1052,-12.756,5.835,4.6924,6.2838,-3.145,-6.1906,-4.3735,16.036,6.4381,-2.9628,10.698,-7.0542,-8.6698,-1.3699,1.4084,3.9218,-5.394,5.0804,0,-5.7453,-7.4811,-6.4948,11.289,0.47359,2.246,1.713,-3.7357,-4.256,2.8305,1.7712,5.5553,-7.9669,9.4052,5.4512,0.20154,-2.5243,-1.2149,2.8188,-3.3071,-5.7453,0,6.559,4.7628,-7.331,3.0753,-9.7702,-0.66271,8.2327,-0.32576,-0.3028,0.89997,-2.8575,-8.0384,7.9509,9.1747,-1.3648,-3.3269,-6.777,2.461,-6.1052,-7.4811,6.559,0,8.0575,-7.7841,-1.4863,-4.2192,0.97286,7.5577,5.9318,-4.1476,-3.3636,-0.75331,-7.5279,9.3045,13.165,-5.4981,-2.2437,-5.0243,2.0415,-12.756,-6.4948,4.7628,8.0575,0,-6.4023,-4.52,-7.2338,3.0236,7.8881,5.5414,-11.173,-6.0777,1.3797,9.1631,-10.542,-8.7838,-0.69366,-0.82607,4.3755,-6.6599,5.835,11.289,-7.331,-7.7841,-6.4023,0,-3.1802,4.9859,-0.09499,-5.8157,-4.4458,3.4351,1.6711,2.1873,1.2881,0.70138,-4.062,6.5078,2.3738,0.54753,2.2337,4.6924,0.47359,3.0753,-1.4863,-4.52,-3.1802,0,-1.2053,-1.2389,0.44889,-3.778,5.8308,6.9043,-2.0881,5.2122,-9.3917,-6.4422,4.478,0.96427,1.1306,-2.102,6.2838,2.246,-9.7702,-4.2192,-7.2338,4.9859,-1.2053,0,-1.8075,-8.9608,-0.27213,3.6582,0.91073,-2.0399,-0.010182,0.058487,1.6032,-2.9904,2.8632,-0.54095,-0.94062,-3.145,1.713,-0.66271,0.97286,3.0236,-0.09499,-1.2389,-1.8075,0,1.1593,2.5076,-3.184,-0.24764,4.0087,-8.7824,10.796,8.3728,-2.8654,-6.1398,-5.2182,0.33704,-6.1906,-3.7357,8.2327,7.5577,7.8881,-5.8157,0.44889,-8.9608,1.1593,0,3.7122,-4.1121,-2.6667,1.9368,-7.4366,3.519,6.0554,-2.4324,-2.5937,-7.184,-1.0918,-4.3735,-4.256,-0.32576,5.9318,5.5414,-4.4458,-3.778,-0.27213,2.5076,3.7122,0,-4.0253,-7.0032,2.0636,2.4568,-5.1644,-10.065,9.112,-0.65734,3.8201,-2.7524,16.036,2.8305,-0.3028,-4.1476,-11.173,3.4351,5.8308,3.6582,-3.184,-4.1121,-4.0253,0,7.7606,-4.425,3.0194,-2.767,-6.8225,7.7663,2.1051,6.1861,0.6271,6.4381,1.7712,0.89997,-3.3636,-6.0777,1.6711,6.9043,0.91073,-0.24764,-2.6667,-7.0032,7.7606,0,-5.4099,2.7296,-0.36113,1.3739,-6.5068,1.7819,-2.4341,-1.4821,-2.9628,5.5553,-2.8575,-0.75331,1.3797,2.1873,-2.0881,-2.0399,4.0087,1.9368,2.0636,-4.425,-5.4099,0
