0,14.775,-2.9385,-14.765,7.047,-13.255,0.54472,-1.2157,3.5701,5.9274,-9.2281,-11.021,15.497,-12.027,-10.349,4.2113,-4.5412,9.6895,31.802,-7.1602,-4.6543,10.798,2.989,3.8508,-18.339,-19.37,-11.073,-22.981,5.0581,-0.53914,-3.5005,-12.385,-14.406,12.212,5.7943,8.727,-0.93433,-7.4219,-5.2015,14.182,1.0127,13.195,26.376,-4.8517,-13.598,6.5007,-11.888,12.939,26.949,-19.543,4.4242,27.802,5.6841,-8.3829,-4.3998,14.775,0,2.0735,-8.5715,-5.3217,-15.261,19.944,10.467,-9.7876,17.392,-12.536,-11.471,3.2842,-5.35,1.9786,9.2917,-10.865,10.725,19.808,-29.728,-1.9208,16.925,3.9211,-8.3147,-19.642,-38.315,-10.992,-17.392,-10.562,15.455,-13.309,2.1315,-10.062,8.7341,-1.0903,22.424,6.1593,7.8891,-8.3791,-2.0246,3.7761,0.72713,18.533,-2.7976,-3.1796,4.3807,-0.68017,-3.7207,11.19,-23.297,-1.5647,16.823,-1.7182,-21.661,0.10174,-2.9385,2.0735,0,-10.583,9.2572,16.654,9.999,26.669,-14.36,2.2248,18.783,20.797,3.5063,19.497,-8.7472,0.37167,10.206,-16.34,-4.9934,-5.2537,23.916,3.4876,-1.5161,-25.944,11.16,-4.0431,-6.1089,-5.8673,-13.2,3.7087,11.32,6.9743,5.7811,-15.081,13.778,-1.7835,12.829,2.0664,-17.292,-11.189,-14.533,-22.147,5.8285,22.077,-8.2395,-0.88168,21.663,-13.661,-7.6932,-1.9842,-43.506,-7.9935,-40.449,-15.342,46.332,-14.765,-8.5715,-10.583,0,-17.616,-1.3485,-4.0793,-9.7505,7.96,-10.851,-2.8327,-4.5839,-7.674,3.1364,22.924,-11.577,-11.022,7.4892,-7.439,8.8115,-2.2119,-18.442,-10.935,4.6512,0.95621,11.324,27.719,31.268,4.3634,-3.9225,-2.6117,12.237,-1.8784,5.8783,-26.979,2.2405,-14.535,1.8209,26.568,-8.3075,17.789,-1.8871,-27.534,-1.5604,11.045,-15.302,2.3169,-1.0917,-13.89,19.937,6.6057,-11.264,9.4933,16.557,-11.209,7.047,-5.3217,9.2572,-17.616,0,11.247,-8.8702,1.3084,2.9009,-4.2062,13.717,12.552,12.983,2.4354,-46.515,-0.94786,18.049,-13.038,0.13912,6.5578,7.1148,1.6095,1.6976,0.84168,7.9622,0.87133,-8.1102,-9.4974,6.3762,-10.605,18.007,-13.43,2.7058,-7.9565,28.524,-12.081,3.5605,-14.758,-10.267,10.666,-17.512,1.5922,9.4156,7.3017,-16.782,5.3864,-1.1804,7.6887,5.0359,-2.6526,-6.7633,0.85808,-6.5344,-2.1419,10.28,-13.255,-15.261,16.654,-1.3485,11.247,0,-3.8773,6.4972,-2.9356,-8.9816,42.901,46.01,0.0484,20.374,-7.8843,-6.1773,18.158,-27.28,-19.353,9.7594,17.509,-7.7497,-4.0126,-7.8034,35.844,12.156,2.8421,6.1551,-1.9526,-6.6938,22.743,3.8119,12.668,-21.615,10.671,-15.643,4.4105,-3.7043,-4.9195,-6.7239,-14.124,-15.363,-6.6436,17.859,-3.4675,-3.9061,15.048,-6.8395,-15.871,11.665,-16.701,-21.968,-16.314,1.6859,19.073,0.54472,19.944,9.999,-4.0793,-8.8702,-3.8773,0,23.651,-24.737,17.491,-3.838,-1.3592,-5.1081,4.1615,6.6188,9.4183,-5.4654,1.3975,3.7361,-30.344,4.1882,12.835,3.6549,-21.538,-5.1063,-15.342,-7.8426,-7.6084,-30.505,26.237,-10.072,12.054,-0.020788,-1.7134,-1.4616,13.959,13.212,19.282,-11.158,-14.838,-0.35121,-11.721,7.3379,3.0743,3.1578,1.9963,10.679,-20.214,-1.0805,-11.224,-9.9603,2.7188,-12,-23.954,8.5281,-1.2157,10.467,26.669,-9.7505,1.3084,6.4972,23.651,0,-26.537,10.799,7.0948,9.6541,-1.0135,12.073,-2.2331,6.3367,3.8003,-8.6047,-1.1121,-16.183,13.666,10.047,2.2889,-37.407,3.7311,-10.288,-9.5063,-8.7072,-26.49,14.07,0.93866,9.7716,4.3261,-10.244,7.7914,4.8779,17.912,10.64,-19.587,-14.561,-9.4575,-19.946,8.3245,12.187,-2.8196,1.8299,18.461,-21.24,-4.4335,-7.9026,-24.396,-2.6587,-29.494,-26.72,24.102,3.5701,-9.7876,-14.36,7.96,2.9009,-2.9356,-24.737,-26.537,0,-20.17,-1.4968,-6.1055,10.271,-4.5899,-1.4268,-15.927,-5.0599,8.596,3.8545,20.322,-3.7516,-16.057,-11.018,19.244,-3.3821,6.7548,13.503,7.4903,44.162,-26.353,6.2942,-6.3454,-10.804,12.714,-5.8253,-2.062,-29.364,-22.4,20.003,11.273,10.538,12.912,-5.7256,-2.5849,-6.1211,-8.8342,-10.534,26.695,1.9591,9.9552,11.876,0.42332,19.952,20.408,-15.518,5.9274,17.392,2.2248,-10.851,-4.2062,-8.9816,17.491,10.799,-20.17,0,-10.594,-5.2226,-8.8446,-8.976,1.0071,33.227,0.63168,0.31304,5.2215,-28.572,-8.0504,36.147,21.334,-5.6349,-7.0662,-12.126,-22.563,-14.976,-17.616,30.416,-17.867,-2.8869,5.0449,-2.958,3.9907,5.1028,20.916,19.259,-16.098,0.11072,-5.9768,1.1673,12.283,-9.3794,7.1529,19.126,-2.9109,-9.312,10.859,-23.78,0.5002,13.029,-5.204,-17.39,3.0447,-9.2281,-12.536,18.783,-2.8327,13.717,42.901,-3.838,7.0948,-1.4968,-10.594,0,37.465,4.3763,22.726,-10.108,-8.635,15.386,-22.008,-13.522,9.5741,22.664,-8.2946,-6.7791,-8.8367,25.173,8.5737,3.0699,4.1087,-0.62219,-8.7291,29.679,3.8728,7.9633,-16.513,11.577,-12.089,2.6633,-6.7725,-5.0033,-6.2409,-12.65,-15.248,-3.9637,23.31,-7.9661,-5.8461,15.779,-4.8129,-14.124,10.363,-19.504,-18.88,-16.257,0.2842,19.905,-11.021,-11.471,20.797,-4.5839,12.552,46.01,-1.3592,9.6541,-6.1055,-5.2226,37.465,0,-0.25122,18.899,-9.6572,-2.9164,21.036,-33.587,-17.232,6.1564,17.417,-3.8363,-1.3426,-9.9891,31.75,9.0807,-0.76637,2.7642,-4.6138,-3.7961,19.731,2.9103,14.157,-26.008,14.025,-14.933,8.1214,-1.8759,-8.9588,-6.5479,-18.407,-16.103,-3.4866,17.334,-3.7496,-1.1003,15.329,-8.5963,-12.89,7.5141,-19.374,-17.505,-20.997,-1.6697,24.67,15.497,3.2842,3.5063,-7.674,12.983,0.0484,-5.1081,-1.0135,10.271,-8.8446,4.3763,-0.25122,0,2.7083,-13.137,-11.336,-2.6481,4.149,13.887,3.8458,8.9924,-3.6813,-11.736,-0.087166,-5.5562,-9.0235,1.0266,-8.1604,10.778,-13.561,11.924,-3.9085,-17.689,8.9233,5.8076,5.1567,-9.05,-22.92,0.20903,6.0842,1.8116,2.8461,11.108,9.4653,-41.507,-6.9597,-0.68342,13.418,5.4859,-2.4945,-4.3517,4.8888,1.4424,-2.7069,1.1061,-12.027,-5.35,19.497,3.1364,2.4354,20.374,4.1615,12.073,-4.5899,-8.976,22.726,18.899,2.7083,0,-0.047107,-11.871,3.4927,-10.415,-10.309,3.5144,34.201,-10.067,-13.646,-18.077,14.215,3.4254,8.1796,7.1678,-6.11,-3.176,15.77,17.555,2.5402,-9.2568,1.7629,-1.0331,0.5282,-1.1494,-1.5495,-19.864,-3.1685,-31.058,-6.1076,34.366,-5.416,-14.558,36.001,-11.631,-24.277,11.323,-25.936,-22.745,-16.968,-2.8668,17.244,-10.349,1.9786,-8.7472,22.924,-46.515,-7.8843,6.6188,-2.2331,-1.4268,1.0071,-10.108,-9.6572,-13.137,-0.047107,0,-1.7781,-16.319,10.992,-2.8395,-3.302,-5.2134,-5.0177,-3.9368,-0.68007,-4.9525,2.1101,11.713,13.762,-5.0134,7.6841,-13.438,15.549,-1.8091,6.6464,-31.665,9.6317,-5.252,12.657,12.8,-12.266,17.766,-3.0952,-13.502,-5.2228,16.896,-8.0219,2.7985,-7.7861,-8.4516,6.4398,5.8296,-4.2865,6.2105,4.6581,-9.6444,4.2113,9.2917,0.37167,-11.577,-0.94786,-6.1773,9.4183,6.3367,-15.927,33.227,-8.635,-2.9164,-11.336,-11.871,-1.7781,0,5.9757,-3.3968,1.4132,-16.273,-11.526,31.246,38.089,-0.91541,-3.0028,-5.6149,-25.52,-12.829,-12.417,20.529,-14.682,-8.2013,10.318,-6.4833,7.0541,-1.6763,22.671,15.932,-15.996,4.4991,-10.235,4.1801,9.552,-12.856,9.2853,31.511,-6.438,-6.467,11.984,-18.923,3.2235,11.761,-3.8691,-10.753,2.3834,-4.5412,-10.865,10.206,-11.022,18.049,18.158,-5.4654,3.8003,-5.0599,0.63168,15.386,21.036,-2.6481,3.4927,-16.319,5.9757,0,-33.23,-12.945,5.1885,3.7193,3.4739,9.8051,-0.81228,20.614,9.4918,-9.3693,-2.865,-1.5787,-2.3037,11.003,-9.3172,20.727,-26.629,23.701,-27.033,12.729,-1.5702,-13.066,4.6132,-34.724,-3.0384,0.94104,3.6058,-0.88185,11.024,1.8042,-2.4795,-1.0949,0.61477,-6.7514,-5.5797,-11.789,-0.44986,14.243,9.6895,10.725,-16.34,7.4892,-13.038,-27.28,1.3975,-8.6047,8.596,0.31304,-22.008,-33.587,4.149,-10.415,10.992,-3.3968,-33.23,0,18.077,-4.0006,-9.2959,-1.1278,-5.6747,6.7608,-29.592,-9.7223,5.8742,-0.21257,5.8962,0.51127,-12.752,1.7802,-22.441,40.861,-18.017,20.516,-13.614,-1.1633,12.796,2.5931,28.258,10.624,1.8678,-9.04,0.050401,-5.7466,-9.1402,8.5409,7.5367,-3.5865,13.14,11.737,19.037,2.143,-21.518,31.802,19.808,-4.9934,-7.439,0.13912,-19.353,3.7361,-1.1121,3.8545,5.2215,-13.522,-17.232,13.887,-10.309,-2.8395,1.4132,-12.945,18.077,0,-9.2352,-4.3625,7.7583,-1.1586,2.1321,-29.879,-24.346,-5.5861,-15.594,3.6774,1.1749,-6.9237,-5.1367,-23.056,20.503,-1.3132,17.782,-4.4366,-4.8716,-0.70001,7.8366,8.1019,10.633,18.657,-4.5476,-10.853,1.2321,-9.093,10.274,18.625,-15.957,5.0627,24.027,7.9584,-8.0681,-7.6231,-7.1602,-29.728,-5.2537,8.8115,6.5578,9.7594,-30.344,-16.183,20.322,-28.572,9.5741,6.1564,3.8458,3.5144,-3.302,-16.273,5.1885,-4.0006,-9.2352,0,1.9745,-23.022,-9.3758,12.072,10.542,21.146,14.815,14.822,20.859,-29.096,15.314,-3.6053,1.3352,-1.025,-0.76492,-13.828,-14.584,-16.993,13.545,5.4164,1.1976,3.2669,-13.909,3.1208,-2.5702,-8.4484,-2.3199,11.373,-7.2886,21.933,3.9338,-11.261,6.9143,26.079,-4.3861,-4.6543,-1.9208,23.916,-2.2119,7.1148,17.509,4.1882,13.666,-3.7516,-8.0504,22.664,17.417,8.9924,34.201,-5.2134,-11.526,3.7193,-9.2959,-4.3625,1.9745,0,-6.9586,-13.768,-18.856,10.137,-1.3132,4.4292,1.1927,-4.5649,-4.5183,18.871,12.155,-1.0827,-6.944,5.7304,0.69179,0.74452,-4.8303,-4.5494,-13.611,-4.6093,-22.712,0.17239,68.654,-12.63,-12.526,26.31,-7.5443,-14.116,6.1105,-31.721,-13.753,-17.698,-6.4363,19.542,10.798,16.925,3.4876,-18.442,1.6095,-7.7497,12.835,10.047,-16.057,36.147,-8.2946,-3.8363,-3.6813,-10.067,-5.0177,31.246,3.4739,-1.1278,7.7583,-23.022,-6.9586,0,22.402,-4.2394,-6.9962,-13.927,-35.349,-23.438,-12.634,19.276,-12.189,-7.6643,3.8458,-3.1053,9.3315,3.1965,20.962,11.376,-21.018,4.4438,-9.3856,3.4335,19.2,-8.1503,1.9331,23.762,-4.9539,-4.9251,15.95,-33.652,-0.11067,16.851,-5.4745,-19.015,4.3422,2.989,3.9211,-1.5161,-10.935,1.6976,-4.0126,3.6549,2.2889,-11.018,21.334,-6.7791,-1.3426,-11.736,-13.646,-3.9368,38.089,9.8051,-5.6747,-1.1586,-9.3758,-13.768,22.402,0,3.1898,-0.17071,-0.98315,-22.668,-10.199,-7.5394,13.418,-11.177,-12.759,13.552,-8.2768,8.8271,-6.8331,19.276,11.553,-13.562,8.3062,-12.582,6.8378,6.9581,-14.9,9.8273,43.338,-9.3967,-3.2818,12.143,-14.115,5.5726,10.145,-2.0116,-5.6742,1.2124,3.8508,-8.3147,-25.944,4.6512,0.84168,-7.8034,-21.538,-37.407,19.244,-5.6349,-8.8367,-9.9891,-0.087166,-18.077,-0.68007,-0.91541,-0.81228,6.7608,2.1321,12.072,-18.856,-4.2394,3.1898,0,-4.3289,8.5247,3.3793,3.9823,21.819,-10.392,-2.9395,-16.181,-1.8937,7.9924,-3.7241,-6.7178,-11.05,-8.6888,12.078,21.474,5.1285,27.902,-4.3123,-17.196,3.4552,3.9962,-27.125,21.792,9.2687,3.0496,28.954,6.5661,25.948,19.39,-21.605,-18.339,-19.642,11.16,0.95621,7.9622,35.844,-5.1063,3.7311,-3.3821,-7.0662,25.173,31.75,-5.5562,14.215,-4.9525,-3.0028,20.614,-29.592,-29.879,10.542,10.137,-6.9962,-0.17071,-4.3289,0,18.405,2.6536,8.9748,-2.2268,-4.746,15.348,2.3597,19.846,-26.496,8.5974,-21.658,5.6065,-0.49384,-3.6312,-5.4909,-14.449,-12.114,-10.478,10.369,2.3267,-0.95472,11.029,-7.6433,-15.655,12.992,-10.608,-22.527,-12.864,4.7047,14.254,-19.37,-38.315,-4.0431,11.324,0.87133,12.156,-15.342,-10.288,6.7548,-12.126,8.5737,9.0807,-9.0235,3.4254,2.1101,-5.6149,9.4918,-9.7223,-24.346,21.146,-1.3132,-13.927,-0.98315,8.5247,18.405,0,10.395,20.62,7.0973,-9.5245,7.4321,-0.88426,13.431,-9.4368,-1.589,-21.139,-4.1395,-2.581,8.7844,0.51357,-2.8225,-0.69714,-23.734,-0.58583,9.0798,-2.5083,0.11872,0.79571,-11.737,21.981,3.6618,-16.497,2.349,22.04,-1.6077,-11.073,-10.992,-6.1089,27.719,-8.1102,2.8421,-7.8426,-9.5063,13.503,-22.563,3.0699,-0.76637,1.0266,8.1796,11.713,-25.52,-9.3693,5.8742,-5.5861,14.815,4.4292,-35.349,-22.668,3.3793,2.6536,10.395,0,26.429,9.2684,-12.188,5.6281,11.834,-6.0557,6.6868,-17.171,1.7588,-22.551,-6.3622,27.646,-7.3524,16.103,-3.4543,-20.946,5.3875,1.408,-27.61,4.8879,2.7423,-15.904,26.831,2.0458,-14.119,7.6018,16.84,-7.5617,-22.981,-17.392,-5.8673,31.268,-9.4974,6.1551,-7.6084,-8.7072,7.4903,-14.976,4.1087,2.7642,-8.1604,7.1678,13.762,-12.829,-2.865,-0.21257,-15.594,14.822,1.1927,-23.438,-10.199,3.9823,8.9748,20.62,26.429,0,4.8804,-7.1612,3.4032,10.349,3.6589,-0.91299,-14.306,-4.8705,-11.26,-0.14734,19.484,-8.1356,8.662,-4.6962,-50.456,1.9398,9.9483,-13.976,4.9016,-2.0797,-20.184,33.643,2.9212,-19.862,4.8078,20.048,-5.4118,5.0581,-10.562,-13.2,4.3634,6.3762,-1.9526,-30.505,-26.49,44.162,-17.616,-0.62219,-4.6138,10.778,-6.11,-5.0134,-12.417,-1.5787,5.8962,3.6774,20.859,-4.5649,-12.634,-7.5394,21.819,-2.2268,7.0973,9.2684,4.8804,0,-27.64,7.3107,-10.562,-8.3943,9.9372,-1.9928,-4.8746,-21.319,-25.119,14.73,15.666,6.3878,15.255,-3.6051,-3.4223,-7.0578,-5.0925,-12.866,32.677,4.2732,7.7982,12.011,1.8,18.081,18.984,-13.467,-0.53914,15.455,3.7087,-3.9225,-10.605,-6.6938,26.237,14.07,-26.353,30.416,-8.7291,-3.7961,-13.561,-3.176,7.6841,20.529,-2.3037,0.51127,1.1749,-29.096,-4.5183,19.276,13.418,-10.392,-4.746,-9.5245,-12.188,-7.1612,-27.64,0,-18.497,5.0622,5.8218,-3.7593,-1.2372,7.4586,18.328,33.41,-11.425,-7.8411,-2.5239,-4.8677,5.4876,-5.7024,11.37,10.181,3.0724,-17.802,2.7592,-13.427,-2.2757,5.6833,-7.3877,-15.934,4.1266,-3.5005,-13.309,11.32,-2.6117,18.007,22.743,-10.072,0.93866,6.2942,-17.867,29.679,19.731,11.924,15.77,-13.438,-14.682,11.003,-12.752,-6.9237,15.314,18.871,-12.189,-11.177,-2.9395,15.348,7.4321,5.6281,3.4032,7.3107,-18.497,0,0.06995,1.2502,-7.6545,10.319,-10.293,-4.0439,-17.011,-0.57803,-0.58339,-7.7663,-7.4255,-2.3984,20.21,-14.733,-8.468,8.7796,3.4244,-8.9776,10.926,-12.347,-12.919,-7.6778,3.841,11.096,-12.385,2.1315,6.9743,12.237,-13.43,3.8119,12.054,9.7716,-6.3454,-2.8869,3.8728,2.9103,-3.9085,17.555,15.549,-8.2013,-9.3172,1.7802,-5.1367,-3.6053,12.155,-7.6643,-12.759,-16.181,2.3597,-0.88426,11.834,10.349,-10.562,5.0622,0.06995,0,-2.1088,-0.067966,-11.981,9.9291,-1.9683,7.9549,4.4729,-39.803,8.3846,-21.358,-8.9903,11.901,3.4114,-17.204,22.483,-16.123,-20.719,8.4821,-10.959,-13.556,-7.2403,-3.0605,4.9334,-14.406,-10.062,5.7811,-1.8784,2.7058,12.668,-0.020788,4.3261,-10.804,5.0449,7.9633,14.157,-17.689,2.5402,-1.8091,10.318,20.727,-22.441,-23.056,1.3352,-1.0827,3.8458,13.552,-1.8937,19.846,13.431,-6.0557,3.6589,-8.3943,5.8218,1.2502,-2.1088,0,-29.794,8.222,-19.888,15.782,9.9276,-8.5981,-2.1357,-17.717,-5.7533,-6.545,-1.4026,12.541,10.876,3.4974,-11.198,-5.9033,2.9729,-3.3767,-8.8292,-10.277,1.1032,9.639,12.212,8.7341,-15.081,5.8783,-7.9565,-21.615,-1.7134,-10.244,12.714,-2.958,-16.513,-26.008,8.9233,-9.2568,6.6464,-6.4833,-26.629,40.861,20.503,-1.025,-6.944,-3.1053,-8.2768,7.9924,-26.496,-9.4368,6.6868,-0.91299,9.9372,-3.7593,-7.6545,-0.067966,-29.794,0,-14.085,17.835,-17.48,-6.102,13.413,4.843,25.303,11.818,2.992,-6.5122,-4.2522,-7.2618,-9.6744,12.977,8.1953,-2.6679,11.992,11.545,19.901,3.1914,-20.258,5.7943,-1.0903,13.778,-26.979,28.524,10.671,-1.4616,7.7914,-5.8253,3.9907,11.577,14.025,5.8076,1.7629,-31.665,7.0541,23.701,-18.017,-1.3132,-0.76492,5.7304,9.3315,8.8271,-3.7241,8.5974,-1.589,-17.171,-14.306,-1.9928,-1.2372,10.319,-11.981,8.222,-14.085,0,-11.565,13.597,-4.547,-21.924,7.2655,-31.347,-1.2201,12.687,5.3529,-9.9224,12.33,0.66114,0.45227,5.9558,-8.047,-9.3553,2.2763,-12.842,-8.606,16.22,8.727,22.424,-1.7835,2.2405,-12.081,-15.643,13.959,4.8779,-2.062,5.1028,-12.089,-14.933,5.1567,-1.0331,9.6317,-1.6763,-27.033,20.516,17.782,-13.828,0.69179,3.1965,-6.8331,-6.7178,-21.658,-21.139,1.7588,-4.8705,-4.8746,7.4586,-10.293,9.9291,-19.888,17.835,-11.565,0,-4.3758,3.9436,2.7673,-6.8176,16.192,-1.0406,6.8573,0.32265,-3.2505,-7.1203,2.0863,-1.7808,3.2359,-7.6733,-0.24641,8.401,3.2502,-9.5641,-5.0648,-0.93433,6.1593,12.829,-14.535,3.5605,4.4105,13.212,17.912,-29.364,20.916,2.6633,8.1214,-9.05,0.5282,-5.252,22.671,12.729,-13.614,-4.4366,-14.584,0.74452,20.962,19.276,-11.05,5.6065,-4.1395,-22.551,-11.26,-21.319,18.328,-4.0439,-1.9683,15.782,-17.48,13.597,-4.3758,0,15.1,-29.829,-2.928,-20.112,-6.7066,8.4313,-0.30133,4.7052,17.821,4.5453,-15.253,2.6994,-12.468,-8.6654,2.1689,-17.88,-16.678,15.747,-7.4219,7.8891,2.0664,1.8209,-14.758,-3.7043,19.282,10.64,-22.4,19.259,-6.7725,-1.8759,-22.92,-1.1494,12.657,15.932,-1.5702,-1.1633,-4.8716,-16.993,-4.8303,11.376,11.553,-8.6888,-0.49384,-2.581,-6.3622,-0.14734,-25.119,33.41,-17.011,7.9549,9.9276,-6.102,-4.547,3.9436,15.1,0,-6.5956,-10.95,-1.39,-6.7782,-1.6501,-5.8109,19.41,7.2847,4.6613,-22.065,-2.5164,-5.7711,-1.2512,0.056291,-6.532,-8.6023,3.0453,-5.2015,-8.3791,-17.292,26.568,-10.267,-4.9195,-11.158,-19.587,20.003,-16.098,-5.0033,-8.9588,0.20903,-1.5495,12.8,-15.996,-13.066,12.796,-0.70001,13.545,-4.5494,-21.018,-13.562,12.078,-3.6312,8.7844,27.646,19.484,14.73,-11.425,-0.57803,4.4729,-8.5981,13.413,-21.924,2.7673,-29.829,-6.5956,0,0.058288,22.733,5.6411,-16.539,-3.5388,3.8117,-15.34,-4.3364,9.0273,-5.8683,16.337,12.047,-4.8571,19.324,22.519,-19.328,14.182,-2.0246,-11.189,-8.3075,10.666,-6.7239,-14.838,-14.561,11.273,0.11072,-6.2409,-6.5479,6.0842,-19.864,-12.266,4.4991,4.6132,2.5931,7.8366,5.4164,-13.611,4.4438,8.3062,21.474,-5.4909,0.51357,-7.3524,-8.1356,15.666,-7.8411,-0.58339,-39.803,-2.1357,4.843,7.2655,-6.8176,-2.928,-10.95,0.058288,0,-3.2,29.263,7.5793,-13.019,-4.3414,11.819,-28.728,23.568,21.395,-6.6565,14.888,14.769,12.487,5.7786,-9.5531,1.0127,3.7761,-14.533,17.789,-17.512,-14.124,-0.35121,-9.4575,10.538,-5.9768,-12.65,-18.407,1.8116,-3.1685,17.766,-10.235,-34.724,28.258,8.1019,1.1976,-4.6093,-9.3856,-12.582,5.1285,-14.449,-2.8225,16.103,8.662,6.3878,-2.5239,-7.7663,8.3846,-17.717,25.303,-31.347,16.192,-20.112,-1.39,22.733,-3.2,0,4.4794,-6.4645,-4.1145,2.3126,-14.318,-3.0859,5.2694,-1.5556,5.1543,9.7869,1.9041,16.623,7.2266,-19.04,13.195,0.72713,-22.147,-1.8871,1.5922,-15.363,-11.721,-19.946,12.912,1.1673,-15.248,-16.103,2.8461,-31.058,-3.0952,4.1801,-3.0384,10.624,10.633,3.2669,-22.712,3.4335,6.8378,27.902,-12.114,-0.69714,-3.4543,-4.6962,15.255,-4.8677,-7.4255,-21.358,-5.7533,11.818,-1.2201,-1.0406,-6.7066,-6.7782,5.6411,29.263,4.4794,0,4.4709,-21.527,0.35864,8.7055,-54.167,22.724,21.246,-6.0818,27.545,17.845,23.278,7.8823,-20.265,26.376,18.533,5.8285,-27.534,9.4156,-6.6436,7.3379,8.3245,-5.7256,12.283,-3.9637,-3.4866,11.108,-6.1076,-13.502,9.552,0.94104,1.8678,18.657,-13.909,0.17239,19.2,6.9581,-4.3123,-10.478,-23.734,-20.946,-50.456,-3.6051,5.4876,-2.3984,-8.9903,-6.545,2.992,12.687,6.8573,8.4313,-1.6501,-16.539,7.5793,-6.4645,4.4709,0,-0.49131,-12.723,10.478,-4.2784,3.2197,19.281,-29.459,-3.398,19.708,-4.0603,-19.741,4.8085,-4.8517,-2.7976,22.077,-1.5604,7.3017,17.859,3.0743,12.187,-2.5849,-9.3794,23.31,17.334,9.4653,34.366,-5.2228,-12.856,3.6058,-9.04,-4.5476,3.1208,68.654,-8.1503,-14.9,-17.196,10.369,-0.58583,5.3875,1.9398,-3.4223,-5.7024,20.21,11.901,-1.4026,-6.5122,5.3529,0.32265,-0.30133,-5.8109,-3.5388,-13.019,-4.1145,-21.527,-0.49131,0,-12.947,-13.486,25.056,-6.5993,-14.538,7.1019,-28.938,-14.363,-16.277,-5.2572,18.195,-13.598,-3.1796,-8.2395,11.045,-16.782,-3.4675,3.1578,-2.8196,-6.1211,7.1529,-7.9661,-3.7496,-41.507,-5.416,16.896,9.2853,-0.88185,0.050401,-10.853,-2.5702,-12.63,1.9331,9.8273,3.4552,2.3267,9.0798,1.408,9.9483,-7.0578,11.37,-14.733,3.4114,12.541,-4.2522,-9.9224,-3.2505,4.7052,19.41,3.8117,-4.3414,2.3126,0.35864,-12.723,-12.947,0,5.3453,-2.2402,-9.2409,-4.1657,3.3165,8.6608,-3.226,3.1663,5.5897,-5.8852,6.5007,4.3807,-0.88168,-15.302,5.3864,-3.9061,1.9963,1.8299,-8.8342,19.126,-5.8461,-1.1003,-6.9597,-14.558,-8.0219,31.511,11.024,-5.7466,1.2321,-8.4484,-12.526,23.762,43.338,3.9962,-0.95472,-2.5083,-27.61,-13.976,-5.0925,10.181,-8.468,-17.204,10.876,-7.2618,12.33,-7.1203,17.821,7.2847,-15.34,11.819,-14.318,8.7055,10.478,-13.486,5.3453,0,-11.088,-0.31187,15.955,-16.672,5.177,12.717,-1.7808,-6.4231,1.6527,-11.888,-0.68017,21.663,2.3169,-1.1804,15.048,10.679,18.461,-10.534,-2.9109,15.779,15.329,-0.68342,36.001,2.7985,-6.438,1.8042,-9.1402,-9.093,-2.3199,26.31,-4.9539,-9.3967,-27.125,11.029,0.11872,4.8879,4.9016,-12.866,3.0724,8.7796,22.483,3.4974,-9.6744,0.66114,2.0863,4.5453,4.6613,-4.3364,-28.728,-3.0859,-54.167,-4.2784,25.056,-2.2402,-11.088,0,-19.104,-21.627,6.8085,-28.463,-17.913,-21.04,-7.3593,18.96,12.939,-3.7207,-13.661,-1.0917,7.6887,-6.8395,-20.214,-21.24,26.695,-9.312,-4.8129,-8.5963,13.418,-11.631,-7.7861,-6.467,-2.4795,8.5409,10.274,11.373,-7.5443,-4.9251,-3.2818,21.792,-7.6433,0.79571,2.7423,-2.0797,32.677,-17.802,3.4244,-16.123,-11.198,12.977,0.45227,-1.7808,-15.253,-22.065,9.0273,23.568,5.2694,22.724,3.2197,-6.5993,-9.2409,-0.31187,-19.104,0,12.139,0.19087,13.873,9.3376,19.029,10.856,-14.247,26.949,11.19,-7.6932,-13.89,5.0359,-15.871,-1.0805,-4.4335,1.9591,10.859,-14.124,-12.89,5.4859,-24.277,-8.4516,11.984,-1.0949,7.5367,18.625,-7.2886,-14.116,15.95,12.143,9.2687,-15.655,-11.737,-15.904,-20.184,4.2732,2.7592,-8.9776,-20.719,-5.9033,8.1953,5.9558,3.2359,2.6994,-2.5164,-5.8683,21.395,-1.5556,21.246,19.281,-14.538,-4.1657,15.955,-21.627,12.139,0,-22.003,11.066,39.888,8.3151,-5.1609,-7.4648,-19.543,-23.297,-1.9842,19.937,-2.6526,11.665,-11.224,-7.9026,9.9552,-23.78,10.363,7.5141,-2.4945,11.323,6.4398,-18.923,0.61477,-3.5865,-15.957,21.933,6.1105,-33.652,-14.115,3.0496,12.992,21.981,26.831,33.643,7.7982,-13.427,10.926,8.4821,2.9729,-2.6679,-8.047,-7.6733,-12.468,-5.7711,16.337,-6.6565,5.1543,-6.0818,-29.459,7.1019,3.3165,-16.672,6.8085,0.19087,-22.003,0,-0.78478,-25.016,2.2924,19.733,-1.7371,4.4242,-1.5647,-43.506,6.6057,-6.7633,-16.701,-9.9603,-24.396,11.876,0.5002,-19.504,-19.374,-4.3517,-25.936,5.8296,3.2235,-6.7514,13.14,5.0627,3.9338,-31.721,-0.11067,5.5726,28.954,-10.608,3.6618,2.0458,2.9212,12.011,-2.2757,-12.347,-10.959,-3.3767,11.992,-9.3553,-0.24641,-8.6654,-1.2512,12.047,14.888,9.7869,27.545,-3.398,-28.938,8.6608,5.177,-28.463,13.873,11.066,-0.78478,0,10.583,31.585,13.075,-32.647,27.802,16.823,-7.9935,-11.264,0.85808,-21.968,2.7188,-2.6587,0.42332,13.029,-18.88,-17.505,4.8888,-22.745,-4.2865,11.761,-5.5797,11.737,24.027,-11.261,-13.753,16.851,10.145,6.5661,-22.527,-16.497,-14.119,-19.862,1.8,5.6833,-12.919,-13.556,-8.8292,11.545,2.2763,8.401,2.1689,0.056291,-4.8571,14.769,1.9041,17.845,19.708,-14.363,-3.226,12.717,-17.913,9.3376,39.888,-25.016,10.583,0,8.5662,-7.3545,-8.5566,5.6841,-1.7182,-40.449,9.4933,-6.5344,-16.314,-12,-29.494,19.952,-5.204,-16.257,-20.997,1.4424,-16.968,6.2105,-3.8691,-11.789,19.037,7.9584,6.9143,-17.698,-5.4745,-2.0116,25.948,-12.864,2.349,7.6018,4.8078,18.081,-7.3877,-7.6778,-7.2403,-10.277,19.901,-12.842,3.2502,-17.88,-6.532,19.324,12.487,16.623,23.278,-4.0603,-16.277,3.1663,-1.7808,-21.04,19.029,8.3151,2.2924,31.585,8.5662,0,15.276,-47.207,-8.3829,-21.661,-15.342,16.557,-2.1419,1.6859,-23.954,-26.72,20.408,-17.39,0.2842,-1.6697,-2.7069,-2.8668,4.6581,-10.753,-0.44986,2.143,-8.0681,26.079,-6.4363,-19.015,-5.6742,19.39,4.7047,22.04,16.84,20.048,18.984,-15.934,3.841,-3.0605,1.1032,3.1914,-8.606,-9.5641,-16.678,-8.6023,22.519,5.7786,7.2266,7.8823,-19.741,-5.2572,5.5897,-6.4231,-7.3593,10.856,-5.1609,19.733,13.075,-7.3545,15.276,0,-13.567,-4.3998,0.10174,46.332,-11.209,10.28,19.073,8.5281,24.102,-15.518,3.0447,19.905,24.67,1.1061,17.244,-9.6444,2.3834,14.243,-21.518,-7.6231,-4.3861,19.542,4.3422,1.2124,-21.605,14.254,-1.6077,-7.5617,-5.4118,-13.467,4.1266,11.096,4.9334,9.639,-20.258,16.22,-5.0648,15.747,3.0453,-19.328,-9.5531,-19.04,-20.265,4.8085,18.195,-5.8852,1.6527,18.96,-14.247,-7.4648,-1.7371,-32.647,-8.5566,-47.207,-13.567,0
