0,5.2782,-6.5818,6.8338,-8.5017,-7.7984,-4.6268,5.149,5.1208,-6.6558,3.66,-0.89826,7.0797,4.7955,4.5551,-0.23757,0.22378,1.1383,1.8492,-3.3048,3.9356,5.2782,0,-2.5052,10.786,-5.0003,-10.276,-5.4189,5.2243,-2.1352,-4.4947,2.9484,-2.4653,2.7609,3.4302,-0.68876,-1.5251,-1.3074,0.82868,1.6186,-6.2441,4.1319,-6.5818,-2.5052,0,-5.4181,2.3475,7.091,3.5364,-10.456,-3.1126,10.401,0.87525,5.7954,-3.7154,-5.0264,-3.2261,-2.4419,3.2465,1.8482,-6.5477,3.2712,-1.674,6.8338,10.786,-5.4181,0,-4.4204,-13.11,-4.1562,4.5156,-0.030571,-7.9229,4.4986,-3.0189,3.6896,5.8598,1.6789,1.2099,-1.1952,0.65437,1.387,-6.046,5.2725,-8.5017,-5.0003,2.3475,-4.4204,0,5.2237,7.359,-2.9212,-6.813,2.423,-4.1801,-2.0638,-10.669,0.2781,-4.3939,1.1865,-4.369,-5.0202,0.85676,3.0306,-1.127,-7.7984,-10.276,7.091,-13.11,5.2237,0,5.3869,-4.6984,-1.8748,9.3425,-4.0284,1.9045,-4.246,-6.7175,-0.16442,-3.6917,-0.55394,0.60596,-0.0083945,4.7212,-5.966,-4.6268,-5.4189,3.5364,-4.1562,7.359,5.3869,0,-4.0321,-2.9228,2.0716,-4.2404,-1.9344,-6.2255,0.57643,-2.451,1.9594,-2.8344,-2.2032,-0.80985,4.4253,-3.1127,5.149,5.2243,-10.456,4.5156,-2.9212,-4.6984,-4.0321,0,0.63807,-5.8055,-2.2297,-7.5054,3.283,1.4662,4.1174,-2.006,-5.4684,-0.21164,12.429,-4.8791,-0.098566,5.1208,-2.1352,-3.1126,-0.030571,-6.813,-1.8748,-2.9228,0.63807,0,-1.5792,2.4506,3.1054,10.051,-2.2655,5.8376,4.4774,6.1552,4.0199,-2.1693,1.5216,3.0105,-6.6558,-4.4947,10.401,-7.9229,2.423,9.3425,2.0716,-5.8055,-1.5792,0,-1.2719,5.0434,-2.432,-7.3793,-2.1409,-2.5982,3.4861,1.4529,-2.5099,3.1506,-3.0086,3.66,2.9484,0.87525,4.4986,-4.1801,-4.0284,-4.2404,-2.2297,2.4506,-1.2719,0,5.6101,1.896,1.7237,1.1926,1.5926,5.8888,4.0608,-3.8937,-0.66462,4.1919,-0.89826,-2.4653,5.7954,-3.0189,-2.0638,1.9045,-1.9344,-7.5054,3.1054,5.0434,5.6101,0,0.29441,-2.9001,-1.6262,1.1577,11.665,2.8003,-8.7735,5.0864,1.1975,7.0797,2.7609,-3.7154,3.6896,-10.669,-4.246,-6.2255,3.283,10.051,-2.432,1.896,0.29441,0,-3.005,6.24,0.68053,3.3122,4.7431,-0.25256,-2.1697,4.341,4.7955,3.4302,-5.0264,5.8598,0.2781,-6.7175,0.57643,1.4662,-2.2655,-7.3793,1.7237,-2.9001,-3.005,0,-1.9525,2.726,-2.7533,-3.583,0.54537,-1.8723,0.35505,4.5551,-0.68876,-3.2261,1.6789,-4.3939,-0.16442,-2.451,4.1174,5.8376,-2.1409,1.1926,-1.6262,6.24,-1.9525,0,-0.30259,-1.1045,7.1941,3.8903,-1.4708,-0.12942,-0.23757,-1.5251,-2.4419,1.2099,1.1865,-3.6917,1.9594,-2.006,4.4774,-2.5982,1.5926,1.1577,0.68053,2.726,-0.30259,0,3.4454,-0.036598,-3.746,3.5621,2.2363,0.22378,-1.3074,3.2465,-1.1952,-4.369,-0.55394,-2.8344,-5.4684,6.1552,3.4861,5.8888,11.665,3.3122,-2.7533,-1.1045,3.4454,0,3.4794,-8.3571,3.8647,2.7114,1.1383,0.82868,1.8482,0.65437,-5.0202,0.60596,-2.2032,-0.21164,4.0199,1.4529,4.0608,2.8003,4.7431,-3.583,7.1941,-0.036598,3.4794,0,-0.56895,1.4363,0.098721,1.8492,1.6186,-6.5477,1.387,0.85676,-0.0083945,-0.80985,12.429,-2.1693,-2.5099,-3.8937,-8.7735,-0.25256,0.54537,3.8903,-3.746,-8.3571,-0.56895,0,-3.172,-2.7365,-3.3048,-6.2441,3.2712,-6.046,3.0306,4.7212,4.4253,-4.8791,1.5216,3.1506,-0.66462,5.0864,-2.1697,-1.8723,-1.4708,3.5621,3.8647,1.4363,-3.172,0,-1.2344,3.9356,4.1319,-1.674,5.2725,-1.127,-5.966,-3.1127,-0.098566,3.0105,-3.0086,4.1919,1.1975,4.341,0.35505,-0.12942,2.2363,2.7114,0.098721,-2.7365,-1.2344,0
